最大加速度リスト

地震発生時刻   2011/04/26-21:12:00.00
震央北緯       36.1°
震央東経       140.0°
震源深さ       46.0km
マグニチュード M5.0

  コード  観測点名      緯度    経度     最大加速度 (ガル) 三成分合成値 計測震度
　　　　　 　　         北緯    東経      N-S   E-W   U-D        (ガル)         
  IBR005  笠間          36.385  140.237   188    76    58           188     3.7
  IBRH15  御前山        36.557  140.301    59   119    23           127     3.2
  TCG009  今市          36.726  139.715   105    88    26           123     4.1
  TCG014  茂木          36.545  140.174    99    95    49           121     4.0
  IBR004  大宮          36.552  140.410    86    91    22           112     3.4
  TCG008  鹿沼          36.560  139.768    98    54    44           102     3.9
  IBR015  岩井          36.069  139.908    94    43    54            96     3.4
  TCG013  真岡          36.437  140.023    82    92    31            93     3.9
  CHB001  野田          35.959  139.873    62    74    37            87     3.4
  TCGH15  宇都宮        36.559  139.864    68    80    39            81     3.5
  IBR013  鉾田          36.159  140.489    55    70    58            79     3.4
  IBR008  下館          36.306  139.983    62    48    17            78     3.0
  IBR014  土浦          36.073  140.195    70    68    41            77     2.9
  IBRH11  岩瀬          36.370  140.140    69    53    41            72     3.3
  TCGH11  今市          36.708  139.769    42    61    26            71     3.2
  IBRH18  ひたちなか    36.363  140.620    65    42    35            71     3.2
  GNM010  館林          36.234  139.533    60    67    25            68     3.1
  TCGH14  粟野          36.551  139.615    44    60    20            63     2.8
  GNM009  桐生          36.411  139.325    49    54    19            62     2.8
  IBRH16  山方          36.641  140.398    60    50    12            60     3.1
  IBR003  日立          36.592  140.645    56    44    20            59     2.6
  TCGH12  氏家          36.696  139.984    57    27    24            58     2.8
  IBR011  つくば        36.125  140.090    46    55    38            56     3.0
  IBR016  取手          35.911  140.049    51    45    42            52     2.8
  FKSH12  平田          37.217  140.570    43    41    18            52     3.2
  TCG005  矢板          36.806  139.926    42    36    12            52     3.1
  TCG007  宇都宮        36.569  139.886    28    50    15            52     3.1
  GNM001  片品          36.772  139.225    40    41    17            51     2.4
  TCG012  小山          36.286  139.805    33    31    50            50     3.1
  IBRH17  霞ヶ浦        36.086  140.314    37    29    29            48     2.7
  IBR006  水戸          36.369  140.453    36    43    23            47     2.6
  TCG016  北高岡        36.529  140.156    35    29    18            46     2.9
  TCG003  藤原          36.814  139.715    28    40    15            46     2.8
  IBRH12  大子          36.837  140.318    21    44    22            46     2.8
  TCGH13  馬頭          36.734  140.178    40    38    24            45     3.0
  IBR012  石岡          36.190  140.287    36    38    27            44     2.8
  IBR017  江戸崎        35.954  140.319    42    27    29            43     2.4
  IBRH10  石下          36.111  139.989    27    38    30            42     3.1
  TCGH16  芳賀          36.548  140.075    38    31    13            40     3.1
  TCG010  足尾          36.635  139.438    36    31    32            39     2.6
  TCGH09  矢板          36.862  139.836    30    38    20            39     2.7
  TCG011  葛生          36.387  139.614    31    37    23            39     2.6
  FKSH10  西郷          37.162  140.093    29    37    22            38     2.8
  SITH06  川本          36.113  139.289    30    31     9            37     2.6
  IBR019  北茨城        36.881  140.654    25    36    13            37     2.5
  IBRH13  高萩          36.795  140.575    26    34    15            36     2.8
  TCG015  芹沼          36.749  139.714    24    34    15            34     2.8
  CHB002  松戸          35.787  139.903    26    29    12            33     2.3
  GNM011  太田          36.291  139.361    25    32     9            32     2.7
  SIT008  春日部        35.974  139.753    26    19    11            31     2.7
  IBR001  大子          36.776  140.357    28    27     9            31     2.8
  IBR010  下妻          36.184  139.965    30    27    18            31     2.9
  SIT004  長瀞          36.118  139.105    24    25     7            30     2.1
  SIT003  久喜          36.072  139.697    14    13    29            29     2.4
  GNM003  沼田          36.658  139.078    25    16    11            29     2.2
  CHB003  白井          35.794  140.056    21    18    26            28     2.6
  CHB007  佐倉          35.723  140.227    21    22    13            27     2.4
  TCGH10  大田原        36.858  140.023    22    22    13            26     2.5
  IBRH19  つくば        36.214  140.089    16    18    14            26     2.0
  TCG006  小川          36.764  140.130    24    15     9            26     2.4
  TCG004  湯元          36.806  139.420    18    23    15            25     2.5
  IBR007  那珂湊        36.352  140.595    21    20    12            25     2.3
  TCGH06  真岡          36.446  139.951    19    22     7            25     2.5
  FKS016  白河          37.123  140.191    22    22    12            24     2.6
  SIT009  川越          35.903  139.483    24    18    10            24     2.3
  CHBH13  成田          35.831  140.298    11    14    23            24     2.0
  SIT011  川口          35.810  139.721    17    19     5            24     2.5
  TKY025  篠崎          35.714  139.897    17    17     6            24     2.2
  GNMH14  みどり        36.493  139.322    21    18     7            23     1.7
  IBR009  古河          36.185  139.704    21    21    10            23     2.4
  FKSH11  矢吹          37.201  140.339    17    23     8            23     2.7
  FKS017  須賀川        37.284  140.369    19    21     6            23     2.9
  CHB028  市川北        35.766  139.966    13    17    22            22     2.3
  GNM002  水上          36.782  138.970    17    20     4            22     2.1
  FKS008  船引          37.436  140.567    18    20     4            21     2.5
  FKSH08  長沼          37.282  140.214    17    13     6            21     2.1
  GNMH07  利根          36.700  139.210    17    18     6            21     1.7
  SIT002  熊谷          36.148  139.388    18    10     5            20     2.4
  GNMH12  神流          36.144  138.913    18    20     8            20     2.4
  FKSH18  三春          37.489  140.538    19    12     7            20     2.4
  SITH05  神泉          36.151  139.050    19    19     5            20     1.9
  TKY007  新宿          35.711  139.686    17    17     7            19     2.2
  SITH11  飯能          35.864  139.273    14    18     8            19     2.3
  SIT007  東松山        36.054  139.391    13    17     6            18     1.9
  SITH10  都幾川        35.996  139.219    17    12     7            18     1.9
  CHB006  成田          35.780  140.307    16    15    10            18     1.9
  FKS009  小野          37.278  140.635    17    10     3            17     1.7
  CHBH04  下総          35.797  140.021    10    15    14            17     2.1
  FKS013  古殿          37.090  140.556    15    16     7            17     2.4
  TCG001  黒磯          36.942  140.083    13    14     6            16     2.1
  CHB004  佐原          35.901  140.490    12    13     8            16     1.7
  FKS029  桧枝岐        37.016  139.380    15    12     4            16     1.5
  IBRH07  江戸崎        35.952  140.330     8     4    16            16     2.0
  FKSH19  都路          37.470  140.723    13    14     6            16     2.0
  GNMH13  水上2         36.862  139.063    16    11     4            16     2.2
  TKY027  瑞江          35.693  139.891    15    13    14            16     2.2
  TKY026  宇喜田        35.670  139.863    11    14     8            16     2.1
  SIT006  秩父          35.995  139.071    10    15     3            15     1.7
  FKS006  葛尾          37.503  140.759    15    15     5            15     2.2
  FKS027  滝原          37.070  139.681    11    11     2            15     1.2
  SITH01  岩槻          35.929  139.735    10    15     8            15     2.1
  GNM006  吾妻          36.510  138.752    14     8     6            15     1.8
  IBR018  鹿嶋          35.977  140.632    10    14    10            14     1.7
  KNGH10  横浜          35.499  139.519     8    12     7            14     2.3
  IBRH14  十王          36.692  140.548    13    10     6            14     1.4
  FKSH09  郡山          37.353  140.426    11    13     3            14     1.6
  CHB008  浦安          35.654  139.902    11    11     7            13     2.1
  TKY013  砂町          35.660  139.834    13    10    13            13     2.3
  IBR002  高萩          36.706  140.707    10    12     5            13     2.1
  TKY021  猿江          35.688  139.819    12    10     7            13     2.2
  GNM016  万場          36.116  138.925    11     7     2            12     1.8
  TCGH07  栗山西        36.882  139.453     7    11     4            12     1.6
  TKY022  横網          35.687  139.796    10     9     4            12     2.0
  FKS024  中野          37.396  140.132    11    11     5            11     2.3
  TKY024  奥戸          35.740  139.862     9    10     6            11     2.1
  SIT005  小川          36.056  139.263    10    11     4            11     1.4
  TKY014  亀戸          35.689  139.835    10     7     6            11     1.9
  FKSH14  いわき東      37.026  140.970     7    10     3            11     1.8
  FKS018  郡山          37.396  140.362     8    10     4            11     2.0
  GNMH05  伊勢崎        36.314  139.185     8    10     3            11     1.7
  SIT010  大宮          35.907  139.648     9    10     9            11     2.3
  TKY018  八枝          35.655  139.811     8    10     7            10     2.1
  FKS014  矢祭          36.868  140.430     7    10     3            10     1.6
  TKYH02  府中          35.654  139.470     6    10     2            10     1.6
  KNG206  平塚ST6       35.097  139.378     7    10     2            10     2.1
  SITH07  名栗          35.912  139.149     8     9     2            10     1.2
  FKS011  いわき        37.091  140.904     8     8     4            10     1.5
  SITH09  皆野          36.072  139.099     9     6     4            10     1.4
  TCGH17  藤原2         36.985  139.692     7     9     2            10     1.4
  FKS019  二本松        37.603  140.437     7     9     4             9     1.7
  TKY015  東白鬚        35.731  139.812     9     8     6             9     1.9
  CHB029  行徳          35.695  139.918     7     9     6             9     1.9
  FKS012  勿来          36.907  140.793     7     8     4             9     1.7
  TKY023  八広          35.725  139.825     8     8     5             9     1.9
  TKYH11  江東          35.611  139.812     8     6     3             9     1.8
  TCG002  塩原          36.990  139.803     5     8     5             8     1.6
  FKSH17  川俣          37.664  140.597     5     8     2             8     1.7
  GNM008  前橋          36.348  139.137     8     5     3             8     1.8
  GNM007  渋川          36.462  139.010     8     6     4             8     1.6
  TKY017  辰巳          35.647  139.809     7     8     6             8     2.2
  FKS023  会津若松      37.477  139.929     7     6     2             8     2.0
  FKS004  飯舘          37.680  140.735     6     8     3             8     1.2
  TKYH12  八王子        35.670  139.265     6     6     3             8     1.6
  KNGH18  藤野          35.644  139.128     5     6     3             8     1.5
  TKY003  青梅          35.797  139.291     7     6     3             8     1.9
  CHB024  稲毛          35.633  140.078     7     6     3             7     1.5
  TKY001  氷川          35.803  139.096     5     7     3             7     1.0
  FKSH04  会津高田      37.451  139.813     4     7     2             7     1.5
  KNG008  相模原        35.575  139.327     5     7     5             7     1.4
  YMN001  丹波山        35.789  138.920     5     5     2             7     0.7
  KNG001  川崎          35.529  139.706     6     7     5             7     1.7
  SITH08  小鹿野        36.027  138.969     5     6     2             7     1.3
  CHB010  八日市場      35.708  140.568     5     7     4             7     1.3
  FKS031  川内          37.336  140.813     6     5     3             7     1.4
  FKS010  広野          37.234  141.002     6     5     3             7     1.5
  KNG203  平塚ST3       34.798  139.643     4     6     1             6     1.2
  KNG205  平塚ST5       34.941  139.421     6     6     1             6     1.6
  TKY020  塩浜          35.666  139.809     4     5     3             6     1.7
  YMNH11  大月          35.625  138.978     5     6     2             6     1.7
  TKY006  小金井        35.699  139.503     5     5     5             6     1.6
  FKSH06  伊南          37.172  139.520     5     6     2             6     1.0
  KNG201  平塚ST1       34.596  139.918     6     5     1             6     1.5
  MYG015  岩沼          38.105  140.870     6     5     2             6     1.6
  FKS015  棚倉          37.022  140.377     6     5     3             6     1.6
  TKY004  八王子        35.628  139.403     6     6     3             6     1.6
  CHB012  東金          35.573  140.333     6     6     4             6     1.6
  GNM013  高崎          36.318  139.018     5     6     3             6     1.5
  FKS020  猪苗代        37.547  140.108     5     5     2             6     1.7
  SIT001  本庄          36.243  139.194     5     3     3             6     1.6
  GNMH11  富岡          36.286  138.921     5     4     2             6     0.9
  TKY008  岡田          34.785  139.391     5     5     2             6     1.0
  TKYH13  檜原南        35.702  139.127     4     5     3             5     0.9
  TKY005  町田          35.578  139.416     5     5     2             5     1.5
  SITH03  日高          35.899  139.384     4     5     2             5     1.1
  KNG002  横浜          35.437  139.634     5     4     3             5     1.8
  SIT013  所沢          35.797  139.466     5     4     3             5     1.5
  KNG013  小田原        35.264  139.152     3     5     3             5     1.8
  FKS003  福島          37.761  140.480     5     4     2             5     1.4
  SIT014  中津川        35.995  138.801     4     4     2             5     0.7
  TKY016  東雲          35.648  139.799     4     4     4             5     1.5
  YMN002  大月          35.613  138.947     5     4     2             5     1.2
  CHB022  富津          35.308  139.860     5     4     2             5     1.3
  KNG202  平塚ST2       34.740  139.839     4     4     2             5     1.2
  GNM004  草津          36.617  138.592     4     4     1             5     0.8
  KNG204  平塚ST4       34.893  139.571     4     5     1             5     1.0
  KNG009  厚木          35.442  139.362     5     4     2             5     1.4
  KNGH11  厚木          35.404  139.354     5     4     1             5     1.7
  SZO003  東伊豆        34.816  139.055     4     3     2             5     1.1
  YMN004  塩山          35.702  138.727     5     4     2             5     1.4
  KNG004  三崎          35.144  139.622     3     4     1             4     1.2
  SZO001  熱海          35.142  139.079     4     4     2             4     0.5
  IBRH20  波崎2         35.828  140.732     4     4     2             4     1.1
  MYGH10  山元          37.941  140.892     4     4     1             4     1.0
  FKS025  下郷          37.308  139.900     4     4     3             4     0.9
  FKSH07  檜枝岐        37.010  139.375     3     4     1             4    <0.5
  SZO011  富士宮        35.213  138.602     3     4     1             4     0.9
  CHB015  木更津        35.374  139.916     4     3     4             4     1.5
  YMN009  六郷          35.496  138.463     4     3     1             4     1.5
  NGN014  小海          36.096  138.484     4     2     2             4     0.8
  CHB014  姉崎          35.477  140.049     3     4     3             4     1.4
  KNG006  二俣川        35.454  139.539     3     3     1             4     1.2
  SITH04  所沢          35.803  139.535     3     3     3             4     1.0
  YMN005  甲府          35.655  138.568     3     3     2             4     1.3
  GNM015  下仁田        36.229  138.758     3     4     1             4     0.6
  KNG014  山北          35.361  139.083     3     3     1             4     1.0
  TKY002  桧原          35.730  139.145     3     3     1             4     0.6
  NGN016  富士見        35.913  138.223     3     3     1             4     1.4
  NGNH16  茅野          35.947  138.185     2     4     3             4     1.0
  CHBH10  千葉          35.546  140.242     3     3     3             3     0.9
  FKS026  南郷          37.266  139.539     3     3     1             3     1.0
  YMNH08  西野原        35.690  138.734     3     3     1             3     1.2
  GNMH08  嬬恋          36.492  138.524     3     3     1             3     0.8
  NGNH11  富士見        35.916  138.305     3     3     1             3     1.2
  SZOH34  清水北        35.130  138.424     3     1     1             3     0.6
  YMNH14  都留南        35.511  138.968     3     3     2             3     0.5
  KNG010  平塚          35.336  139.350     2     3     2             3     1.3
  CHBH12  富津          35.344  139.855     2     3     2             3     1.0
  GNM014  坂本          36.350  138.718     2     2     1             3     0.6
  CHB017  市場          35.299  140.076     3     3     2             3     1.1
  NGNH12  南牧          35.970  138.480     3     2     1             3     0.9
  GNMH09  高山          36.621  138.907     2     3     1             3     0.5
  CHB019  鋸南          35.111  139.835     2     3     2             3     1.4
  YMTH02  山形          38.269  140.258     2     2     1             3     1.0
  NGNH19  川上          35.974  138.584     3     2     1             3     0.9
  NIGH14  塩沢          37.030  138.852     2     3     2             3     0.5
  KNGH20  松田          35.366  139.126     2     3     2             3     0.7
  FKSH03  高郷          37.608  139.753     2     2     1             3     1.0
  NIG022  塩沢          37.036  138.846     3     3     1             3     0.9
  SIT012  飯能          35.840  139.321     2     2     2             3     0.5
  YMN003  富士吉田      35.465  138.813     2     3     1             3     0.9
  KNG003  横須賀        35.273  139.658     2     2     1             2     0.5
  YMT011  上山          38.150  140.267     2     1     1             2     1.0
  FKSH21  只見          37.342  139.315     2     2     1             2     0.9
  SZOH42  修善寺        34.976  138.913     2     2     1             2     1.0
  KNG012  秦野          35.379  139.205     2     2     1             2     0.7
  TKY009  波浮港        34.687  139.441     2     2     1             2    <0.5
  KNG011  藤野          35.615  139.155     2     1     1             2     0.5
  FKS028  只見          37.349  139.314     2     2     1             2     0.9
  NIGH15  六日          37.053  138.995     2     1     2             2    <0.5
  CHB026  長南          35.387  140.237     2     2     1             2     0.7
  FKSH16  福島          37.764  140.377     2     2     1             2     0.5
  NGN015  諏訪          36.045  138.112     2     2     1             2     1.2
  NGNH17  佐久          36.142  138.550     2     2     1             2    <0.5
  SZO010  御殿場        35.309  138.935     2     2     1             2     1.1
  SZOH35  伊東中        34.947  139.085     1     2     1             2     0.7
  YMN010  須玉          35.792  138.410     2     1     1             2     0.8
  NGNH18  開田          35.932  137.595     2     1     1             2     0.7
  KNGH21  清川          35.463  139.215     1     2     2             2    <0.5
  MYGH09  白石          38.009  140.603     1     2     1             2     0.7
  YMNH15  上九一色      35.532  138.605     2     2     1             2    <0.5
  SZOH37  芝川          35.203  138.566     2     1     0             2    <0.5
  CHBH16  鴨川          35.138  139.965     2     2     1             2     0.9
  CHB021  白浜          34.908  139.898     1     2     1             2    <0.5
  KNG005  鎌倉          35.319  139.546     1     2     1             2    <0.5
  FKS030  金山          37.453  139.513     2     1     1             2     0.5
  CHB018  勝浦          35.158  140.322     2     1     1             2    <0.5
  NIGH01  長岡          37.427  138.888     1     2     1             2    <0.5
  YMNH10  早川北        35.535  138.309     1     1     1             1    <0.5
  NGNH21  伊那          35.831  137.924     1     1     1             1     0.6
  IWTH27  陸前高田      39.031  141.532     1     1     0             1    <0.5
  KNGH19  山北中        35.417  139.044     1     1     1             1    <0.5
  YMNH16  甲府2         35.742  138.565     1     1     1             1    <0.5
  NIG020  小出          37.233  138.962     1     1     0             1    <0.5
  CHBH11  養老          35.287  140.153     1     1     1             1    <0.5
  YMNH12  増穂          35.562  138.449     1     1     1             1    <0.5
  KNGH23  葉山          35.262  139.611     1     1     1             1    <0.5
  NGNH13  喬木          35.514  137.877     1     1     0             1    <0.5
  SZOH38  函南          35.085  138.978     1     1     0             1    <0.5
  NGNH24  松川          35.615  137.880     1     1     1             1    <0.5
  YMTH14  西川西        38.386  139.992     1     1     1             1    <0.5
  NIGH10  上川          37.544  139.365     1     1     1             1    <0.5
  NIGH11  川西          37.173  138.744     1     1     1             1    <0.5
  NGNH23  南木曽        35.606  137.611     1     1     0             1    <0.5
  SZOH39  西伊豆西      34.799  138.772     1     1     1             1    <0.5
  NGNH03  阿智2         35.479  137.735     1     1     0             1    <0.5
  NGNH22  長谷          35.795  138.082     1     1     0             1    <0.5
  SZOH54  初島2         35.042  139.168     1     1     1             1    <0.5
  YMNH09  早川          35.433  138.333     1     1     0             1    <0.5
  NGNH31  塩尻          36.118  137.939     1     1     0             1    <0.5
  NGNH10  木祖          35.963  137.767     1     1     0             1    <0.5
  NGNH30  奈川          36.064  137.685     0     1     0             1    <0.5
  NGNH20  上松          35.787  137.717     1     0     0             1    <0.5
  SZOH33  静岡南        35.015  138.353     1     0     0             1    <0.5
  MYGH03  唐桑          38.921  141.638     1     1     0             1    <0.5
  GIFH20  下呂北        35.799  137.253     0     1     0             1    <0.5
  NGNH54  飯田          35.449  138.006     1     1     0             1    <0.5
  FKSH01  西会津        37.757  139.715     0     1     0             1    <0.5
  YMNH13  身延          35.351  138.420     0     0     0             0    <0.5
  NGNH25  南信濃        35.299  137.927     0     0     0             0    <0.5
  NGNH27  信州新        36.577  138.048     0     0     0             0    <0.5
  CHBH20  鴨川南        35.088  140.100     0     0     0             0    <0.5
  GIFH19  朝日南        36.022  137.391     0     0     0             0    <0.5