最大加速度リスト

地震発生時刻   2015/05/30-20:24:00.00
震央北緯       27.9°
震央東経       140.7°
震源深さ       682.0km
マグニチュード M8.1

  コード  観測点名      緯度    経度     最大加速度 (ガル) 三成分合成値 計測震度
　　　　　 　　         北緯    東経      N-S   E-W   U-D        (ガル)         
  KNG201  平塚ST1       34.596  139.918   137   131    10           183     5.0
  KNGH11  厚木          35.404  139.354    87    50     7            90     4.5
  SIT011  川口          35.810  139.721    61    55    11            77     4.4
  CHB020  鴨川          35.115  140.102    66    69    17            72     4.3
  SIT010  大宮          35.907  139.648    45    71     8            71     4.2
  KNG202  平塚ST2       34.740  139.839    50    66    27            70     4.3
  KNG205  平塚ST5       34.941  139.421    61    54     6            61     4.1
  TKY018  八枝          35.655  139.811    39    52    12            61     4.3
  KNG206  平塚ST6       35.097  139.378    53    58    13            60     4.2
  CHB014  姉崎          35.477  140.049    26    57    16            57     4.0
  KNGH10  横浜          35.499  139.519    48    51    18            56     3.9
  TKY028  越中島        35.669  139.789    32    52    12            56     4.2
  CHB001  野田          35.959  139.873    27    49     6            55     3.6
  CHB019  鋸南          35.111  139.835    40    48    20            54     4.2
  TKY017  辰巳          35.647  139.809    27    50    12            53     4.1
  CHB008  浦安          35.654  139.902    32    51    19            53     4.1
  KNG203  平塚ST3       34.798  139.643    42    30    10            51     3.7
  KNG013  小田原        35.264  139.152    36    49    19            50     4.1
  KNG002  横浜          35.437  139.634    47    33    14            47     3.9
  CHB015  木更津        35.374  139.916    42    43    11            45     4.1
  KNG204  平塚ST4       34.893  139.571    35    32    12            43     3.9
  TKY016  東雲          35.648  139.799    21    40    11            43     3.9
  TKY021  猿江          35.688  139.819    31    39     8            43     4.0
  CHB027  勝浦北        35.181  140.266    41    18     6            41     3.8
  TCG009  今市          36.726  139.715    29    39     9            41     3.3
  TKY020  塩浜          35.666  139.809    16    40     8            41     3.9
  IBRH11  岩瀬          36.370  140.140    29    29     6            40     3.4
  TKY013  砂町          35.660  139.834    26    33     9            40     3.9
  IBRH07  江戸崎        35.952  140.330    35    38    10            39     4.1
  TKY003  青梅          35.797  139.291    24    36     8            39     3.4
  SIT003  久喜          36.072  139.697    28    38    10            39     4.0
  TKY022  横網          35.687  139.796    32    28     9            38     3.7
  CHB017  市場          35.299  140.076    36    29    13            38     3.9
  SIT008  春日部        35.983  139.746    32    34     7            37     3.8
  TKY014  亀戸          35.689  139.835    25    36     7            37     3.8
  TKY015  東白鬚        35.731  139.812    34    30    14            35     3.7
  IBRH10  石下          36.111  139.989    29    35    10            35     3.9
  TKY023  八広          35.725  139.825    32    23     7            35     3.7
  TKY027  瑞江          35.693  139.891    28    26     8            34     3.8
  KNG009  厚木          35.442  139.362    32    29    14            34     3.7
  CHB025  千倉          34.971  139.946    27    32     8            33     3.7
  IBR012  石岡          36.190  140.287    27    24    10            32     3.7
  CHB016  岬            35.300  140.387    28    29    10            30     3.7
  TCG008  鹿沼          36.560  139.768    25    29    10            29     3.2
  SITH01  岩槻          35.929  139.735    23    25     6            29     3.5
  CHB029  行徳          35.695  139.918    23    21     6            29     3.4
  IBR015  岩井          36.069  139.908    21    27     9            28     3.5
  CHB009  千葉          35.608  140.102    20    24     8            27     3.4
  TKY007  新宿          35.711  139.686    15    27     6            27     3.2
  TKY024  奥戸          35.740  139.862    20    24     5            27     3.6
  GNM010  館林          36.234  139.533    20    25     5            26     3.5
  CHB003  白井          35.794  140.056    19    25     5            26     3.1
  IBR005  笠間          36.385  140.237    23    22     8            26     3.2
  TCG012  小山          36.286  139.805    16    24     7            26     3.3
  TKY005  町田          35.580  139.414    23    19     9            26     3.2
  CHB024  稲毛          35.633  140.078    18    25     7            25     3.4
  CHB022  富津          35.308  139.860    19    25    10            25     3.2
  TKY026  宇喜田        35.670  139.863    21    22     7            25     3.6
  FKSH20  浪江          37.491  140.987    17    22     5            24     3.2
  CHB012  東金          35.573  140.333    22    19     7            24     3.3
  KNG004  三崎          35.144  139.622    18    21     7            24     3.1
  IBR010  下妻          36.184  139.965    21    18     6            24     3.1
  IBR009  古河          36.185  139.704    20    21     6            24     3.4
  KNG007  藤沢          35.338  139.493    22    17     7            24     3.4
  CHBH12  富津          35.344  139.855    23    22     8            23     3.5
  IBR008  下館          36.306  139.983    11    21     5            23     3.2
  TCG014  茂木          36.545  140.174    23    20     8            23     2.9
  TKY006  小金井        35.699  139.503    22    18     5            23     3.2
  CHB002  松戸          35.787  139.903    15    22     8            23     3.1
  KNG010  平塚          35.336  139.350    14    22    10            23     3.5
  CHB021  白浜          34.908  139.898    19    14     6            23     3.2
  SIT002  熊谷          36.148  139.388    20    21     8            23     3.4
  CHB018  勝浦          35.158  140.322    21    20     8            23     3.2
  KNG001  川崎          35.529  139.706    22    21    13            22     3.2
  IBR016  取手          35.911  140.049    21    20     8            22     3.2
  SITH11  飯能          35.864  139.273    20    21     6            22     2.9
  FKSH12  平田          37.217  140.570    20    16     3            21     2.7
  TKY012  八丈          33.119  139.799    20    18    10            21     3.3
  YMNH11  大月          35.625  138.978    18    16     4            21     3.0
  CHBH19  蓮沼          35.594  140.511    20    18     6            21     3.2
  CHB007  佐倉          35.723  140.227    20    17     8            20     3.1
  CHB028  市川北        35.766  139.966    20    15     5            20     2.9
  CHBH06  匝瑳          35.721  140.505    15    18     6            20     3.1
  IBR011  つくば        36.125  140.090    19    14     9            19     3.2
  KNG006  二俣川        35.454  139.539    19    11     5            19     3.3
  CHBH13  成田          35.831  140.298    18    13     6            19     3.0
  FKS020  猪苗代        37.547  140.108    19    14     4            19     3.3
  TCG007  宇都宮        36.569  139.886    17    11     5            19     2.9
  TKYH12  八王子        35.670  139.265    18    18     5            19     3.0
  TCG013  真岡          36.437  140.023    16    17     9            19     3.2
  CHBH10  千葉          35.546  140.242    15    16     6            19     3.2
  CHB011  蓮沼          35.602  140.501    16    15     9            18     3.2
  SIT013  所沢          35.797  139.466    18    15     6            18     3.0
  SITH06  川本          36.113  139.289    13    16     7            18     3.2
  SIT007  東松山        36.054  139.391    11    18     4            18     2.9
  SIT009  川越          35.903  139.483    16    15     5            18     3.0
  TKY025  篠崎          35.714  139.897    17    14     5            18     3.1
  IBR013  鉾田          36.159  140.489    14    17     7            18     2.8
  FKS012  勿来          36.907  140.793    13    15     6            18     3.0
  TKY004  八王子        35.628  139.403    15    15     9            18     3.0
  TCGH12  氏家          36.696  139.984    16    15     6            17     3.1
  MYG015  岩沼          38.105  140.870    11    15     6            17     2.7
  GNM011  太田          36.291  139.361    12    16     5            17     3.2
  GNM009  桐生          36.411  139.325    16    15     7            17     3.0
  FKSH11  矢吹          37.201  140.339    14    17     5            17     3.0
  CHBH11  養老          35.287  140.153    12    14     9            17     3.1
  CHB026  長南          35.387  140.237    13    13     8            16     3.1
  TKY009  波浮港        34.687  139.441    16    14     9            16     3.1
  TCGH06  真岡          36.446  139.951    13    16     5            16     2.9
  CHB013  茂原          35.433  140.291    11    15     7            16     3.0
  KNGH18  藤野          35.644  139.128    12    12     3            16     2.6
  MYGH13  南三陸        38.699  141.418    16     4     3            16     2.4
  SIT001  本庄          36.243  139.194    15    12     4            16     3.1
  FKS016  白河          37.123  140.191    15    11     5            16     3.0
  IBRH17  霞ヶ浦        36.086  140.314    15    14     4            16     2.8
  IBR014  土浦          36.073  140.195    14    14     6            15     2.9
  GNM012  伊勢崎        36.315  139.192    15    10     4            15     2.9
  CHBH20  鴨川南        35.088  140.100    13     6     8            15     3.0
  CHBH15  館山西        34.959  139.788    14    11     7            15     3.1
  FKS013  古殿          37.090  140.556    11    12     3            15     2.6
  IBR006  水戸          36.369  140.453    13    15     4            15     2.9
  MYG017  角田          37.976  140.782    12    12     4            15     3.0
  TCG015  芹沼          36.749  139.714    15    14     6            15     2.9
  CHB010  八日市場      35.708  140.568    14    13     6            15     2.9
  GNMH05  伊勢崎        36.314  139.185    14    10     3            14     2.9
  FKS006  葛尾          37.503  140.759    12    11     3            14     2.3
  FKS024  中野          37.396  140.132    11    14     6            14     3.0
  IBR001  大子          36.776  140.357    13    10     4            14     2.3
  NGN015  諏訪          36.045  138.112    14    10     3            14     3.3
  CHB006  成田          35.780  140.307    12    11     7            14     2.9
  CHBH17  勝浦東        35.171  140.340     8    13     6            14     3.0
  TCGH13  馬頭          36.734  140.178    12    13     3            14     2.3
  GNM013  高崎          36.318  139.018    10    13     3            14     2.9
  FKS017  須賀川        37.284  140.369    12     9     4            14     2.8
  IBR007  那珂湊        36.352  140.595    12    11     4            14     2.6
  FKSH18  三春          37.489  140.538    13     7     4            13     2.4
  TCG006  小川          36.764  140.130    11    13     7            13     2.9
  TCG005  矢板          36.806  139.926    13    13     4            13     2.7
  GNMH12  神流          36.144  138.913    12    11     7            13     2.5
  TCG004  湯元          36.806  139.420    12    13     4            13     2.6
  GNMH13  水上2         36.862  139.063    10    10     3            13     2.5
  SITH04  所沢          35.803  139.535    10     9     4            13     2.8
  IBR002  高萩          36.706  140.707    12    12     4            13     2.7
  TCGH11  今市          36.708  139.769    10    13     4            13     2.5
  IBR017  江戸崎        35.954  140.319    12    13     5            13     2.7
  IBRH13  高萩          36.795  140.575    10    11     3            13     2.4
  FKSH19  都路          37.470  140.723    11    10     4            13     2.3
  NGN010  小諸          36.328  138.436    12     6     3            13     3.0
  TCG011  葛生          36.387  139.614    11    11     4            13     2.6
  CHB004  佐原          35.901  140.490    12    10     5            13     2.7
  TCGH10  大田原        36.858  140.023    12    10     4            13     2.8
  CHBH04  下総          35.797  140.021    12    12     4            12     2.8
  IBRH16  山方          36.641  140.398     9    12     3            12     2.3
  IBR003  日立          36.592  140.645     9    11     6            12     2.3
  IBR018  鹿嶋          35.977  140.632     9    12     6            12     3.0
  FKS007  大熊          37.406  140.963     9     9     6            12     2.6
  FKSH14  いわき東      37.026  140.970     8    12     3            12     2.7
  IBR004  大宮          36.552  140.410    12    11     5            12     2.7
  SZOH35  伊東中        34.947  139.085     8    12     4            12     2.7
  KNG005  鎌倉          35.319  139.546    10    10     6            12     2.8
  KNG008  相模原        35.575  139.327    10     8     3            12     2.7
  IBRH20  波崎2         35.828  140.732    11     9     4            11     2.8
  FKS001  相馬          37.795  140.920    11    10     4            11     2.7
  KNG012  秦野          35.379  139.205    10    10     4            11     2.7
  KNGH20  松田          35.366  139.126    11     8     4            11     2.5
  TKY008  岡田          34.785  139.391    11     8     5            11     2.6
  GNM003  沼田          36.658  139.078    11     9     4            11     2.6
  SZO002  伊東          34.965  139.103     6    10     3            11     2.3
  SZOH42  修善寺        34.976  138.913     7    10     3            11     2.8
  KNG003  横須賀        35.273  139.658     7    11     4            11     2.4
  IBRH15  御前山        36.557  140.301     9     8     3            11     2.3
  TCG001  黒磯          36.942  140.083     9     8     5            11     2.7
  TCGH14  粟野          36.551  139.615     7    10     4            10     2.2
  TKY010  新島          34.378  139.257     9     9     4            10     2.6
  TCGH09  矢板          36.862  139.836     8     9     4            10     2.3
  TCG003  藤原          36.814  139.715     9     8     3            10     2.3
  FKSH10  西郷          37.162  140.093     9     9     5            10     2.5
  FKS003  福島          37.761  140.480     9     9     4            10     2.6
  TCG016  北高岡        36.529  140.156     9     8     5            10     2.6
  KNG014  山北          35.361  139.083     7     9     3            10     2.4
  TCG010  足尾          36.635  139.438     8    10     4            10     2.3
  CHB005  銚子          35.736  140.830    10     8     4            10     2.5
  NGNH37  御代田        36.331  138.497    10     8     3            10     2.8
  FKS031  川内          37.336  140.813     8     8     3            10     2.2
  TKY029  三宅          34.075  139.479     9     7     4            10     2.6
  SZO010  御殿場        35.313  138.906     7    10     4            10     2.8
  IBRH18  ひたちなか    36.363  140.620     8     9     5            10     2.2
  FKS010  広野          37.234  141.002     9     7     5            10     2.3
  MYG010  石巻          38.429  141.282     9     8     2            10     2.7
  KNGH23  葉山          35.262  139.611     9     7     5             9     2.6
  MYGH07  川崎          38.180  140.641     7     9     5             9     2.5
  IBRH12  大子          36.837  140.318     7     8     3             9     2.1
  FKS018  郡山          37.396  140.362     8     8     4             9     2.5
  GNM007  渋川          36.464  139.009     8     7     3             9     2.4
  FKS008  船引          37.436  140.567     8     7     2             9     2.0
  GNMH11  富岡          36.286  138.921     6     8     4             9     2.6
  GNMH14  みどり        36.493  139.322     7     7     3             9     2.5
  IBRH06  北茨城2       36.881  140.655     8     7     2             9     2.0
  GNM008  前橋          36.348  139.137     9     8     3             9     2.6
  MYG006  古川          38.580  140.965     8     7     3             9     2.6
  NGN008  上田          36.402  138.249     8     6     2             9     2.7
  YMN003  富士吉田      35.465  138.813     8     8     3             9     2.6
  YMN005  甲府          35.655  138.568     8     7     2             9     2.7
  SITH05  神泉          36.151  139.050     8     5     4             8     2.4
  SZO003  東伊豆        34.816  139.055     7     8     3             8     2.2
  SIT006  秩父          35.995  139.071     8     8     5             8     2.5
  GNM014  坂本          36.347  138.721     7     7     5             8     2.6
  FKS023  会津若松      37.477  139.929     8     7     4             8     2.5
  MYGH10  山元          37.941  140.892     7     8     4             8     2.3
  FKS011  いわき        37.091  140.904     7     5     3             8     2.2
  TCGH08  栗山東        36.883  139.646     6     7     3             8     2.2
  FKSH17  川俣          37.664  140.597     6     7     2             7     2.0
  MYGH14  利府          38.340  140.955     7     5     2             7     2.0
  CHBH14  銚子中        35.734  140.823     7     7     2             7     2.4
  YMN004  塩山          35.702  138.727     5     6     3             7     2.4
  SIT005  小川          36.056  139.263     7     7     4             7     2.3
  FKS015  棚倉          37.022  140.377     6     5     2             7     2.2
  SZOH54  初島2         35.042  139.168     6     5     2             7     2.3
  IWT020  藪川          39.784  141.329     4     7     1             7     2.1
  YMTH02  山形          38.269  140.258     6     6     3             7     2.4
  MYG016  白石          38.008  140.621     7     6     4             7     2.4
  FKS019  二本松        37.603  140.437     6     6     2             7     1.9
  KNG011  藤野          35.615  139.155     7     5     3             7     2.3
  SIT004  長瀞          36.118  139.105     7     5     2             7     2.3
  SITH08  小鹿野        36.027  138.969     5     7     3             7     2.3
  FKS014  矢祭          36.886  140.417     6     7     3             7     2.2
  SIT012  飯能          35.840  139.321     6     5     2             7     2.3
  TKY001  氷川          35.803  139.096     4     6     3             7     2.3
  MYG005  鳴子          38.799  140.651     7     6     3             7     2.5
  NIG013  巻            37.764  138.883     5     6     2             7     2.3
  YMT011  上山          38.150  140.267     6     6     3             6     2.3
  GNMH08  嬬恋          36.492  138.524     6     6     3             6     2.5
  NGN016  富士見        35.913  138.223     5     6     2             6     2.4
  SZO011  富士宮        35.213  138.602     6     5     2             6     2.2
  NIG022  塩沢          37.036  138.846     6     6     2             6     2.3
  SZO013  清水          35.041  138.476     4     6     2             6     2.4
  FKI003  福井          36.044  136.228     6     3     1             6     2.5
  YMN010  須玉          35.792  138.410     5     4     2             6     2.3
  KNGH21  清川          35.463  139.215     6     4     3             6     2.1
  SZO005  松崎          34.755  138.784     4     6     1             6     2.4
  SZO009  裾野          35.197  138.913     4     6     2             6     2.4
  YMNH08  西野原        35.690  138.734     6     6     2             6     2.2
  FKO015  柳川          33.163  130.405     3     6     2             6     2.1
  IWT026  相去          39.257  141.098     6     6     4             6     2.3
  SITH10  都幾川        35.996  139.219     6     5     3             6     1.9
  YMN009  六郷          35.496  138.463     5     5     2             6     2.1
  ISK002  正院          37.444  137.288     6     4     2             6     2.4
  NIG014  三条          37.641  138.956     5     4     2             6     2.2
  MYG013  仙台          38.266  140.929     6     4     2             6     2.0
  SZOH38  函南          35.085  138.978     4     5     2             6     2.2
  SITH07  名栗          35.912  139.149     4     6     2             6     1.9
  NGN007  杭瀬下        36.534  138.119     4     4     2             6     2.4
  YMN006  本栖          35.468  138.607     3     6     1             6     2.2
  FKS004  飯舘          37.680  140.735     5     5     2             6     1.6
  YMN002  大月          35.613  138.947     5     6     3             6     2.0
  MYG012  塩竈          38.318  141.019     5     4     2             6     1.6
  SIT014  中津川        35.995  138.801     4     3     2             5     1.9
  NIGH08  津川          37.671  139.465     5     4     2             5     2.3
  GNMH07  利根          36.700  139.210     4     5     3             5     2.1
  FKSH05  下郷          37.254  139.873     4     5     2             5     2.0
  NIGH11  川西          37.173  138.744     3     5     3             5     2.3
  NIG020  小出          37.233  138.962     4     4     2             5     2.1
  FKS009  小野          37.278  140.635     5     5     2             5     1.7
  YMNH14  都留南        35.511  138.968     4     5     4             5     1.9
  FKS022  西会津        37.600  139.647     4     5     2             5     2.1
  IWT012  北上          39.321  141.138     5     4     2             5     1.8
  GNM001  片品          36.772  139.225     4     5     2             5     2.1
  FKSH04  会津高田      37.451  139.813     5     4     2             5     2.0
  YMN001  丹波山        35.789  138.920     4     4     2             5     2.0
  MYGH09  白石          38.009  140.603     4     4     3             5     2.2
  NIG003  佐和田        37.998  138.323     4     4     2             5     2.0
  KNGH19  山北中        35.417  139.044     5     4     2             5     2.0
  SZO018  榛原          34.740  138.224     4     4     1             5     2.2
  TYM002  氷見          36.866  136.975     5     4     1             5     2.3
  NIG011  新津          37.801  139.144     4     5     2             5     2.0
  YMT015  米沢          37.904  140.100     5     5     2             5     2.2
  GNM005  嬬恋          36.513  138.518     4     4     3             5     2.2
  OIT010  大分          33.232  131.593     4     3     2             5     1.6
  SZO008  沼津          35.096  138.866     4     4     2             5     2.3
  TKYH13  檜原南        35.702  139.127     3     4     4             5     1.9
  TCG002  塩原          36.990  139.803     4     4     2             5     1.9
  NGN002  信濃          36.807  138.207     5     3     3             5     2.0
  GNM016  万場          36.116  138.925     4     4     2             5     1.9
  NIG002  両津          38.075  138.440     4     4     1             5     2.0
  NGN014  小海          36.096  138.484     3     4     2             5     1.8
  SZO028  川奈          34.952  139.138     4     4     2             5     2.0
  MYGH08  岩沼          38.113  140.844     4     4     2             4     1.9
  FKSH08  長沼          37.282  140.214     3     4     2             4     1.7
  FKS002  梁川          37.845  140.601     4     3     2             4     1.8
  NIG021  十日町        37.201  138.778     3     4     2             4     2.0
  TKY002  桧原          35.730  139.145     3     4     2             4     1.9
  NIG012  鹿瀬          37.686  139.477     4     4     2             4     2.1
  MYG004  築館          38.732  141.027     4     4     2             4     1.9
  MYG007  豊里          38.588  141.251     3     4     2             4     1.7
  IWTH20  花巻南        39.343  141.047     4     4     2             4     2.0
  MYG014  作並          38.318  140.636     4     4     1             4     1.5
  FKSH03  高郷          37.608  139.753     4     3     2             4     2.0
  HKD158  椴法華        41.834  141.141     4     3     2             4     1.5
  TCGH17  藤原2         36.985  139.692     3     4     2             4     1.8
  IWT003  普代          40.008  141.886     3     4     1             4     1.6
  NIGH14  塩沢          37.030  138.852     4     3     2             4     2.0
  KYT002  久美浜        35.604  134.894     3     4     2             4     1.7
  MYG001  気仙沼        38.901  141.568     4     2     1             4     1.2
  IWT007  釜石          39.270  141.856     4     3     1             4     1.3
  TCGH07  栗山西        36.882  139.453     3     4     1             4     1.6
  YMG001  須佐          34.617  131.602     3     4     1             4     1.7
  FKSH09  郡山          37.353  140.426     4     2     2             4     1.5
  IBRH19  つくば        36.214  140.089     3     3     2             4     1.6
  KMM011  砥用          32.617  130.865     4     3     2             4     1.5
  NGNH11  富士見        35.916  138.305     4     4     2             4     1.9
  MYGH05  小野田        38.579  140.780     3     3     2             4     2.0
  HKD159  戸井          41.716  141.002     4     3     1             4     1.2
  YMT008  中村          38.386  139.992     4     4     2             4     2.0
  NIG019  小千谷        37.304  138.812     3     3     2             4     1.9
  MYG009  大和          38.447  140.887     3     4     1             4     1.7
  YMT001  酒田          38.914  139.813     3     3     2             4     1.8
  FKSH21  只見          37.342  139.315     3     3     2             4     1.8
  FKS026  南郷          37.266  139.539     3     3     2             4     1.8
  KYTH05  網野          35.681  135.027     3     4     2             4     2.0
  NIG018  柏崎          37.372  138.558     4     3     1             4     2.1
  YMTH14  西川西        38.386  139.992     3     3     2             4     1.9
  NIG025  直江津        37.161  138.224     3     3     1             4     1.8
  SZO012  蒲原          35.127  138.621     2     3     1             4     1.8
  TTRH03  溝口          35.355  133.492     3     2     1             4     1.6
  NGNH19  川上          35.974  138.584     3     4     2             4     1.8
  IWTH05  藤沢          38.865  141.351     2     3     1             4     1.2
  IWTH04  住田          39.181  141.391     3     3     1             4     1.3
  ISK008  羽咋          36.892  136.778     3     3     2             4     1.9
  GNM004  草津          36.617  138.592     3     3     2             4     1.9
  IWT011  水沢          39.145  141.152     3     3     1             3     1.8
  NIGH15  六日          37.053  138.995     2     3     1             3     1.6
  YMT007  東根          38.431  140.391     3     3     1             3     1.8
  NGNH27  信州新        36.577  138.048     3     3     2             3     1.8
  OSKH02  此花          34.663  135.390     2     3     1             3     1.8
  NGS014  口之津        32.611  130.185     3     2     1             3     1.5
  IBUH06  室蘭          42.412  141.002     3     3     1             3     1.4
  IWTH26  一関東        38.969  141.001     3     3     1             3     1.6
  MYGH06  田尻          38.591  141.071     2     3     1             3     1.6
  GIFH28  中津川        35.457  137.471     2     3     1             3     1.9
  GNM015  下仁田        36.229  138.758     3     3     2             3     1.6
  NGNH28  戸隠          36.708  138.096     2     3     2             3     1.9
  IWTH24  金ヶ崎        39.198  141.012     3     3     2             3     1.7
  IBRH14  十王          36.692  140.548     3     2     1             3     1.5
  NGNH16  茅野          35.947  138.185     3     2     2             3     1.7
  SMN002  松江          35.471  133.068     2     3     1             3     1.4
  ISKH01  珠洲          37.527  137.284     3     2     1             3     1.8
  NIG028  長岡支所      37.426  138.886     2     3     2             3     1.8
  YMG002  萩            34.407  131.399     3     2     1             3     1.5
  SZO016  焼津          34.857  138.311     3     3     1             3     1.9
  OIT009  湯布院        33.257  131.344     3     2     1             3     1.5
  NIGH04  関川          38.131  139.543     3     3     2             3     1.9
  FKS030  金山          37.453  139.513     2     3     2             3     1.6
  NGNH17  佐久          36.142  138.550     2     2     1             3     1.6
  FKS021  喜多方        37.654  139.863     3     3     2             3     1.7
  AOMH16  新郷          40.462  141.092     2     3     2             3     1.6
  FKO002  中間          33.826  130.705     3     2     2             3     1.5
  FKSH06  伊南          37.172  139.520     2     2     1             3     1.7
  AOMH13  八戸          40.579  141.445     2     3     1             3     1.8
  NIGH05  聖籠          37.976  139.279     3     3     1             3     1.7
  KMM015  水俣          32.216  130.405     3     3     2             3     1.3
  AOM014  子ノ口        40.437  140.941     3     2     1             3     1.7
  TYMH03  富山          36.729  137.263     2     2     1             3     1.8
  HKD146  ニセコ        42.808  140.688     2     2     1             3     1.9
  FKS028  只見          37.304  139.362     2     3     1             3     1.6
  SIG002  今津          35.422  136.024     2     3     1             3     1.7
  GNMH09  高山          36.621  138.907     3     3     2             3     1.7
  IWTH27  陸前高田      39.031  141.532     2     3     1             3     0.9
  NIGH18  妙高          36.943  138.259     2     2     1             3     1.6
  YMT002  新庄          38.768  140.296     3     2     1             3     1.6
  NIG009  新発田        37.951  139.338     3     2     1             3     1.7
  IWT013  遠野          39.329  141.564     3     2     1             3     1.2
  KMMH14  豊野          32.635  130.752     2     2     1             3     1.3
  NIGH02  朝日          38.280  139.549     2     2     2             3     1.7
  YMT003  鶴岡          38.729  139.801     2     2     1             3     1.7
  HRSH07  呉            34.288  132.641     2     2     2             3     1.1
  NIGH12  湯之谷        37.224  138.982     2     2     2             3     1.6
  GNM006  吾妻          36.510  138.752     2     2     2             3     1.5
  AKTH19  湯沢          39.191  140.471     2     3     1             3     1.8
  IWT004  田老          39.736  141.967     3     2     1             3     1.2
  AOM005  むつ          41.295  141.197     3     1     1             3     1.6
  YMTH01  天童          38.384  140.381     2     3     1             3     1.8
  HRSH10  芸北          34.747  132.379     2     2     1             3     1.1
  YMNH15  上九一色      35.532  138.605     2     2     1             3     1.4
  KOC013  佐賀          33.080  133.101     3     2     1             3     1.2
  HKD086  直別          42.854  143.858     2     2     1             3     1.2
  SMN010  浜田          34.887  132.078     2     1     0             3     1.6
  NIG015  村松          37.694  139.189     3     2     1             3     1.7
  SZO001  熱海          35.142  139.079     2     3     2             3     1.4
  KSRH09  白糠南        42.986  143.984     3     2     1             3     1.2
  NIGH03  荒川          38.133  139.429     2     2     1             3     1.6
  NGN001  飯山          36.851  138.366     2     2     1             3     1.8
  FKS025  下郷          37.308  139.900     3     2     2             3     1.4
  NGN020  伊那          35.828  137.953     3     2     1             3     1.7
  AOM020  青森          40.819  140.750     2     3     1             3     1.7
  AIC003  津島          35.173  136.740     2     2     1             3     1.6
  FKO001  玄海          33.843  130.509     2     3     1             3     1.1
  NIGH06  加茂          37.653  139.068     2     2     1             3     1.6
  NIG027  糸魚川        37.023  137.862     2     3     1             3     1.8
  MYG008  北上          38.568  141.427     2     2     1             3     1.0
  IWT014  石鳥谷        39.484  141.147     2     2     1             3     1.5
  YMT006  尾花沢        38.600  140.405     2     2     1             3     1.6
  FKS027  滝原          37.070  139.681     2     2     2             3     1.5
  YMTH15  西川東        38.426  140.125     2     2     1             3     1.6
  IWTH21  山田          39.473  141.934     2     2     1             3     0.7
  ISK010  金沢          36.542  136.643     3     1     1             3     1.5
  NGN004  長野          36.649  138.194     2     2     2             3     1.6
  NGN024  飯田          35.523  137.837     2     2     1             3     1.7
  GNM002  水上          36.782  138.970     2     3     1             3     1.5
  ISKH03  内浦          37.346  137.244     3     1     1             3     1.6
  TTRH07  関金          35.365  133.749     2     2     2             3     1.2
  SIG007  近江八幡      35.134  136.096     2     2     1             3     1.7
  YMTH07  米沢          37.896  140.028     2     2     2             3     1.7
  NGNH18  開田          35.932  137.595     2     2     1             3     1.2
  OSK002  高槻          34.857  135.596     2     2     1             3     1.5
  NIGH09  下田          37.539  139.128     2     2     2             3     1.5
  NGS002  松浦          33.344  129.705     2     2     1             3     1.3
  IWT021  西根          39.920  141.082     2     2     1             2     1.5
  YMNH12  増穂          35.562  138.449     2     2     1             2     1.6
  FKIH06  高浜          35.491  135.484     2     1     1             2     1.1
  NIG007  村上          38.230  139.486     2     2     1             2     1.6
  KGS036  上甑          31.836  129.868     2     2     1             2     1.0
  YMNH16  甲府2         35.742  138.565     2     2     2             2     1.3
  SZOH37  芝川          35.203  138.566     2     2     1             2     1.3
  SZOH34  清水北        35.130  138.424     2     2     1             2     1.4
  YMG016  岩国          34.170  132.177     2     2     1             2     1.2
  SZO007  修善寺        34.977  138.947     2     2     1             2     1.4
  HKD179  当別          43.224  141.517     1     2     1             2     1.5
  IWT010  一関          38.935  141.126     2     2     1             2     1.5
  IWTH02  玉山          39.825  141.383     2     2     0             2     0.7
  OSK003  豊中          34.767  135.468     2     2     1             2     1.6
  AKT011  宮田          39.813  140.580     2     2     1             2     0.9
  SZOH39  西伊豆西      34.799  138.772     2     2     1             2     1.5
  MYG002  歌津          38.726  141.511     2     2     1             2     1.0
  AOMH03  川内          41.234  140.990     2     1     1             2     1.6
  HDKH06  静内          42.350  142.357     2     1     1             2     1.2
  ISK003  輪島          37.392  136.908     2     2     0             2     1.5
  AKTH16  西仙北        39.545  140.348     2     2     1             2     1.5
  MYGH11  河北          38.516  141.342     2     2     1             2     0.9
  ISKH07  金沢          36.515  136.636     2     1     1             2     1.4
  MYG019  鳴子温泉      38.751  140.725     2     2     1             2     1.3
  KMM004  一の宮        32.932  131.121     2     2     2             2     1.0
  AKT018  鳥海          39.194  140.190     1     2     1             2     1.6
  TTR004  鹿野          35.461  134.055     1     2     1             2     1.2
  NGN011  長門          36.256  138.267     2     2     1             2     1.5
  YMT009  寒河江        38.390  140.274     2     2     1             2     1.4
  ISK001  大谷          37.500  137.176     2     1     0             2     1.4
  YMTH11  最上          38.713  140.554     2     2     1             2     1.5
  YMTH12  立川          38.636  140.006     2     2     1             2     1.4
  IWTH16  雫石          39.644  140.946     2     2     1             2     1.4
  YMG017  柳井          33.965  132.101     1     2     0             2     1.3
  TYM005  新湊          36.782  137.080     2     2     1             2     1.6
  AOM006  川内          41.198  140.997     2     1     1             2     1.6
  SMNH07  美都          34.694  132.040     1     1     2             2     1.0
  SZO004  南伊豆        34.647  138.819     2     2     1             2     1.4
  NGN021  駒ヶ根        35.730  137.934     2     1     1             2     1.4
  NMRH05  別海西        43.390  144.802     2     1     1             2     1.2
  KGS030  笠利          28.451  129.678     2     1     0             2     1.1
  ISKH06  志賀          37.053  136.821     2     2     1             2     1.6
  NGS011  千々石        32.784  130.202     1     2     1             2     1.1
  NIGH17  妙高高原      36.857  138.097     2     2     1             2     1.6
  AOMH05  野辺地        40.856  141.103     2     2     1             2     0.9
  HKD144  倶知安        42.906  140.767     2     2     1             2     1.5
  NIGH10  上川          37.544  139.365     2     2     1             2     1.4
  KOC007  高知          33.561  133.527     2     2     1             2     1.3
  FKSH02  熱塩加納      37.732  139.882     2     2     1             2     1.4
  AKT016  大曲          39.454  140.476     2     2     1             2     1.4
  YMT017  新庄支所      38.791  140.313     2     1     1             2     1.3
  HKD142  赤井川        43.085  140.820     2     2     1             2     1.5
  NGN012  松本          36.256  137.978     2     2     1             2     1.5
  AKTH03  矢島          39.222  140.128     2     1     1             2     1.5
  AOM023  中里          40.968  140.433     1     2     1             2     1.0
  NGNH10  木祖          35.963  137.767     2     1     1             2     1.4
  KMM010  三角          32.614  130.487     2     2     1             2     1.1
  TYM008  大山          36.609  137.283     2     2     1             2     1.5
  GIFH09  羽島          35.277  136.700     2     2     1             2     1.5
  YMT010  山形          38.260  140.349     2     1     1             2     1.3
  MYZ013  宮崎          31.909  131.419     2     2     1             2     1.1
  SMN006  大田          35.194  132.498     2     1     1             2     1.0
  NGN009  穂高          36.338  137.869     2     1     1             2     1.5
  NGN017  楢川          35.975  137.826     2     1     1             2     1.2
  FKIH04  三方          35.559  135.869     2     2     1             2     1.1
  YMG011  下関          34.064  131.021     2     1     1             2     1.2
  AOMH09  岩木          40.620  140.350     2     2     0             2     1.0
  KMM013  田浦          32.365  130.510     1     1     2             2     1.0
  KSRH01  阿寒北        43.436  144.084     2     2     1             2     1.2
  FKI002  越廼          36.039  136.014     2     2     0             2     1.4
  AOM027  脇野沢        41.145  140.822     2     1     1             2     0.9
  NAR002  奈良          34.668  135.835     2     2     1             2     1.5
  OSK008  岸和田        34.440  135.392     2     2     1             2     1.4
  SIG005  彦根          35.249  136.242     2     2     0             2     1.5
  OIT001  国見          33.678  131.594     2     1     1             2     1.0
  NGNH31  塩尻          36.118  137.939     2     2     1             2     1.5
  KGSH04  川内          31.837  130.360     1     2     1             2     1.0
  AOM012  八戸          40.514  141.481     2     2     1             2     1.1
  HRS018  竹原          34.341  132.907     2     2     1             2     1.2
  YMNH13  身延          35.351  138.420     2     2     1             2     1.4
  SBSH03  赤井川        43.084  140.820     2     2     0             2     1.5
  KGS023  田代          31.199  130.849     2     2     1             2     1.0
  NGNH24  松川          35.615  137.880     2     2     1             2     1.4
  NGN019  木曽福島      35.856  137.708     1     1     1             2     1.3
  IWTH15  矢巾          39.615  141.093     1     2     1             2     1.2
  OSK004  四條畷        34.740  135.639     1     2     1             2     1.3
  HKD169  木間内        41.935  140.369     1     2     1             2     1.5
  IWT006  山田          39.485  141.975     2     1     1             2     0.7
  SZOH28  浜松          34.668  137.744     1     2     1             2     1.4
  HKD128  早来          42.766  141.822     2     1     1             2     1.1
  OIT007  杵築          33.415  131.615     2     1     2             2     0.8
  HYG022  西宮          34.746  135.350     1     2     1             2     1.3
  SZO017  浜岡          34.637  138.128     2     1     1             2     1.2
  IWT002  久慈          40.182  141.764     2     1     1             2     1.2
  AOM021  十和田        40.615  141.208     2     2     1             2     1.3
  KYT011  亀岡          35.017  135.564     2     1     0             2     1.4
  AKT017  横手          39.297  140.563     1     2     1             2     1.3
  KSRH07  鶴居南        43.136  144.327     2     2     1             2     1.1
  NIG017  長岡          37.442  138.843     2     1     2             2     1.3
  HKD044  興部          44.480  143.128     2     2     1             2     1.1
  GIFH18  馬瀬          35.899  137.149     2     1     1             2     1.3
  YMTH08  八幡          38.970  140.033     2     2     2             2     1.4
  NIGH19  湯沢          36.811  138.785     2     1     1             2     1.1
  IWTH08  久慈北        40.269  141.783     1     2     0             2     0.7
  OKY015  上斎原        35.279  133.926     1     2     1             2     0.6
  ISK005  穴水          37.231  136.904     1     2     0             2     1.1
  SBSH07  真狩          42.763  140.808     1     2     1             2     1.5
  AKTH17  中仙          39.557  140.612     1     2     1             2     1.4
  NMRH04  別海東        43.398  145.122     1     2     1             2     1.0
  OIT016  佐伯          32.975  131.903     2     2     1             2     1.2
  YMG012  宇部          33.994  131.218     1     2     0             2     1.0
  YMGH08  豊浦          34.135  130.932     1     1     0             2     1.1
  MYG003  東和          38.735  141.311     2     1     1             2     0.8
  KGSH10  山川          31.207  130.618     2     2     1             2     1.1
  YMT014  下屋地        37.921  139.870     2     1     1             2     1.3
  HKD064  羅臼          44.020  145.189     2     1     1             2     1.1
  OSKH01  田尻          34.398  135.284     2     2     1             2     1.2
  KMMH16  益城          32.797  130.820     1     2     1             2     0.7
  EHMH09  伊方          33.472  132.307     1     1     1             2     1.0
  IWT016  川井          39.600  141.679     1     2     0             2     0.7
  MYG011  牡鹿          38.305  141.504     1     2     1             2     0.8
  IBUH07  大滝          42.648  141.064     1     2     1             2     1.0
  FKI010  高浜          35.490  135.551     1     2     0             2     1.2
  HKD078  塘路          43.149  144.498     2     1     0             2     1.3
  IWT001  種市          40.410  141.719     2     2     1             2     0.7
  TYM009  八尾          36.586  137.141     1     2     1             2     1.3
  TKCH05  本別          43.121  143.618     1     1     2             2     0.9
  OSKH05  大阪          34.716  135.520     2     2     1             2     1.3
  HYG009  黒井          35.169  135.104     1     1     1             2     0.7
  KMM002  山鹿          33.019  130.685     1     2     1             2     1.1
  AOMH17  名川          40.449  141.337     2     1     1             2     1.2
  SZOH41  南伊豆        34.675  138.834     2     1     1             2     1.2
  NIG024  安塚          37.127  138.444     1     1     1             2     1.2
  ABSH07  白滝          43.849  143.086     2     2     1             2     1.0
  MYZ016  日南          31.613  131.374     1     1     1             2     1.0
  NIGH13  牧            37.054  138.397     1     2     1             2     1.2
  YMG018  東和          33.909  132.356     1     1     0             2     1.0
  KMMH13  上            32.221  130.910     1     1     1             2     0.8
  NIG023  津南          37.015  138.653     1     2     1             2     1.2
  AOMH12  十和田湖東    40.585  141.155     2     1     1             2     1.2
  ISK014  加賀          36.303  136.315     1     1     1             2     1.2
  SZOH25  新居          34.691  137.560     1     1     1             2     1.1
  OSMH01  知内          41.598  140.421     1     1     1             2     1.3
  AOM019  五所川原      40.815  140.447     1     2     1             2     1.3
  SZOH40  河津          34.783  138.970     1     2     1             2     1.0
  HKD085  白糠          42.958  144.070     1     2     1             2     1.1
  OKN004  那覇          26.250  127.679     1     1     1             2     0.9
  TYMH04  魚津          36.791  137.469     1     1     1             2     1.3
  NGNH30  奈川          36.064  137.685     1     1     1             2     1.2
  YMTH04  上山          38.081  140.298     1     2     1             2     0.9
  FKO004  行橋          33.739  131.010     1     1     0             2     0.9
  OSK007  羽曳野        34.558  135.606     1     1     1             2     1.2
  IWTH01  二戸東        40.238  141.342     1     2     1             2     0.9
  HKD173  青苗          42.066  139.452     1     1     0             2     1.2
  TYMH06  八尾          36.571  137.160     1     1     1             2     1.2
  IKRH02  新篠津        43.220  141.652     2     1     1             2     1.3
  AKTH02  西木南        39.663  140.572     1     2     1             2     1.3
  NMRH03  中標津        43.551  144.966     2     1     1             2     1.0
  ISK009  七塚          36.733  136.702     1     1     1             2     1.2
  NGN005  白馬          36.698  137.854     1     1     1             2     1.2
  KGSH07  姶良          31.714  130.615     2     1     1             2     1.0
  AOMH14  西目屋        40.549  140.273     1     1     1             2     0.7
  YMN007  南部          35.279  138.465     2     1     1             2     1.2
  OKN006  久米島        26.350  126.748     1     1     1             2     1.0
  IWTH11  一戸          40.081  141.191     1     1     1             2     1.0
  YMG013  防府          34.031  131.535     1     2     1             2     0.7
  SMNH16  加茂          35.342  132.899     2     1     1             2     0.7
  AICH13  清洲          35.218  136.851     1     2     1             2     1.2
  KMMH09  泉            32.490  130.905     1     1     1             2     0.7
  TYM003  魚津          36.816  137.419     1     1     1             2     1.1
  FKOH07  大刀洗        33.368  130.635     2     1     0             2     1.1
  KGW005  観音寺        34.114  133.635     1     1     1             2     0.9
  FKOH06  豊前          33.593  131.135     1     1     2             2     0.9
  SZO024  浜松          34.710  137.720     1     1     1             2     1.1
  HKD095  帯広          42.931  143.214     2     1     1             2     1.0
  HKD175  浜益          43.602  141.388     1     1     1             2     0.6
  EHM016  伊予          33.765  132.709     1     1     0             2     1.1
  TKS010  貞光          34.038  134.061     1     1     1             2     0.5
  KYT004  宮津          35.535  135.196     1     2     0             2     0.9
  HKD134  大滝          42.671  141.079     1     2     1             2     0.6
  KGS009  国分          31.737  130.761     2     1     1             2     1.0
  KSRH03  標茶北        43.385  144.628     1     1     1             2     1.1
  IWT008  大船渡        39.081  141.708     1     1     1             2     0.8
  HKD079  標茶          43.303  144.600     1     1     0             2     0.9
  OIT011  佐賀関        33.246  131.881     1     1     1             2     0.7
  HKD065  薫別          43.794  145.056     1     1     2             2     0.9
  IKRH03  千歳          42.888  141.640     1     1     1             2     1.2
  YMGH07  菊川          34.115  131.051     1     1     0             2     1.0
  OKN005  知念          26.169  127.827     1     1     1             2     1.0
  IBUH05  白老          42.563  141.350     1     1     1             2     1.2
  SZO025  湖西          34.719  137.531     1     1     0             2     1.1
  SZO014  静岡          34.965  138.374     1     2     1             2     1.2
  KSRH02  阿寒南        43.114  144.123     1     1     1             1     0.9
  KMMH12  人吉          32.205  130.737     1     1     1             1     0.8
  NGNH03  阿智2         35.479  137.735     1     1     1             1     1.2
  HKD185  支笏湖畔      42.776  141.402     1     1     1             1     0.7
  HKD130  白老          42.563  141.350     1     1     1             1     1.2
  HKD084  阿寒          43.114  144.123     1     1     1             1     0.8
  YMN011  芦安          35.638  138.383     1     1     1             1     1.0
  KOC002  室戸          33.290  134.168     1     1     1             1     0.7
  AKTH11  男鹿          39.955  139.762     1     1     1             1     1.2
  AIC015  豊橋          34.755  137.405     1     1     0             1     1.2
  MYG018  伊里前        38.719  141.523     1     1     1             1     0.8
  SOYH06  豊富          45.102  141.783     1     1     1             1     0.7
  HKD110  様似          42.131  142.935     1     1     0             1     0.8
  KSRH04  標茶南        43.214  144.680     1     1     1             1     0.8
  SIG008  永源寺        35.070  136.295     1     1     1             1     1.1
  KMMH07  三角          32.623  130.558     1     1     1             1     0.6
  MYZ020  椎葉          32.455  131.147     1     1     1             1     0.8
  AICH17  豊根          35.184  137.727     1     1     1             1     0.5
  GIFH20  下呂北        35.799  137.253     1     1     0             1     0.8
  KOC014  中村          32.989  132.938     1     1     0             1     1.0
  KGS010  串木野        31.712  130.274     1     1     1             1     0.8
  TTR002  鳥取          35.485  134.220     1     1     1             1     1.0
  AICH23  常滑2         34.881  136.832     1     1     1             1     1.0
  KGS008  蒲生          31.762  130.570     1     1     1             1     0.9
  SBSH06  蘭越          42.831  140.483     1     1     1             1     1.1
  KGS001  東            32.195  130.176     1     1     1             1     0.6
  YMG010  美川          34.230  131.982     0     1     1             1     0.5
  SIG011  信楽          34.878  136.059     1     1     0             1     0.8
  NGNH29  野沢温泉      36.910  138.441     1     1     1             1     1.1
  KGS004  阿久根        32.014  130.193     1     1     1             1     0.8
  AICH09  豊橋          34.664  137.390     1     1     1             1     1.1
  YMTH09  戸沢          38.750  140.178     1     1     1             1     1.0
  OSMH02  上磯          41.837  140.633     1     1     1             1     1.2
  IKRH01  当別          43.409  141.584     1     1     1             1     0.7
  AKT014  角館          39.595  140.555     1     1     0             1     1.1
  HKD070  本別海        43.385  145.284     1     1     0             1     0.9
  ISKH05  穴水          37.222  136.969     1     1     0             1     1.0
  AIC004  名古屋        35.063  136.974     1     1     1             1     1.1
  IWTH12  九戸          40.153  141.424     1     1     0             1     0.5
  OKN007  狩俣          24.853  125.296     1     1     1             1     0.6
  HKD018  正修          44.545  141.965     1     1     1             1     0.8
  YMT013  小国          38.062  139.757     1     1     0             1     0.9
  YMT005  肘折          38.607  140.162     1     1     1             1     1.0
  SIG010  大津          34.972  135.897     1     1     0             1     1.1
  SIG012  甲賀          34.904  136.231     1     1     0             1     1.1
  EHMH08  柳谷          33.539  133.002     1     1     1             1     0.5
  AKTH06  雄勝          38.980  140.495     1     1     1             1     0.9
  AKT010  秋田          39.722  140.100     1     1     1             1     1.0
  NGS023  郷ノ浦        33.750  129.690     0     1     1             1     0.8
  SAGH05  白石          33.181  130.105     1     1     0             1     0.9
  OKYH11  勝央          35.073  134.116     1     1     1             1     0.9
  FKO016  大牟田        33.016  130.447     0     0     1             1     0.6
  OITH11  九重          33.284  131.212     1     1     1             1     0.8
  KYTH02  伊根          35.710  135.250     1     1     0             1     0.9
  HKD162  福島          41.486  140.247     0     1     0             1     1.0
  IBUH01  追分          42.874  141.819     1     1     0             1     1.0
  HKD076  厚岸          43.051  144.850     1     1     1             1     1.0
  GIFH15  高山          36.134  137.221     1     1     1             1     0.6
  NGNH34  大町中        36.533  137.820     1     1     1             1     1.0
  TTR006  赤碕          35.511  133.630     1     1     1             1     0.6
  MYGH02  鳴子          38.859  140.651     1     1     1             1     1.0
  AKTH04  東成瀬        39.174  140.713     1     1     1             1     0.6
  SMNH04  邑智          35.092  132.531     1     1     0             1     0.8
  ABSH06  湧別北        44.215  143.620     1     1     1             1     0.9
  ISK011  小松          36.397  136.443     1     1     0             1     1.1
  IWTH19  花巻北        39.456  141.000     1     1     1             1     0.6
  SRCH09  栗山          43.059  141.806     1     1     0             1     1.0
  KKWH08  占冠          43.041  142.656     1     1     0             1     0.5
  AKT002  大館          40.268  140.566     1     1     0             1     1.0
  KGWH02  三野          34.198  133.708     1     1     0             1     0.5
  YMGH14  萩            34.398  131.377     1     1     0             1     0.8
  IWT015  川尻          39.318  140.779     1     1     1             1     0.5
  SZO019  掛川          34.770  137.998     1     1     1             1     1.0
  HYGH11  山東          35.292  134.907     1     1     0             1     0.8
  WKY008  田辺          33.729  135.377     1     1     1             1     0.7
  MYGH04  東和          38.786  141.325     1     1     1             1     0.5
  MYGH03  唐桑          38.921  141.638     1     1     1             1     0.6
  EHMH04  丹原          33.902  133.066     1     1     0             1     0.8
  KYTH01  野田川        35.524  135.124     1     1     0             1     0.8
  HKD094  士幌          43.169  143.241     1     1     0             1     0.9
  KOCH11  室戸          33.287  134.160     1     1     1             1     0.7
  KSRH06  鶴居東        43.220  144.429     1     1     1             1     0.8
  AOMH08  鰺ヶ沢        40.762  140.312     1     1     1             1     0.9
  HRSH14  沖美          34.209  132.406     0     1     0             1     0.8
  NGNH23  南木曽        35.606  137.611     1     1     1             1     0.9
  IWTH06  二戸西        40.261  141.171     1     1     1             1     0.8
  YMGH10  むつみ        34.484  131.633     1     1     0             1     0.7
  FKIH02  織田          35.948  136.056     1     1     0             1     0.8
  KMMH03  菊池          32.998  130.830     1     1     1             1     0.6
  KKWH11  和寒          43.975  142.283     1     1     0             1    <0.5
  KYTH03  福知山        35.313  135.133     1     1     0             1     0.9
  HRSH13  広島南        34.412  132.391     1     1     0             1     0.7
  MYZH13  都城南        31.730  131.079     1     1     0             1     0.8
  NGNH07  中野          36.743  138.376     1     1     0             1     0.8
  KGSH05  祁答院        31.870  130.496     1     1     1             1     0.5
  TKCH08  大樹          42.486  143.152     1     1     0             1    <0.5
  HRSH11  神石          34.822  133.167     1     0     0             1     0.8
  FKOH01  北九州        33.885  130.980     1     1     0             1     0.7
  SZOH31  川根          34.940  138.077     1     1     1             1     0.8
  TKCH04  新得南        43.174  142.918     1     1     1             1     0.6
  SRCH08  砂川          43.514  141.909     1     1     1             1     0.9
  TTRH06  河原          35.395  134.199     1     1     0             1     0.7
  SBSH08  喜茂別        42.768  140.977     1     1     0             1    <0.5
  ABSH02  興部西        44.423  143.026     0     0     1             1    <0.5
  OKYH08  哲多          34.910  133.405     1     0     0             1     0.7
  KGSH11  佐多          31.090  130.699     1     1     1             1    <0.5
  HRSH08  佐伯          34.394  132.161     1     1     0             1     0.6
  YMNH10  早川北        35.535  138.309     1     1     1             1     0.8
  KYTH04  美山          35.269  135.551     1     1     1             1     0.7
  IWTH22  東和          39.334  141.302     1     1     0             1    <0.5
  SIGH03  信楽          34.853  136.032     1     1     0             1     0.5
  MIEH10  芸濃          34.822  136.424     1     1     1             1     0.7
  ABSH12  小清水        43.857  144.457     1     1     1             1     0.7
  NGSH03  佐世保南      33.126  129.810     1     0     0             1     0.5
  GIFH03  根尾          35.633  136.613     1     1     1             1     0.6
  HYGH10  加古川        34.816  134.808     1     1     0             1     0.5
  HYGH14  出石          35.457  134.862     0     1     0             1     0.7
  AOMH06  六ヶ所        40.966  141.374     1     1     1             1     0.8
  YMGH04  周東          34.027  132.063     1     1     0             1     0.6
  TKCH03  足寄西        43.271  143.432     1     1     0             1     0.7
  SBSH05  倶知安        42.950  140.822     1     1     1             1     0.5
  IWTH18  川井南        39.463  141.678     1     1     1             1     0.5
  IWTH23  釜石          39.274  141.823     1     1     1             1     0.5
  AKTH09  田代          40.276  140.460     1     1     1             1     0.8
  YMGH17  東和          33.929  132.405     1     1     0             1     0.5
  NIGH07  村松          37.666  139.261     1     1     1             1     0.6
  SZOH30  水窪北        35.223  137.918     1     1     0             1     0.8
  YMTH13  朝日          38.470  139.761     1     1     0             1     0.5
  NMRH02  標津南        43.677  144.962     1     1     0             1     0.5
  HDKH01  平取西        42.703  142.230     1     1     0             1     0.8
  YMGH03  岩国          34.189  132.126     1     1     0             1     0.6
  TKSH05  海南          33.663  134.316     1     1     1             1     0.5
  KGSH09  知覧          31.374  130.433     1     1     1             1    <0.5
  KGSH08  大隅          31.562  130.997     1     1     0             1     0.5
  OKYH03  岡山          34.778  133.789     1     1     0             1     0.5
  FKIH07  小浜          35.457  135.727     1     1     0             1     0.6
  KOCH07  須崎          33.392  133.287     0     1     0             1    <0.5
  SMNH13  江津          35.009  132.307     1     1     0             1    <0.5
  OKYH05  建部          34.868  133.853     1     0     0             1     0.5
  KMMH10  新和          32.315  130.181     1     1     1             1    <0.5
  IWTH17  川井北        39.644  141.598     1     1     1             1     0.5
  HDKH04  門別西        42.513  142.038     1     1     1             1     0.7
  RMIH05  小平西        44.025  141.788     1     1     1             1    <0.5
  HRSH16  吉田          34.663  132.669     0     1     0             1     0.5
  GIFH12  坂内          35.603  136.413     0     1     0             1     0.5
  WKYH07  上富田        33.689  135.440     1     1     1             1     0.5
  HRSH17  戸河内        34.572  132.233     1     1     0             1     0.5
  MIEH01  四日市        34.985  136.456     1     1     1             1     0.6
  SMNH05  羽須美        34.870  132.640     1     1     0             1     0.5
  AOMH10  黒石          40.609  140.665     1     1     0             1     0.6
  HDKH07  様似          42.133  142.916     1     1     0             1     0.7
  AICH22  豊橋北        34.785  137.439     1     0     0             1    <0.5
  HYGH03  波賀          35.219  134.524     0     1     0             1     0.5
  KOCH03  大正          33.268  132.989     1     1     1             1    <0.5
  KMMH11  芦北          32.292  130.578     1     0     1             1    <0.5
  ABSH09  斜里南        43.927  144.807     1     0     1             1     0.6
  TTRH02  日野          35.231  133.391     1     1     0             1     0.5
  OKYH04  真備          34.643  133.686     1     1     0             1     0.5
  SMNH11  平田          35.426  132.801     1     1     1             1     0.5
  AOMH01  大間          41.527  140.913     1     1     1             1     0.8
  KOCH10  伊野          33.531  133.439     1     1     0             1    <0.5
  NGSH01  平戸          33.212  129.435     1     0     0             1    <0.5
  HYGH08  加美          35.101  134.904     1     1     0             1     0.5
  IBUH02  穂別          42.871  142.129     0     1     0             1     0.6
  KGSH06  郡山          31.699  130.459     0     1     1             1     0.5
  NMRH01  標津北        43.785  145.025     1     1     1             1     0.6
  NGNH54  飯田          35.449  138.006     1     1     0             1     0.6
  KOCH02  吾北          33.708  133.364     1     0     1             1    <0.5
  SZOH32  龍山東        35.009  137.841     1     1     1             1    <0.5
  KSRH05  鶴居西        43.256  144.234     1     1     0             1    <0.5
  IWTH14  田老          39.743  141.909     1     1     0             1    <0.5
  AICH16  設楽          35.154  137.535     1     1     0             1    <0.5
  OITH03  安岐          33.474  131.686     1     1     1             1    <0.5
  HRSH15  倉橋          34.116  132.505     0     1     0             1    <0.5
  OKYH06  美星          34.676  133.528     1     0     0             1    <0.5
  SZOH36  藤枝          34.914  138.201     1     1     0             1     0.6
  MYZH08  川南          32.213  131.531     1     0     0             1    <0.5
  EHMH06  日吉          33.335  132.798     1     1     0             1    <0.5
  SMNH09  匹見          34.572  132.012     1     0     0             1    <0.5
  GIFH26  各務原        35.412  136.876     1     1     0             1    <0.5
  ABSH11  女満別        43.914  144.191     1     1     0             1     0.6
  TKSH01  日和佐        33.775  134.499     1     0     0             1    <0.5
  SMNH12  吉田          35.163  132.856     1     1     0             1    <0.5
  GIFH08  大和          35.832  136.962     1     0     0             1     0.5
  OKYH09  湯原          35.181  133.677     1     1     0             1    <0.5
  OITH10  佐伯          32.928  131.869     0     1     0             1    <0.5
  SZOH53  掛川3         34.877  138.017     1     1     1             1     0.5
  OKYH12  大原          35.100  134.319     1     1     0             1    <0.5
  MIEH08  松阪          34.542  136.503     0     1     0             1    <0.5
  KOCH04  大月          32.841  132.707     0     1     0             1    <0.5
  SOYH09  歌登北        44.857  142.487     1     1     0             1    <0.5
  YMGH16  上関          33.826  132.104     0     1     0             1    <0.5
  NGNH25  南信濃        35.299  137.927     1     1     1             1     0.6
  MIEH09  紀宝          33.764  135.997     1     1     0             1    <0.5
  GIFH19  朝日南        36.022  137.391     1     0     0             1    <0.5
  FKOH08  小石原        33.465  130.828     0     0     1             1    <0.5
  AKTH14  鹿角          40.062  140.808     1     0     0             1    <0.5
  TKSH06  井川          34.000  133.893     1     1     0             1    <0.5
  HRSH04  沼隈          34.379  133.349     0     1     0             1    <0.5
  FKOH03  宇美          33.561  130.550     0     1     0             1    <0.5
  HDKH03  門別東        42.593  142.352     1     1     0             1    <0.5
  HYGH01  三原          34.294  134.794     0     1     0             1    <0.5
  AKTH08  藤里          40.319  140.234     1     1     1             1     0.5
  SMNH15  鹿島          35.523  133.023     0     1     0             1    <0.5
  FKSH01  西会津        37.757  139.715     1     1     1             1     0.5
  EHMH13  三崎          33.372  132.116     0     1     0             1    <0.5
  GIFH25  谷汲          35.521  136.613     0     1     0             1    <0.5
  KGWH01  綾上          34.219  133.949     1     0     0             1    <0.5
  AOMH18  田子          40.296  141.014     0     0     1             1    <0.5
  FKOH10  浮羽          33.289  130.817     0     0     1             1    <0.5
  KGWH03  三木          34.270  134.148     1     0     0             1    <0.5
  HRSH01  三原          34.374  133.024     0     1     0             1    <0.5
  MYZH10  国富          32.022  131.290     1     0     0             1    <0.5
  KOCH01  北川          33.542  134.120     1     0     0             1    <0.5
  FKIH01  永平寺        36.096  136.362     1     0     0             1    <0.5
  ABSH14  美幌          43.723  144.184     1     1     1             1    <0.5
  MIEH05  尾鷲          34.064  136.169     0     1     0             1    <0.5
  AKTH13  阿仁          39.982  140.407     0     1     0             1    <0.5
  IWTH07  軽米          40.270  141.571     1     0     0             1    <0.5
  SMNH02  仁多          35.224  133.086     0     0     0             1    <0.5
  GIFH23  板取          35.724  136.785     0     1     0             1    <0.5
  EHMH03  新宮          33.915  133.650     1     0     0             1    <0.5
  SRCH06  深川南        43.695  142.078     1     0     0             1    <0.5
  IWTH09  久慈南        40.086  141.712     1     1     0             1    <0.5
  TKCH11  清水          42.874  142.883     0     1     0             1    <0.5
  AKTH07  小坂          40.456  140.839     0     1     0             1    <0.5
  KKWH04  名寄          44.438  142.406     1     0     0             1    <0.5
  KSRH08  白糠北        43.160  143.894     0     1     0             1    <0.5
  MIEH06  宮川          34.358  136.329     0     0     0             1    <0.5
  EHMH07  河辺          33.502  132.748     0     1     0             1    <0.5
  KKWH14  中富良野      43.384  142.524     0     0     0             1    <0.5
  MYZH15  日向          32.365  131.589     0     0     0             1    <0.5
  NARH06  山添          34.641  136.051     0     0     0             1    <0.5
  IWTH03  岩泉          39.802  141.652     1     1     0             1    <0.5
  KOCH12  芸西          33.529  133.819     0     0     0             1    <0.5
  HYGH04  篠山          35.071  135.281     1     0     0             1    <0.5
  WKYH09  和歌山        34.287  135.071     0     0     0             1    <0.5
  TKCH02  足寄東        43.382  143.898     1     0     0             1    <0.5
  KOCH08  土佐清水      32.780  132.972     0     0     0             1    <0.5
  AICH15  足助          35.139  137.336     0     1     0             1    <0.5
  AOMH07  深浦          40.745  140.023     1     0     0             1    <0.5
  SAGH01  鎮西          33.508  129.888     0     0     1             1    <0.5
  IWTH13  葛巻          39.940  141.549     0     0     0             1    <0.5
  OITH01  山国          33.412  131.033     0     1     1             1    <0.5
  GIFH21  美並          35.666  136.962     0     0     0             1    <0.5
  SOYH10  歌登南        44.743  142.604     0     0     1             1    <0.5
  YMGH15  徳山          33.972  131.815     0     0     0             1    <0.5
  HYGH07  夢前          35.032  134.670     0     1     0             1    <0.5
  HRSH18  東広島        34.457  132.792     0     1     0             1    <0.5
  MIEH03  嬉野          34.547  136.369     0     0     0             1    <0.5
  HYGH02  南光          35.067  134.423     0     1     0             1    <0.5
  HRSH03  御調          34.518  133.137     0     1     0             1    <0.5
  TKCH01  陸別          43.468  143.683     1     0     0             1    <0.5
  AICH20  新城          34.898  137.488     0     1     0             1    <0.5
  KKWH02  美深東        44.551  142.574     0     0     1             1    <0.5
  SBSH04  共和          42.976  140.622     0     0     0             1    <0.5
  EHMH05  砥部          33.711  132.803     0     0     0             1    <0.5
  SOYH04  稚内東        45.230  141.881     0     0     1             1    <0.5
  KOCH05  池川          33.647  133.144     0     0     0             1    <0.5
  AOMH15  大鰐          40.484  140.556     1     0     0             1    <0.5
  IWTH10  安代          40.139  140.953     1     0     0             1    <0.5
  MIEH04  度会          34.353  136.587     0     0     0             1    <0.5
  AKTH10  大館          40.300  140.581     0     1     0             1    <0.5
  AOMH11  十和田湖西    40.580  140.995     0     0     0             1    <0.5
  NARH03  川上          34.292  136.002     0     0     0             1    <0.5
  GIFH07  春日          35.418  136.435     0     0     0             1    <0.5
  ABSH15  置戸東        43.635  143.510     0     0     0             1    <0.5
  KKWH05  下川西        44.292  142.630     0     0     0             1    <0.5
  OITH08  宇目西        32.839  131.536     0     0     0             1    <0.5
  ABSH01  雄武          44.528  142.844     0     0     0             1    <0.5
  SZOH24  引佐          34.834  137.662     0     0     0             1    <0.5
  MIEH02  大山田        34.766  136.284     0     0     0             0    <0.5
  SMNH01  伯太          35.296  133.260     0     0     0             0    <0.5
  SBSH10  島牧          42.780  140.156     0     0     0             0    <0.5
  HYMH02  厚沢部        41.986  140.309     0     0     0             0    <0.5
  KGSH12  内之浦        31.258  131.088     0     0     0             0    <0.5
  GIFH10  神岡          36.378  137.372     0     0     0             0    <0.5
  HYMH01  北檜山        42.485  139.968     0     0     0             0    <0.5
  AKTH15  協和          39.688  140.407     0     0     0             0    <0.5
  GIFH11  八百津        35.486  137.246     0     0     0             0    <0.5
  ISKH09  尾口          36.267  136.717     0     0     0             0    <0.5
  SRCH02  幌加内中      44.116  142.141     0     0     0             0    <0.5
  GIFH27  美濃加茂      35.453  137.004     0     0     0             0    <0.5
  AICH18  岡崎          34.964  137.238     0     0     0             0    <0.5
  HYGH06  相生          34.794  134.479     0     0     0             0    <0.5
  NGSH06  長崎          32.700  129.863     0     0     0             0    <0.5
  KMMH06  白水          32.811  131.101     0     0     0             0    <0.5
  KKWH10  中川          44.662  142.053     0     0     0             0    <0.5
  KKWH15  上川          43.855  142.766     0     0     0             0    <0.5
  EHMH12  宇和          33.427  132.506     0     0     0             0    <0.5
  MIEH07  志摩          34.254  136.822     0     0     0             0    <0.5
  KGSH03  宮之城        31.981  130.444     0     0     0             0    <0.5
  TKCH10  新得北        43.334  142.945     0     0     0             0    <0.5
  AICH19  作手          34.951  137.411     0     0     0             0    <0.5
  GIFH24  東白川        35.640  137.319     0     0     0             0    <0.5
  KKWH12  美瑛東        43.504  142.601     0     0     0             0    <0.5
  GIFH14  上宝          36.249  137.517     0     0     0             0    <0.5
  KKWH03  美深西        44.473  142.273     0     0     0             0    <0.5
  HYGH12  新宮          34.931  134.542     0     0     0             0    <0.5
  EHMH10  宮窪          34.192  133.058     0     0     0             0    <0.5
  SAGH04  東脊振        33.365  130.405     0     0     0             0    <0.5
  SOYH01  猿払北        45.335  142.119     0     0     0             0    <0.5
  KKWH09  音威子府      44.775  142.254     0     0     0             0    <0.5
  TYMH07  利賀          36.441  137.039     0     0     0             0    <0.5
  SBSH02  泊            43.053  140.502     0     0     0             0    <0.5
  MYZH16  延岡          32.506  131.696     0     0     0             0    <0.5
  HDKH05  新冠          42.598  142.545     0     0     0             0    <0.5
  ABSH10  佐呂間        44.081  143.946     0     0     0             0    <0.5
  SRCH10  夕張          42.993  142.008     0     0     0             0    <0.5
  SOYH07  浜頓別        45.100  142.431     0     0     0             0    <0.5
  ABSH05  滝上南        44.115  143.011     0     0     0             0    <0.5
  EHMH11  大洲          33.581  132.601     0     0     0             0    <0.5
  SOYH08  中頓別        44.939  142.225     0     0     0             0    <0.5
  SOYH05  稚内北        45.488  141.885     0     0     0             0    <0.5
  KKWH06  下川東        44.321  142.766     0     0     0             0    <0.5
  ABSH03  興部東        44.384  143.241     0     0     0             0    <0.5