最大加速度リスト

地震発生時刻   2018/10/02-12:28:00.00
震央北緯       36.4°
震央東経       141.1°
震源深さ       46.0km
マグニチュード M4.6

  コード  観測点名      緯度    経度     最大加速度 (ガル) 三成分合成値 計測震度
　　　　　 　　         北緯    東経      N-S   E-W   U-D        (ガル)         
  IBRH06  北茨城2       36.881  140.655    19    21     8            28     2.0
  IBR003  日立          36.592  140.645    22    27    10            28     2.0
  TCG014  茂木          36.545  140.174    23    19     5            27     2.7
  IBR013  鉾田          36.159  140.489    23    26    14            27     2.6
  IBR007  那珂湊        36.352  140.595    21    21     9            25     2.5
  IBR005  笠間          36.385  140.237    21    21     8            24     2.3
  IBRH18  ひたちなか    36.363  140.620    18    20    10            23     2.4
  IBR018  鹿嶋          35.977  140.632    14    20     8            21     2.1
  IBRH14  十王          36.692  140.548    11    10    19            19     1.2
  IBR002  高萩          36.706  140.707    13    15     9            17     2.1
  FKS008  船引          37.436  140.567    16    10     3            16     1.6
  TCGH16  芳賀          36.548  140.075    13    13     4            15     2.3
  IBR001  大子          36.776  140.357     7    12     6            13     1.9
  IBR006  水戸          36.369  140.453    10    10     6            13     1.8
  IBRH16  山方          36.641  140.398    12    11     4            13     1.8
  IBRH11  岩瀬          36.370  140.140    12    12     5            13     2.1
  IBRH15  御前山        36.557  140.301    12    11     6            13     1.7
  IBR014  土浦          36.073  140.195    10    12     4            12     1.8
  FKS014  矢祭          36.886  140.417     6     9     3            11     1.3
  CHBH06  匝瑳          35.721  140.505     7     8     5            10     1.7
  FKSH10  西郷          37.162  140.093     8     7     5            10     1.5
  FKSH09  郡山          37.353  140.426     9     6     2            10     1.0
  FKSH12  平田          37.217  140.570     9     6     3             9     1.6
  FKS016  白河          37.123  140.191     7     9     3             9     1.6
  IBRH13  高萩          36.795  140.575     8     7     5             9     1.6
  IBRH10  石下          36.111  139.989     8     8     5             9     1.8
  IBR004  大宮          36.552  140.410     9     7     5             9     1.3
  FKSH18  三春          37.489  140.538     7     8     6             9     1.6
  IBRH17  霞ヶ浦        36.086  140.314     8     8     5             9     1.7
  IBR017  江戸崎        35.954  140.319     9     7     5             9     1.3
  TCG009  今市          36.726  139.715     8     7     3             9     1.9
  CHB010  八日市場      35.708  140.568     5     8     3             9     1.1
  FKS004  飯舘          37.680  140.735     8     4     2             8     1.0
  IBR016  取手          35.911  140.049     8     7     5             8     1.6
  IBR012  石岡          36.195  140.271     7     7     5             8     1.7
  IBR011  つくば        36.125  140.090     5     8     2             8     1.5
  FKS018  郡山          37.396  140.362     7     7     3             8     1.4
  CHB004  佐原          35.901  140.490     7     6     5             7     1.3
  FKSH11  矢吹          37.201  140.339     7     4     5             7     1.2
  TCG013  真岡          36.437  140.023     6     6     4             7     1.4
  CHB001  野田          35.959  139.873     5     6     2             7     1.5
  TCGH12  氏家          36.696  139.984     5     7     2             7     1.1
  FKS019  二本松        37.603  140.437     6     5     3             7     1.2
  IBR010  下妻          36.184  139.965     5     6     3             7     1.6
  CHB003  白井          35.794  140.056     5     6     3             7     1.5
  CHB007  佐倉          35.723  140.227     6     5     3             6     1.4
  FKS006  葛尾          37.503  140.759     6     5     3             6     1.2
  IBRH07  江戸崎        35.952  140.330     6     3     5             6     1.2
  FKSH19  都路          37.470  140.723     6     5     3             6     1.0
  TCGH14  粟野          36.551  139.615     3     4     1             6    <0.5
  TCGH10  大田原        36.858  140.023     5     4     2             5     1.2
  TCGH06  真岡          36.446  139.951     4     5     1             5     1.2
  GNMH12  神流          36.144  138.913     5     3     2             5     1.4
  FKSH08  長沼          37.282  140.214     4     5     1             5     0.8
  CHB012  東金          35.573  140.333     3     4     2             5     1.2
  FKS013  古殿          37.090  140.556     5     4     2             5     1.2
  CHB009  千葉          35.608  140.102     4     3     1             5     0.8
  MYGH07  川崎          38.180  140.641     3     4     1             5     0.8
  FKS009  小野          37.278  140.635     5     4     2             5     0.7
  FKS024  中野          37.396  140.132     4     4     2             5     1.2
  CHB005  銚子          35.736  140.830     3     3     2             5     0.9
  TCGH11  今市          36.708  139.769     4     5     2             5     0.9
  TCG003  藤原          36.814  139.715     3     4     1             4     0.9
  FKSH14  いわき東      37.026  140.970     3     3     1             4     0.9
  FKS029  桧枝岐        37.016  139.380     4     3     0             4    <0.5
  FKS005  原町          37.639  140.985     4     3     1             4     0.6
  FKS007  大熊          37.406  140.963     4     4     2             4     0.6
  FKS012  勿来          36.907  140.793     3     3     2             4     0.9
  GNM009  桐生          36.411  139.325     3     4     1             4     0.8
  FKS011  いわき        37.091  140.904     4     3     2             4     1.0
  FKS023  会津若松      37.477  139.929     3     4     1             4     1.3
  FKS010  広野          37.234  141.002     3     4     1             4     0.7
  CHBH13  成田          35.831  140.298     4     4     2             4     1.1
  FKS017  須賀川        37.284  140.369     4     3     2             4     1.1
  TCG006  小川          36.764  140.130     3     3     2             4     0.9
  CHBH04  下総          35.797  140.021     3     3     2             4     1.0
  TCG001  黒磯          36.942  140.083     2     3     2             4     1.0
  TCG016  北高岡        36.529  140.156     3     3     1             4     0.9
  FKSH20  浪江          37.491  140.987     3     3     1             3     1.0
  FKSH17  川俣          37.664  140.597     2     3     1             3     0.8
  MYG015  岩沼          38.105  140.870     2     3     1             3     1.0
  CHB002  松戸          35.787  139.903     3     3     3             3     0.8
  FKS015  棚倉          37.022  140.377     3     3     1             3     0.6
  TCG015  芹沼          36.749  139.714     3     3     1             3     0.7
  MYGH10  山元          37.941  140.892     2     3     1             3     0.5
  TCG005  矢板          36.806  139.926     3     2     1             3     0.6
  SIT008  春日部        35.983  139.746     2     3     1             3     0.9
  FKS003  福島          37.761  140.480     2     2     1             3     0.7
  FKS002  梁川          37.845  140.601     2     2     0             2    <0.5
  GNM001  片品          36.772  139.225     2     2     1             2    <0.5
  SIT006  秩父          35.995  139.071     2     2     0             2    <0.5
  IBRH19  つくば        36.214  140.089     2     2     1             2    <0.5
  TKY026  宇喜田        35.670  139.863     2     2     1             2     0.6
  SIT004  長瀞          36.118  139.105     2     2     1             2    <0.5
  SITH06  川本          36.113  139.289     2     2     1             2     0.5
  CHB011  蓮沼          35.588  140.497     2     2     1             2     0.7
  FKS020  猪苗代        37.547  140.108     2     2     1             2     0.7
  TCGH08  栗山東        36.883  139.646     2     2     1             2     0.5
  FKS031  川内          37.336  140.813     2     2     1             2     0.5
  TKY017  辰巳          35.647  139.809     1     2     1             2     0.6
  CHB029  行徳          35.695  139.918     2     2     1             2     0.7
  TCG010  足尾          36.635  139.438     2     2     1             2     0.5
  GNMH05  伊勢崎        36.314  139.185     2     2     1             2    <0.5
  FKS001  相馬          37.795  140.920     2     2     1             2     0.5
  GNM003  沼田          36.658  139.078     2     2     1             2     0.5
  TKY021  猿江          35.688  139.819     2     2     1             2     0.5
  SIT003  久喜          36.072  139.697     1     2     1             2     0.6
  TKY024  奥戸          35.740  139.862     2     1     1             2     0.5
  MYG017  角田          37.976  140.782     1     2     1             2     0.5
  CHB014  姉崎          35.477  140.049     2     2     1             2     0.6
  SITH05  神泉          36.151  139.050     1     1     0             2    <0.5
  GNM016  万場          36.116  138.925     2     1     0             2    <0.5
  SITH10  都幾川        35.996  139.219     1     2     1             2    <0.5
  TCGH09  矢板          36.862  139.836     1     1     1             2    <0.5
  CHBH10  千葉          35.546  140.242     1     2     1             2    <0.5
  MYGH14  利府          38.340  140.955     2     1     1             2    <0.5
  TKY028  越中島        35.669  139.789     1     1     1             2    <0.5
  SIT007  東松山        36.054  139.391     1     1     1             2    <0.5
  TKYH12  八王子        35.670  139.265     1     1     1             1    <0.5
  SITH08  小鹿野        36.027  138.969     1     1     0             1    <0.5
  GNM006  吾妻          36.510  138.752     1     1     0             1    <0.5
  YMTH04  上山          38.081  140.298     1     1     0             1    <0.5
  GNMH07  利根          36.700  139.210     1     1     1             1    <0.5
  GNMH14  みどり        36.493  139.322     1     1     1             1    <0.5
  SITH07  名栗          35.912  139.149     1     1     0             1    <0.5
  FKSH05  下郷          37.254  139.873     1     1     0             1    <0.5
  MYGH08  岩沼          38.113  140.844     1     1     1             1    <0.5
  KNGH18  藤野          35.644  139.128     1     1     0             1    <0.5
  MYGH09  白石          38.009  140.603     1     1     1             1    <0.5
  GNMH11  富岡          36.286  138.921     0     1     0             1    <0.5
  YMTH02  山形          38.269  140.258     1     1     0             1    <0.5
  CHBH11  養老          35.287  140.153     0     0     0             0    <0.5