最大加速度リスト

地震発生時刻   2019/01/08-21:39:00.00
震央北緯       30.6°
震央東経       131.2°
震源深さ       30.0km
マグニチュード M6.0

  コード  観測点名      緯度    経度     最大加速度 (ガル) 三成分合成値 計測震度
　　　　　 　　         北緯    東経      N-S   E-W   U-D        (ガル)         
  KGS026  中種子        30.520  130.954    75    43    27            78     3.6
  KGS015  大崎          31.430  131.011    33    42    15            46     3.5
  MYZ017  串間          31.464  131.228    41    28     9            45     3.7
  KGS023  田代          31.199  130.849    39    31    22            41     3.5
  KGS017  鹿屋          31.395  130.870    28    32    15            39     3.4
  KGS024  佐多          31.089  130.698    31    26     9            33     3.1
  KGS027  門倉崎        30.349  130.883    23    30    10            32     3.1
  KGSH11  佐多          31.090  130.699    15    29     8            30     2.8
  KGSH10  山川          31.207  130.618    17    17     7            23     2.5
  MYZ018  都井岬        31.398  131.305    21    19    10            23     3.2
  KGS018  喜入          31.376  130.545    17    19     8            20     2.9
  KGS020  頴娃          31.240  130.492    14    13     7            16     2.6
  KGS028  上屋久        30.420  130.577    15    13     6            16     2.0
  MYZ013  宮崎          31.909  131.419    15    14     4            15     2.9
  KGS025  西之表        30.732  130.998    12    14    11            15     2.7
  MYZH13  都城南        31.730  131.079    12    13     5            15     2.9
  KGS022  内之浦        31.280  131.050    11    13     5            14     2.5
  KGS021  指宿          31.253  130.632    10    11     6            13     2.6
  MYZ015  都城          31.718  131.062    10     9     5            12     2.7
  KGS029  屋久          30.236  130.555     8    12     5            12     1.9
  KGS014  垂水          31.496  130.700    11    11     4            12     2.7
  MYZ016  日南          31.613  131.374    10    10     3            11     2.7
  KGSH08  大隅          31.562  130.997     9     8     4            11     2.6
  MYZ012  高崎          31.872  131.069    10     7     5            11     2.5
  KGS013  大隅          31.597  130.994     8    10     3            10     2.4
  KGS011  日吉          31.590  130.349     7     8     3            10     2.3
  KGSH12  内之浦        31.258  131.088     6     8     5            10     2.1
  MYZH12  都城北        31.864  130.945     8     8     2             8     2.1
  KGSH09  知覧          31.374  130.433     6     8     5             8     1.9
  KGS016  加世田        31.416  130.322     6     8     4             8     2.0
  KGS009  国分          31.737  130.761     7     7     4             7     2.4
  KGS007  川内          31.814  130.303     6     6     2             7     2.3
  KGS010  串木野        31.712  130.274     6     7     3             7     2.2
  KGS012  鹿児島        31.606  130.574     5     7     4             7     2.3
  MYZH11  佐土原        32.021  131.470     6     6     2             7     2.2
  KGS019  枕崎          31.278  130.301     6     5     2             7     1.6
  KGSH07  姶良          31.714  130.615     6     4     2             6     2.3
  MYZ014  田野          31.845  131.303     4     5     2             6     1.9
  KGSH06  郡山          31.699  130.459     4     3     4             5     1.8
  KGS008  蒲生          31.762  130.570     4     5     3             5     2.0
  KGS006  横川          31.906  130.702     4     3     1             4     1.6
  MYZ010  小林          31.997  130.972     3     4     2             4     1.8
  OITH07  三重          32.987  131.588     3     3     1             4     1.4
  MYZ011  綾            31.995  131.256     3     3     1             4     1.8
  KGS004  阿久根        32.014  130.193     4     3     1             4     1.6
  KGSH04  川内          31.837  130.360     3     3     1             3     1.6
  MYZH10  国富          32.022  131.290     3     2     2             3     1.6
  MYZ020  椎葉          32.455  131.147     2     3     1             3     1.3
  OIT016  佐伯          32.975  131.903     3     2     1             3     1.5
  KGSH05  祁答院        31.870  130.496     2     2     1             3     1.3
  KMMH05  波野          32.955  131.221     2     2     1             3     1.3
  KGS036  上甑          31.836  129.868     2     2     1             3     1.1
  MYZ006  都農          32.257  131.561     2     2     1             2     1.3
  KMMH14  豊野          32.635  130.752     2     2     1             2     1.4
  KGS005  宮之城        31.901  130.451     2     2     1             2     1.1
  KGS030  笠利          28.451  129.678     2     2     1             2     1.2
  MYZH08  川南          32.213  131.531     2     2     1             2     1.4
  KGS003  大口          32.056  130.587     2     2     1             2     1.0
  KMMH09  泉            32.490  130.905     1     2     1             2     1.0
  KMM016  人吉          32.197  130.776     1     1     1             2     1.1
  MYZH09  須木          32.042  131.062     2     1     1             2     1.1
  MYZ003  延岡          32.566  131.660     2     1     1             2     0.9
  KMM011  砥用          32.617  130.865     2     2     0             2     0.7
  KMM004  一の宮        32.932  131.121     1     1     1             2     1.2
  KMMH12  人吉          32.205  130.737     2     1     1             2     1.1
  NGS014  口之津        32.611  130.185     1     1     1             2     0.9
  OIT009  湯布院        33.257  131.344     1     1     0             2     1.0
  MYZH01  五ヶ瀬        32.654  131.226     2     1     1             2     1.0
  KMMH06  白水          32.811  131.101     1     1     0             1     1.1
  KMM015  水俣          32.216  130.405     1     1     1             1     0.9
  MYZH15  日向          32.365  131.589     1     1     1             1     0.5
  KMM010  三角          32.614  130.487     1     1     0             1     0.8
  KGSH02  阿久根        31.994  130.208     1     1     1             1     0.6
  MYZH04  諸塚          32.518  131.335     1     1     1             1    <0.5
  KMMH08  矢部          32.650  131.025     1     1     0             1     0.9
  KMMH16  益城          32.797  130.820     1     1     1             1     0.8
  MYZH03  椎葉          32.475  131.104     1     1     1             1     0.6
  KMMH15  水俣          32.170  130.365     1     1     1             1     0.8
  KMMH03  菊池          32.998  130.830     1     1     0             1     0.6
  OITH04  庄内          33.131  131.347     1     1     0             1     0.7
  KMMH10  新和          32.315  130.181     1     1     0             1     0.6
  KGSH01  長島          32.155  130.119     1     1     1             1    <0.5
  KMMH02  小国          33.122  131.063     1     1     0             1     0.6
  FKOH07  大刀洗        33.368  130.635     1     1     0             1     0.6
  OITH08  宇目西        32.839  131.536     1     1     0             1     0.6
  MYZH16  延岡          32.506  131.696     0     1     0             1    <0.5
  KMMH07  三角          32.623  130.558     0     1     0             1    <0.5
  KGSH03  宮之城        31.981  130.444     1     0     0             1    <0.5
  OITH10  佐伯          32.928  131.869     1     0     0             1    <0.5
  KMMH11  芦北          32.292  130.578     1     0     0             1    <0.5
  OITH03  安岐          33.474  131.686     0     0     0             0    <0.5
  OITH11  九重          33.284  131.212     0     0     0             0    <0.5
  EHMH12  宇和          33.427  132.506     0     0     0             0    <0.5
  FKOH10  浮羽          33.289  130.817     0     0     0             0    <0.5
  KMMH17  玉名          32.987  130.561     0     0     0             0    <0.5
  FKOH08  小石原        33.465  130.828     0     0     0             0    <0.5
  KMMH01  鹿北          33.109  130.695     0     0     0             0    <0.5
  OITH01  山国          33.412  131.033     0     0     0             0    <0.5
  EHMH13  三崎          33.372  132.116     0     0     0             0    <0.5
  OITH02  山香          33.458  131.443     0     0     0             0    <0.5
  YMGH16  上関          33.826  132.104     0     0     0             0    <0.5
  NGSH03  佐世保南      33.126  129.810     0     0     0             0    <0.5
  YMGH04  周東          34.027  132.063     0     0     0             0    <0.5
  EHMH07  河辺          33.502  132.748     0     0     0             0    <0.5
  YMGH06  宇部          33.989  131.301     0     0     0             0    <0.5
  YMGH08  豊浦          34.135  130.932     0     0     0             0    <0.5