最大加速度リスト

地震発生時刻   2020/07/17-13:49:00.00
震央北緯       37.6°
震央東経       141.6°
震源深さ       40.0km
マグニチュード M4.6

  コード  観測点名      緯度    経度     最大加速度 (ガル) 三成分合成値 計測震度
　　　　　 　　         北緯    東経      N-S   E-W   U-D        (ガル)         
  FKSH20  浪江          37.491  140.987     8    16    29            29     2.0
  MYGH10  山元          37.941  140.892    27    19     8            28     2.2
  FKS001  相馬          37.795  140.920    24    12    11            24     2.0
  MYGH07  川崎          38.180  140.641    16    22     6            22     2.0
  FKS006  葛尾          37.503  140.759    18    14     7            21     1.9
  FKS010  広野          37.234  141.002    14    19     4            20     1.8
  FKS002  梁川          37.845  140.601    14    16     4            20     1.8
  FKS005  原町          37.639  140.985    18    13     8            18     1.5
  FKS009  小野          37.278  140.635     9    15     4            16     1.5
  FKS004  飯舘          37.680  140.735    12    12     6            15     1.6
  MYG011  牡鹿          38.305  141.504    12    13     5            15     0.9
  MYGH13  南三陸        38.699  141.418    14     9     5            14     2.1
  FKSH19  都路          37.470  140.723    10    11     6            12     1.4
  FKS013  古殿          37.090  140.556    10    12     4            12     2.1
  FKS019  二本松        37.603  140.437    10     8     5            12     1.6
  MYG002  歌津          38.726  141.511    11    10     3            12     1.4
  MYG015  岩沼          38.105  140.870     9     8     4            11     1.9
  FKS008  船引          37.436  140.567     9    11     3            11     1.3
  MYGH11  河北          38.516  141.342    11     7     4            11     1.2
  MYG008  北上          38.568  141.427    11     7     4            11     1.2
  FKS003  福島          37.761  140.480    10    10     4            10     1.7
  FKS031  川内          37.336  140.813     9     7     6            10     1.2
  FKS016  白河          37.123  140.191     6     7     3            10     1.4
  FKSH12  平田          37.217  140.570     8     8     2             9     1.4
  YMTH06  高畠          37.963  140.184     5     9     2             9     1.8
  YMTH04  上山          38.081  140.298     7     9     2             9     1.2
  FKS007  大熊          37.406  140.963     7     7     4             8     1.0
  MYG017  角田          37.976  140.782     7     5     2             7     1.6
  IWT012  北上          39.321  141.138     7     4     1             7     1.5
  MYG016  白石          38.008  140.621     6     7     4             7     1.3
  MYG010  石巻          38.429  141.282     5     6     2             7     1.3
  MYGH14  利府          38.340  140.955     6     5     3             7     1.4
  MYG003  東和          38.735  141.311     5     5     3             7     0.9
  IWT009  大東          39.019  141.403     6     6     2             6     0.7
  FKS011  いわき        37.091  140.904     6     5     2             6     1.3
  MYGH09  白石          38.009  140.603     5     5     4             6     1.2
  FKS017  須賀川        37.284  140.369     5     5     3             6     1.7
  YMT011  上山          38.150  140.267     6     4     2             6     1.5
  MYG007  豊里          38.588  141.251     5     5     3             6     1.1
  FKSH17  川俣          37.664  140.597     5     6     4             6     1.3
  FKSH18  三春          37.489  140.538     5     5     4             6     1.3
  FKSH09  郡山          37.353  140.426     5     5     2             6     0.7
  IBRH16  山方          36.641  140.398     4     5     1             5     0.9
  IBRH12  大子          36.837  140.318     5     4     1             5     1.0
  YMTH07  米沢          37.896  140.028     5     3     1             5     1.4
  TCG014  茂木          36.545  140.174     4     4     1             5     1.0
  FKSH10  西郷          37.162  140.093     4     4     3             5     0.9
  MYG004  築館          38.732  141.027     4     3     2             5     1.0
  IWTH27  陸前高田      39.031  141.532     5     4     2             5     0.9
  MYGH04  東和          38.786  141.325     3     5     1             5    <0.5
  MYG018  伊里前        38.719  141.523     4     3     2             5     0.5
  IBR001  大子          36.776  140.357     4     3     2             5     1.0
  MYG001  気仙沼        38.901  141.568     4     4     2             5     1.0
  IBRH06  北茨城2       36.881  140.655     3     5     2             5     0.7
  MYG014  作並          38.318  140.636     4     4     3             5     1.1
  IWT007  釜石          39.270  141.856     4     4     2             4     0.7
  IWTH26  一関東        38.969  141.001     3     4     2             4     0.6
  IWT026  相去          39.257  141.098     3     4     2             4     0.6
  IBRH13  高萩          36.795  140.575     4     3     2             4     1.0
  IBR003  日立          36.592  140.645     3     4     2             4     0.5
  MYG006  古川          38.566  140.977     3     3     2             4     1.0
  IBR013  鉾田          36.159  140.489     3     3     2             4     0.7
  IWTH04  住田          39.181  141.391     3     3     2             4     0.7
  MYGH08  岩沼          38.113  140.844     3     4     2             4     0.5
  YMT015  米沢          37.904  140.100     3     3     1             3     1.3
  FKSH14  いわき東      37.026  140.970     3     3     2             3     1.2
  IBRH15  御前山        36.557  140.301     2     3     1             3     0.5
  FKS014  矢祭          36.886  140.417     3     3     1             3     0.6
  FKS024  中野          37.396  140.132     3     3     2             3     1.1
  IBRH11  岩瀬          36.370  140.140     3     3     1             3     0.8
  MYGH03  唐桑          38.921  141.638     2     3     1             3    <0.5
  IWTH22  東和          39.334  141.302     2     3     1             3    <0.5
  FKS020  猪苗代        37.547  140.108     2     3     1             3     0.8
  IWTH23  釜石          39.274  141.823     2     3     1             3    <0.5
  MYG013  仙台          38.266  140.929     2     2     3             3     0.6
  IBR005  笠間          36.385  140.237     3     2     2             3     0.7
  YMTH03  南陽          38.103  140.155     2     3     0             3    <0.5
  TCGH12  氏家          36.696  139.984     3     2     2             3    <0.5
  IWTH28  一関西2       39.009  140.864     3     2     1             3    <0.5
  FKS012  勿来          36.907  140.793     3     1     1             3     0.5
  IBR004  大宮          36.552  140.410     3     2     1             3    <0.5
  MYG019  鳴子温泉      38.751  140.723     2     2     1             3    <0.5
  IWT017  門馬          39.634  141.438     2     3     1             3    <0.5
  FKSH08  長沼          37.282  140.214     2     2     1             3    <0.5
  IBR006  水戸          36.367  140.454     2     2     1             3    <0.5
  TCGH10  大田原        36.858  140.023     2     2     1             2    <0.5
  TCGH16  芳賀          36.548  140.075     2     2     1             2     0.6
  IWT008  大船渡        39.081  141.708     1     2     1             2    <0.5
  IWT021  西根          39.920  141.082     2     1     0             2    <0.5
  IWT013  遠野          39.329  141.564     2     2     1             2     0.5
  IBRH14  十王          36.692  140.548     2     2     2             2    <0.5
  IWT010  一関          38.935  141.126     2     2     1             2    <0.5
  MYG009  大和          38.447  140.887     2     2     1             2    <0.5
  IWT006  山田          39.485  141.975     2     2     1             2    <0.5
  TCG006  小川          36.764  140.130     2     2     1             2    <0.5
  IBR017  江戸崎        35.954  140.319     2     1     1             2    <0.5
  IWT014  石鳥谷        39.484  141.147     1     2     1             2    <0.5
  IWT005  宮古          39.647  141.946     1     1     2             2    <0.5
  IWT004  田老          39.736  141.967     1     2     1             2    <0.5
  YMT013  小国          38.062  139.757     1     2     1             2    <0.5
  IWTH20  花巻南        39.343  141.047     2     2     1             2    <0.5
  IWTH03  岩泉          39.802  141.652     1     1     0             1    <0.5
  YMTH02  山形          38.269  140.258     1     1     1             1    <0.5
  YMTH11  最上          38.713  140.554     1     1     0             1    <0.5
  AKTH06  雄勝          38.980  140.495     1     1     0             1    <0.5
  IWTH15  矢巾          39.615  141.093     1     1     0             1    <0.5
  IBRH07  江戸崎        35.952  140.330     1     1     1             1    <0.5
  YMTH05  小国          37.988  139.802     1     0     0             1    <0.5
  FKSH05  下郷          37.254  139.873     1     1     0             1    <0.5
  YMTH14  西川西        38.386  139.992     0     1     0             1    <0.5
  MYGH06  田尻          38.591  141.071     1     1     1             1    <0.5
  IWTH17  川井北        39.644  141.598     1     1     0             1    <0.5
  NIGH02  朝日          38.280  139.549     1     0     0             1    <0.5
  TCGH06  真岡          36.446  139.951     1     1     0             1    <0.5
  NIGH04  関川          38.131  139.543     1     1     0             1    <0.5
  IBRH19  つくば        36.214  140.089     1     0     0             1    <0.5
  IWTH16  雫石          39.644  140.946     0     0     0             0    <0.5
  IWTH13  葛巻          39.940  141.549     0     0     0             0    <0.5
  YMTH12  立川          38.636  140.006     0     0     0             0    <0.5