最大加速度リスト

地震発生時刻   2018/09/30-17:54:00.00
震央北緯       42.5°
震央東経       142.0°
震源深さ       37.0km
マグニチュード M4.9

  コード  観測点名      緯度    経度     最大加速度 (ガル) 三成分合成値 計測震度
　　　　　 　　         北緯    東経      N-S   E-W   U-D        (ガル)         
  HKD127  追分          42.874  141.820   183   349    95           390     4.4
  IBUH01  追分          42.874  141.819   208   239    70           299     4.5
  HKD125  穂別          42.761  142.135    88   148    28           158     4.2
  HKD105  門別          42.483  142.054    28    95    35            97     3.4
  HKD128  早来          42.766  141.822    60    71    59            93     3.9
  SRCH09  栗山          43.059  141.806    34    88    23            91     3.5
  HKD185  支笏湖畔      42.776  141.402    55    66    45            89     3.4
  HDKH01  平取西        42.703  142.230    54    52    11            72     3.1
  HDKH04  門別西        42.513  142.038    56    52    20            65     3.3
  HKD131  登別          42.421  141.081    45    59    18            60     3.0
  HKD129  苫小牧        42.634  141.606    57    34    12            59     3.2
  HKD124  由仁          42.999  141.790    47    34     7            55     2.7
  IBUH02  穂別          42.871  142.129    30    55     7            55     2.8
  HKD103  幌毛志        42.727  142.297    33    54     9            54     3.0
  HKD134  大滝          42.671  141.079    47    38    16            50     3.0
  HKD126  鵡川          42.575  141.928    29    43    24            46     3.2
  IKRH02  新篠津        43.220  141.652    31    43     8            44     3.3
  HKD184  千歳          42.790  141.601    32    35    31            42     3.1
  HKD104  平取          42.589  142.131    31    33    11            39     2.7
  IBUH06  室蘭          42.412  141.002    28    38    19            38     3.2
  HDKH03  門別東        42.593  142.352    19    36    11            37     2.8
  HKD182  広島          42.992  141.552    19    31     9            34     2.5
  SBSH08  喜茂別        42.768  140.977    21    30     9            33     2.6
  HKD181  江別          43.116  141.546    27    24    16            32     3.0
  IBUH07  大滝          42.648  141.064    23    29    16            31     2.4
  HDKH06  静内          42.350  142.357    17    25     8            25     3.1
  IBUH05  白老          42.563  141.350    15    25    13            25     2.2
  HKD145  喜茂別        42.798  140.936    20    24     7            24     2.3
  HKD132  室蘭          42.348  141.032    16    21    11            23     2.6
  HKD180  札幌          43.139  141.351    20    20     7            23     2.8
  IKRH03  千歳          42.888  141.640    14    19     5            23     2.4
  HKD122  岩見沢        43.197  141.775    16    18     7            19     2.2
  HKD106  静内          42.341  142.369    16    13     4            17     2.5
  HKD130  白老          42.563  141.350    11    15    11            16     2.1
  SRCH07  三笠          43.230  141.898    15     9     5            16     2.2
  HKD155  鹿部          42.044  140.806    15     7     5            15     2.2
  HKD121  美唄          43.333  141.855    13    11     2            15     2.1
  HKD108  三石          42.253  142.564    13     8     2            15     2.0
  SRCH10  夕張          42.993  142.008    13     8     2            14     1.8
  HKD159  戸井          41.716  141.002    14    12     5            14     2.2
  HKD157  南茅部        41.905  140.970    12    12     5            14     1.9
  HKD158  椴法華        41.834  141.141    11    11    12            14     2.5
  SBSH07  真狩          42.763  140.808    12    11     8            13     2.0
  HDKH05  新冠          42.598  142.545     7    10     3            12     1.7
  HKD139  余市          43.197  140.782    11    10     4            12     1.7
  HKD123  夕張          42.993  142.008    12     6     2            12     1.7
  HKD133  伊達          42.473  140.866    11    10     4            11     1.8
  IKRH01  当別          43.409  141.584    10    10     3            11     1.6
  HKD183  定山渓        42.972  141.165     8    10     3            11     1.2
  HKD120  月形          43.344  141.663     9     8     4            11     1.8
  HKD179  当別          43.224  141.517     9     9     5            10     1.9
  SRCH08  砂川          43.514  141.909     9     9     3             9     1.9
  HKD091  浦幌          42.809  143.659     6     9     5             9     1.9
  HKD102  日高          42.877  142.448     7     9     4             9     2.0
  HKD176  四番川        43.532  141.592     8     8     3             9     1.7
  HKD178  石狩          43.172  141.305     7     8     6             9     2.1
  SBSH04  共和          42.976  140.622     7     6     2             8     1.2
  HKD154  森            42.096  140.563     7     8     3             8     1.6
  HKD156  七飯          41.900  140.696     7     6     2             8     1.4
  KKWH08  占冠          43.041  142.656     7     6     1             7     1.7
  AOM003  大畑          41.405  141.169     6     5     3             7     1.7
  HKD118  滝川          43.552  141.917     6     5     2             7     1.3
  HKD140  小樽          43.191  140.994     5     6     3             7     1.4
  HKD040  占冠          42.980  142.399     7     4     2             7     1.6
  OSMH02  上磯          41.837  140.633     5     6     3             6     1.4
  AOM005  むつ          41.295  141.197     5     5     2             6     1.5
  AOMH01  大間          41.527  140.913     5     6     2             6     1.3
  KKWH11  和寒          43.975  142.283     3     6     1             6     1.7
  SBSH03  赤井川        43.084  140.820     5     4     2             6     1.1
  HKD099  新得          43.074  142.839     4     5     2             6     1.7
  AOM011  三沢          40.680  141.367     3     5     3             6     1.2
  AOMH05  野辺地        40.856  141.103     4     5     1             5     1.3
  HKD100  広尾          42.286  143.312     5     5     1             5     1.4
  HKD146  ニセコ        42.808  140.688     5     5     2             5     1.2
  SBSH02  泊            43.053  140.502     4     4     1             5     0.9
  HKD177  厚田          43.400  141.435     4     4     2             5     1.2
  HKD119  芦別          43.520  142.191     3     4     1             5     1.2
  SRCH06  深川南        43.695  142.078     4     4     1             5     1.3
  AOM007  南通          41.169  141.385     3     4     1             5     0.9
  HKD135  壮瞥          42.553  140.887     4     4     3             5     1.2
  HKD144  倶知安        42.906  140.767     3     4     2             4     1.2
  HKD175  浜益          43.602  141.388     4     3     1             4     1.0
  HKD107  農屋          42.419  142.499     4     3     2             4     1.3
  KKWH13  美瑛西        43.511  142.391     4     4     1             4     1.2
  AOMH16  新郷          40.462  141.092     4     4     1             4     1.2
  HKD142  赤井川        43.085  140.820     4     3     2             4     1.2
  AOMH06  六ヶ所        40.966  141.374     3     4     1             4     0.9
  HKD097  生花          42.618  143.421     3     3     1             4     1.2
  AOM002  福浦          41.328  140.813     3     4     1             4     0.9
  AOM006  川内          41.198  140.997     4     3     1             4     1.0
  AOM012  八戸          40.514  141.481     3     3     1             4     0.8
  RMIH05  小平西        44.025  141.788     3     3     1             4     1.2
  AOM001  大間          41.527  140.924     3     3     1             4     0.9
  AOMH12  十和田湖東    40.585  141.155     3     2     1             4     0.8
  AOMH17  名川          40.449  141.337     3     2     1             3     0.8
  IWT001  種市          40.410  141.719     3     3     2             3     0.9
  HKD095  帯広          42.931  143.214     2     3     2             3     0.9
  TKCH05  本別          43.121  143.618     3     3     1             3     0.8
  IWTH08  久慈北        40.269  141.783     3     3     1             3     1.2
  KSRH09  白糠南        42.986  143.984     3     2     1             3     1.1
  AOM008  横浜          41.084  141.255     3     3     1             3     0.8
  HKD109  浦河          42.168  142.767     3     2     1             3     1.0
  HKD169  木間内        41.935  140.369     2     3     1             3     0.5
  HKD138  積丹          43.292  140.601     2     2     1             3     0.8
  HKD021  留萌          43.941  141.637     2     3     1             3     1.0
  HKD039  富良野        43.342  142.385     2     2     1             3     0.9
  HKD090  本別          43.121  143.618     3     3     1             3     0.7
  HKD038  南富良野      43.167  142.566     2     3     1             3     1.0
  HKD117  深川          43.724  142.053     3     3     1             3     1.0
  AOM004  尻屋          41.409  141.449     3     2     1             3     0.5
  HKD136  豊浦          42.589  140.644     2     2     1             3     0.7
  HKD110  様似          42.131  142.935     1     3     1             3     0.9
  HKD096  中札内        42.697  143.136     2     2     1             3     0.6
  TKCH04  新得南        43.174  142.918     2     2     1             3     0.9
  HKD143  岩内          42.979  140.509     3     3     1             3     0.9
  HDKH07  様似          42.133  142.916     2     3     1             3     1.0
  IWTH12  九戸          40.153  141.424     2     2     1             3     0.5
  HKD151  長万部        42.494  140.354     2     2     1             2     0.9
  AOMH13  八戸          40.579  141.445     2     2     1             2     0.6
  IWTH01  二戸東        40.238  141.342     2     2     1             2     0.6
  HKD147  蘭越          42.805  140.530     2     1     1             2    <0.5
  SRCH05  深川北        43.824  142.159     2     2     1             2     0.6
  HKD022  増毛          43.852  141.528     2     2     1             2     0.6
  HKD098  大樹          42.498  143.279     2     2     1             2     0.8
  AOM028  八甲田        40.700  140.919     1     2     1             2    <0.5
  KSRH07  鶴居南        43.136  144.327     2     2     1             2    <0.5
  KSRH06  鶴居東        43.220  144.429     2     1     1             2    <0.5
  KSRH02  阿寒南        43.114  144.123     2     2     1             2     0.7
  TKCH03  足寄西        43.271  143.432     1     2     1             2     0.5
  AOM014  子ノ口        40.437  140.941     1     2     1             2    <0.5
  HKD078  塘路          43.149  144.498     1     2     1             2    <0.5
  HKD037  美瑛          43.589  142.468     2     1     0             2     0.7
  HKD036  旭川          43.773  142.365     1     2     1             2     0.8
  IWT004  田老          39.736  141.967     2     1     1             2     0.6
  KKWH14  中富良野      43.384  142.524     2     1     1             2    <0.5
  IWT002  久慈          40.182  141.764     1     2     0             2     0.5
  HKD094  士幌          43.169  143.241     1     1     1             2     0.5
  HKD161  木古内        41.679  140.433     1     1     2             2     0.6
  IWTH07  軽米          40.270  141.571     2     1     0             2    <0.5
  AOM023  中里          40.968  140.433     2     1     1             2     0.6
  IWT020  藪川          39.784  141.329     1     2     1             2     0.8
  KSRH04  標茶南        43.214  144.680     1     2     1             2    <0.5
  HYMH02  厚沢部        41.986  140.309     1     1     1             2     0.5
  AOM027  脇野沢        41.145  140.822     1     1     1             2     0.6
  AOM020  青森          40.819  140.750     1     2     1             2    <0.5
  IWT012  北上          39.321  141.138     1     1     0             2    <0.5
  AOMH03  川内          41.234  140.990     1     1     1             2    <0.5
  HKD167  熊石          42.130  139.982     1     1     1             2    <0.5
  HKD085  白糠          42.958  144.070     1     1     1             2     0.6
  NMRH04  別海東        43.398  145.122     1     1     1             1    <0.5
  HKD093  糠平          43.319  143.305     1     1     1             1     0.5
  AOM021  十和田        40.615  141.208     1     1     1             1    <0.5
  IWTH03  岩泉          39.802  141.652     1     1     0             1    <0.5
  HKD070  本別海        43.385  145.284     1     1     0             1    <0.5
  IWTH14  田老          39.743  141.909     1     1     0             1    <0.5
  SRCH03  幌加内南      43.999  142.126     1     1     0             1     0.5
  IWTH11  一戸          40.081  141.191     1     1     1             1    <0.5
  HKD112  えりも岬      41.937  143.240     1     1     1             1    <0.5
  NMRH03  中標津        43.551  144.966     1     1     0             1    <0.5
  TKCH10  新得北        43.334  142.945     1     1     0             1    <0.5
  OSMH01  知内          41.598  140.421     1     1     0             1    <0.5
  SBSH09  黒松内        42.610  140.484     1     1     0             1    <0.5
  KSRH05  鶴居西        43.256  144.234     1     1     0             1    <0.5
  SBSH10  島牧          42.780  140.156     1     1     0             1    <0.5
  IWTH09  久慈南        40.086  141.712     1     1     0             1    <0.5
  KKWH12  美瑛東        43.504  142.601     1     1     0             1    <0.5
  IWTH18  川井南        39.463  141.678     1     1     0             1    <0.5
  HYMH01  北檜山        42.485  139.968     1     1     0             1    <0.5
  KSRH01  阿寒北        43.436  144.084     1     1     0             1    <0.5
  IWTH13  葛巻          39.940  141.549     1     0     0             1    <0.5
  TKCH01  陸別          43.468  143.683     1     1     0             1    <0.5
  IWTH17  川井北        39.644  141.598     0     0     0             1    <0.5
  KSRH08  白糠北        43.160  143.894     0     0     0             1    <0.5
  KKWH15  上川          43.855  142.766     0     1     0             1    <0.5
  ABSH15  置戸東        43.635  143.510     0     0     0             0    <0.5
  IWTH15  矢巾          39.615  141.093     0     0     0             0    <0.5
  AOMH07  深浦          40.745  140.023     0     0     0             0    <0.5
  ABSH13  留辺蘂        43.742  143.451     0     0     0             0    <0.5
  AOMH10  黒石          40.609  140.665     0     0     0             0    <0.5
  IWTH16  雫石          39.644  140.946     0     0     0             0    <0.5
  NMRH01  標津北        43.785  145.025     0     0     0             0    <0.5
  KKWH04  名寄          44.438  142.406     0     0     0             0    <0.5
  ABSH06  湧別北        44.215  143.620     0     0     0             0    <0.5