最大加速度リスト

地震発生時刻   2011/04/11-18:05:00.00
震央北緯       37.0°
震央東経       140.7°
震源深さ       12.0km
マグニチュード M5.1

  コード  観測点名      緯度    経度     最大加速度 (ガル) 三成分合成値 計測震度
　　　　　 　　         北緯    東経      N-S   E-W   U-D        (ガル)         
  FKS012  勿来          36.907  140.793   142   255   169           258     4.4
  IBR019  北茨城        36.881  140.654   244   154    80           246     4.4
  IBR013  鉾田          36.159  140.489   146   142    39           183     4.3
  IBRH13  高萩          36.795  140.575   109    65    49           110     3.3
  FKS009  小野          37.278  140.635    84    57    27            92     3.0
  IBR003  日立          36.592  140.645    60    89    29            90     3.1
  IBR005  笠間          36.385  140.237    69    84    27            88     3.7
  FKS018  郡山          37.396  140.362    34    77    27            81     3.2
  TCGH16  芳賀          36.548  140.075    45    77     8            81     3.8
  FKSH12  平田          37.217  140.570    77    59    31            80     3.7
  IBRH16  山方          36.641  140.398    73    58    21            77     3.3
  TCG014  茂木          36.545  140.174    65    59    23            76     3.7
  TCG009  今市          36.726  139.715    59    62    17            72     3.6
  IBRH11  岩瀬          36.370  140.140    46    57    25            65     3.5
  IBR002  高萩          36.706  140.707    45    62    16            62     3.4
  FKS011  いわき        37.091  140.904    43    52    34            62     3.3
  IBR004  大宮          36.552  140.410    57    52    17            60     3.1
  FKSH09  郡山          37.353  140.426    51    55    21            59     2.8
  FKSH11  矢吹          37.201  140.339    50    46    26            56     3.1
  FKS006  葛尾          37.503  140.759    33    54    16            55     3.4
  FKS016  白河          37.123  140.191    43    50    13            54     3.1
  IBR001  大子          36.776  140.357    41    41    13            54     3.3
  TCGH13  馬頭          36.734  140.178    49    38    14            53     3.3
  FKS019  二本松        37.603  140.437    26    45    17            51     2.8
  FKS008  船引          37.436  140.567    38    47    16            49     2.8
  IBR007  那珂湊        36.352  140.595    44    40    18            48     3.0
  IBRH12  大子          36.837  140.318    40    37    22            44     2.9
  IBRH14  十王          36.692  140.548    40    23    33            44     2.3
  IBRH18  ひたちなか    36.363  140.620    28    43    19            44     2.9
  FKSH08  長沼          37.282  140.214    30    35    10            43     2.1
  FKS010  広野          37.234  141.002    42    21    10            42     2.8
  FKSH14  いわき東      37.026  140.970    33    34    12            41     3.3
  FKSH10  西郷          37.162  140.093    28    38    33            40     3.0
  FKS023  会津若松      37.477  139.929    27    28     6            38     3.1
  FKSH19  都路          37.470  140.723    20    37    15            38     2.6
  FKSH18  三春          37.489  140.538    28    35    19            38     2.9
  IBRH15  御前山        36.557  140.301    33    31    12            37     2.7
  IBR006  水戸          36.369  140.453    36    31    13            36     2.7
  IBRH17  霞ヶ浦        36.086  140.314    34    23    12            35     2.8
  TCGH10  大田原        36.858  140.023    31    28    16            35     2.6
  IBR014  土浦          36.073  140.195    23    27    11            32     2.8
  IBRH10  石下          36.111  139.989    27    22    11            31     3.1
  TCG001  黒磯          36.942  140.083    22    24     8            31     2.4
  FKS004  飯舘          37.680  140.735    22    23    14            30     2.2
  TCG006  小川          36.764  140.130    21    27    13            30     2.9
  YMTH04  上山          38.081  140.298    18    26     7            30     2.2
  TCG008  鹿沼          36.560  139.768    27    23    20            30     3.0
  TCG005  矢板          36.806  139.926    19    28     6            29     2.9
  MYG015  岩沼          38.105  140.870    19    28     7            29     2.9
  IBR012  石岡          36.190  140.287    19    27    10            28     2.8
  TCGH12  氏家          36.696  139.984    27    25    13            28     2.6
  FKS002  梁川          37.845  140.601    27    18     5            27     2.4
  FKSH17  川俣          37.664  140.597    25    26     8            27     2.7
  FKS003  福島          37.761  140.480    26    14     7            26     2.2
  FKS014  矢祭          36.868  140.430    18    22    13            26     2.5
  TCGH14  粟野          36.551  139.615    21    25     5            25     2.1
  IBR011  つくば        36.125  140.090    22    23     6            24     2.8
  YMTH06  高畠          37.963  140.184    23    19     5            23     2.8
  IBR015  岩井          36.069  139.908    21    19     8            23     2.7
  FKS024  中野          37.396  140.132    17    21     7            22     2.5
  FKS022  西会津        37.600  139.647    15    20     6            22     2.4
  FKS027  滝原          37.070  139.681    19    22     5            22     1.7
  IBR017  江戸崎        35.954  140.319    17    15    10            21     2.3
  FKS015  棚倉          37.022  140.377    18    16     6            20     2.0
  FKS001  相馬          37.795  140.920    19    16    10            20     2.6
  FKS031  川内          37.336  140.813    17    17     9            20     2.2
  TCGH11  今市          36.708  139.769    19    19     8            20     2.6
  GNM009  桐生          36.411  139.325    12    19     7            20     2.8
  IBR016  取手          35.911  140.049    19    15     8            20     2.3
  TCG013  真岡          36.437  140.023    13    17     8            19     2.7
  YMTH02  山形          38.269  140.258    19    13     5            19     2.5
  IBR008  下館          36.306  139.983    18    18     6            19     2.4
  CHB001  野田          35.959  139.873    19    18     5            19     2.4
  IBRH21  つくば南      35.981  140.105    16    16    10            19     2.4
  FKS017  須賀川        37.284  140.369    18    12    11            19     2.4
  CHB003  白井          35.794  140.056    14    19     7            19     2.5
  IBR010  下妻          36.184  139.965    17    15     8            19     2.6
  FKSH05  下郷          37.254  139.873    16    17     5            18     2.4
  FKSH04  会津高田      37.451  139.813    17    14     5            18     1.9
  IBR018  鹿嶋          35.977  140.632    17    11     5            18     2.2
  TCG003  藤原          36.814  139.715    15    14     6            18     2.2
  FKS025  下郷          37.308  139.900    12    13    14            17     1.9
  TCG015  芹沼          36.749  139.714    14    15     9            16     2.2
  TCG002  塩原          36.990  139.803     9    16     5            16     2.1
  TCGH06  真岡          36.446  139.951    16    11     4            16     2.2
  YMT008  中村          38.386  139.992     7    14     8            16     2.5
  MYG014  作並          38.318  140.636    11    14     6            15     2.3
  YMT011  上山          38.150  140.267    14    13     4            15     2.4
  YMTH14  西川西        38.386  139.992     7    13     8            14     2.4
  MYG016  白石          38.008  140.621    13    14     6            14     2.3
  MYGH10  山元          37.941  140.892    13    14     5            14     2.1
  FKS020  猪苗代        37.547  140.108    13    11     4            14     2.2
  MYG017  角田          37.976  140.782    13    12     5            14     2.4
  GNMH12  神流          36.144  138.913    12     9     2            13     2.2
  MYGH09  白石          38.009  140.603     8    13     6            13     2.0
  TCG012  小山          36.286  139.805    13    10     5            13     2.1
  FKS005  原町          37.639  140.985    13    11     6            13     1.9
  GNM011  太田          36.291  139.361    12    12     4            13     2.4
  FKSH16  福島          37.764  140.377    10    12     4            12     1.9
  MYG012  塩竈          38.318  141.019    10    12     5            12     2.2
  IBRH19  つくば        36.214  140.089    12    10     7            12     2.1
  YMT014  下屋地        37.921  139.870     8    10     2            12     1.7
  SITH11  飯能          35.864  139.273    11    12     3            12     2.2
  TCG016  北高岡        36.529  140.156     9    11     4            12     2.0
  CHB007  佐倉          35.723  140.227    10    10     6            12     1.9
  GNM010  館林          36.234  139.533    11    10     3            12     2.1
  FKSH02  熱塩加納      37.732  139.882    11     7     3            11     1.4
  TCG011  葛生          36.387  139.614     7    10     4            11     1.6
  GNM013  高崎          36.318  139.018    11    11     2            11     2.5
  CHB006  成田          35.780  140.307    11     9     5            11     1.9
  KNGH10  横浜          35.499  139.519     7    11     3            11     2.2
  SIT008  春日部        35.974  139.753    10     9     4            11     2.3
  CHB004  佐原          35.901  140.490     8     9     6            10     1.9
  TCG007  宇都宮        36.569  139.886     7     9     4            10     1.9
  TCGH09  矢板          36.862  139.836     8     8     4            10     1.5
  CHBH04  下総          35.797  140.021     7     7     3             9     1.6
  CHBH13  成田          35.831  140.298     9     7     5             9     1.9
  GNM003  沼田          36.658  139.078     7     8     3             9     1.9
  MYG010  石巻          38.428  141.281     6     9     3             9     2.3
  MYG013  仙台          38.266  140.929     8     7     3             9     1.9
  GNMH05  伊勢崎        36.314  139.185     9     6     2             9     2.1
  IBRH07  江戸崎        35.952  140.330     8     5     7             9     2.3
  CHB028  市川北        35.766  139.966     7     7     6             8     1.7
  FKSH06  伊南          37.172  139.520     5     8     2             8     1.4
  IBR009  古河          36.185  139.704     8     5     3             8     1.6
  FKS021  喜多方        37.654  139.863     6     7     1             8     1.3
  SIT001  本庄          36.243  139.194     6     8     2             8     2.0
  TCGH07  栗山西        36.882  139.453     5     8     2             8     1.7
  FKSH03  高郷          37.608  139.753     8     5     5             8     1.7
  YMT005  肘折          38.607  140.162     5     8     4             8     1.6
  SIT010  大宮          35.907  139.648     8     6     2             8     1.9
  YMTH03  南陽          38.103  140.155     3     7     2             8     1.1
  CHB012  東金          35.573  140.333     7     7     5             7     1.8
  TCG010  足尾          36.635  139.438     6     6     3             7     1.6
  SITH01  岩槻          35.929  139.735     7     6     2             7     2.0
  KNG002  横浜          35.437  139.634     7     5     2             7     2.1
  SIT003  久喜          36.072  139.697     5     7     4             7     1.9
  SITH06  川本          36.113  139.289     6     7     3             7     1.4
  CHB002  松戸          35.787  139.903     7     5     3             7     1.4
  CHB024  稲毛          35.633  140.078     5     6     2             7     1.5
  YMT015  米沢          37.904  140.100     5     6     3             7     1.7
  TKY027  瑞江          35.693  139.891     6     4     2             7     1.6
  KNG206  平塚ST6       35.097  139.378     5     6     2             7     2.1
  NIG012  鹿瀬          37.686  139.477     6     6     2             6     1.9
  SIT002  熊谷          36.148  139.388     5     4     2             6     1.6
  SIT011  川口          35.810  139.721     6     4     2             6     1.5
  SIT004  長瀞          36.118  139.105     5     6     1             6     0.9
  MYGH08  岩沼          38.113  140.844     6     4     3             6     1.6
  YMT007  東根          38.431  140.391     3     6     2             6     1.2
  TKY003  青梅          35.797  139.291     5     6     1             6     1.6
  FKSH01  西会津        37.757  139.715     4     6     1             6     0.9
  YMT009  寒河江        38.390  140.274     3     6     2             6     1.1
  MYG006  古川          38.580  140.965     4     5     1             6     1.8
  CHB010  八日市場      35.708  140.568     5     5     2             6     1.4
  CHB029  行徳          35.695  139.918     5     5     4             6     1.5
  IBRH20  波崎2         35.828  140.732     5     6     2             6     1.3
  YMT010  山形          38.260  140.349     5     5     2             5     1.3
  TKY025  篠崎          35.714  139.897     4     4     2             5     1.5
  FKS026  南郷          37.266  139.539     4     4     1             5     1.1
  YMTH15  西川東        38.426  140.125     4     5     3             5     1.6
  GNMH14  みどり        36.493  139.322     4     5     2             5     0.9
  TCGH17  藤原2         36.985  139.692     4     5     1             5     0.9
  YMTH07  米沢          37.896  140.028     5     4     2             5     1.4
  TKY017  辰巳          35.647  139.809     5     4     3             5     1.5
  FKSH07  檜枝岐        37.010  139.375     5     4     2             5     0.7
  NIGH08  津川          37.671  139.465     4     5     2             5     1.5
  YMT012  長井          38.107  140.043     4     4     2             5     1.4
  TKY026  宇喜田        35.670  139.863     4     3     2             5     1.4
  SIT009  川越          35.903  139.483     5     4     2             5     1.1
  YMTH13  朝日          38.470  139.761     3     4     2             5     0.8
  SITH10  都幾川        35.996  139.219     3     4     1             5     1.0
  NIG011  新津          37.801  139.144     4     4     2             5     1.4
  FKS029  桧枝岐        37.016  139.380     4     4     1             4     0.7
  GNM008  前橋          36.348  139.137     4     4     2             4     1.7
  GNMH11  富岡          36.286  138.921     4     3     1             4     1.5
  TKY023  八広          35.725  139.825     4     3     2             4     1.3
  NIG008  中条          38.053  139.405     3     4     1             4     1.0
  NIGH06  加茂          37.653  139.068     4     4     2             4     1.2
  NIGH10  上川          37.544  139.365     4     2     1             4     0.7
  CHB011  蓮沼          35.602  140.501     4     4     2             4     1.1
  TKY015  東白鬚        35.731  139.812     3     4     2             4     1.3
  CHB008  浦安          35.654  139.902     4     4     2             4     1.3
  TCG004  湯元          36.806  139.420     3     4     2             4     1.1
  SIT007  東松山        36.054  139.391     4     4     1             4     0.9
  MYG007  豊里          38.588  141.251     3     4     1             4     1.4
  TKY024  奥戸          35.740  139.862     3     4     2             4     1.3
  NIGH07  村松          37.666  139.261     3     4     1             4     0.7
  MYG009  大和          38.447  140.887     3     4     2             4     1.4
  GNM002  水上          36.782  138.970     4     2     1             4     0.6
  TKY007  新宿          35.711  139.686     3     3     2             4     1.2
  TKYH11  江東          35.611  139.812     3     3     2             4     1.3
  GNM007  渋川          36.462  139.010     3     3     2             4     1.3
  CHBH10  千葉          35.546  140.242     3     3     2             4     1.1
  TKY021  猿江          35.688  139.819     4     3     2             4     1.4
  TKY013  砂町          35.660  139.834     4     2     2             4     1.2
  GNM016  万場          36.116  138.925     4     2     1             4     0.7
  GNM001  片品          36.772  139.225     3     3     2             4     0.5
  GNMH08  嬬恋          36.492  138.524     3     2     1             4     1.2
  GNMH07  利根          36.700  139.210     3     3     2             3     0.8
  AKTH06  雄勝          38.980  140.495     3     2     1             3     1.0
  YMT013  小国          38.062  139.757     3     3     1             3     1.1
  FKSH21  只見          37.342  139.315     3     3     1             3     1.1
  SIT006  秩父          35.995  139.071     3     2     1             3     1.0
  TKY014  亀戸          35.689  139.835     3     2     2             3     1.0
  SITH05  神泉          36.151  139.050     3     3     1             3     0.7
  GNM006  吾妻          36.510  138.752     2     3     1             3     0.9
  SITH08  小鹿野        36.027  138.969     2     3     1             3     0.7
  KNGH11  厚木          35.404  139.354     2     2     0             3     1.4
  TKYH13  檜原南        35.702  139.127     2     3     1             3    <0.5
  SITH07  名栗          35.912  139.149     2     2     1             3    <0.5
  TKY016  東雲          35.648  139.799     2     2     2             3     1.2
  MYGH05  小野田        38.579  140.780     2     3     1             3     1.1
  FKS028  只見          37.349  139.314     3     2     1             3     0.8
  SIT014  中津川        35.995  138.801     2     2     1             3    <0.5
  IWTH26  一関東        38.969  141.001     2     2     1             3     0.7
  NIG025  直江津        37.161  138.224     2     2     1             3     1.1
  CHB014  姉崎          35.477  140.049     2     2     2             3     1.2
  SIT005  小川          36.056  139.263     3     2     1             3     0.6
  IWTH05  藤沢          38.865  141.351     2     3     1             3     0.6
  NIG021  十日町        37.128  138.747     2     2     0             3     0.5
  YMNH11  大月          35.625  138.978     2     2     1             3     0.9
  IWTH27  陸前高田      39.031  141.532     2     2     1             3     0.5
  MYG005  鳴子          38.799  140.651     2     2     1             2     1.0
  YMTH12  立川          38.636  140.006     2     2     1             2     1.0
  TKYH12  八王子        35.670  139.265     2     2     1             2     0.8
  KNGH18  藤野          35.644  139.128     2     2     1             2     0.7
  YMN002  大月          35.613  138.947     2     2     1             2     0.6
  MYGH06  田尻          38.591  141.071     2     2     1             2     1.0
  TKY005  町田          35.578  139.416     2     2     1             2     0.9
  KNG006  二俣川        35.454  139.539     2     2     1             2     0.7
  KNG010  平塚          35.336  139.350     1     2     1             2     1.1
  IWTH04  住田          39.181  141.391     2     2     1             2     0.6
  CHB017  市場          35.299  140.076     2     2     1             2     0.9
  MYG011  牡鹿          38.305  141.504     2     2     1             2     0.5
  IWTH28  一関西2       39.009  140.864     2     2     1             2     0.7
  NIG020  小出          37.233  138.962     2     2     1             2     0.5
  FKS030  金山          37.453  139.513     2     2     1             2     0.5
  KNG205  平塚ST5       34.941  139.421     2     2     0             2     0.9
  MYGH04  東和          38.786  141.325     1     2     1             2    <0.5
  IWT003  普代          40.008  141.886     1     2     0             2     1.1
  NIGH02  朝日          38.280  139.549     2     2     1             2     0.7
  YMN004  塩山          35.702  138.727     2     2     1             2     0.6
  YMN009  六郷          35.496  138.463     2     2     1             2     1.0
  GNM014  坂本          36.350  138.718     2     2     1             2     0.8
  NIG024  安塚          37.127  138.444     2     1     0             2     0.6
  CHBH14  銚子中        35.734  140.823     2     1     1             2     0.6
  IWTH02  玉山          39.825  141.383     2     2     0             2    <0.5
  GNMH13  水上2         36.862  139.063     2     2     1             2     0.6
  NIGH09  下田          37.539  139.128     2     2     2             2     0.6
  YMT003  鶴岡          38.729  139.801     2     1     1             2     1.0
  NIG028  長岡支所      37.426  138.886     1     2     1             2     0.5
  NIGH01  長岡          37.427  138.888     1     1     1             2     0.5
  CHB019  鋸南          35.111  139.835     2     1     1             2     1.0
  NIG022  塩沢          37.036  138.846     2     1     1             2     0.6
  SITH04  所沢          35.803  139.535     2     1     1             2     0.5
  SITH03  日高          35.899  139.384     2     1     1             2     0.5
  NIGH12  湯之谷        37.224  138.982     2     1     1             2    <0.5
  KNG201  平塚ST1       34.596  139.918     2     1     0             2     0.7
  NIG013  巻            37.764  138.883     1     1     0             2     0.6
  CHB016  岬            35.300  140.387     2     2     0             2     0.9
  TKY020  塩浜          35.666  139.809     2     1     1             2     0.9
  NGN010  小諸          36.328  138.436     1     2     0             2     0.6
  TKYH02  府中          35.654  139.470     1     1     1             2     0.5
  GNM004  草津          36.617  138.592     1     1     1             2     0.6
  NGNH11  富士見        35.916  138.305     1     1     0             2     0.5
  KNG004  三崎          35.144  139.622     1     2     0             2     0.5
  TKY001  氷川          35.803  139.096     1     1     1             2    <0.5
  SITH09  皆野          36.072  139.099     1     1     1             1    <0.5
  MYGH03  唐桑          38.921  141.638     1     1     0             1    <0.5
  NIG007  村上          38.230  139.486     1     1     1             1     0.5
  CHB026  長南          35.387  140.237     1     1     1             1    <0.5
  NIGH05  聖籠          37.976  139.279     1     1     0             1    <0.5
  GNMH09  高山          36.621  138.907     1     1     1             1     0.6
  IWTH23  釜石          39.274  141.823     1     1     0             1    <0.5
  IWTH14  田老          39.743  141.909     1     1     1             1    <0.5
  NIGH14  塩沢          37.030  138.852     1     1     0             1    <0.5
  NIGH15  六日          37.053  138.995     1     1     1             1    <0.5
  YMTH08  八幡          38.970  140.033     1     1     0             1    <0.5
  IWTH21  山田          39.473  141.934     1     1     0             1    <0.5
  NGNH19  川上          35.974  138.584     1     1     0             1    <0.5
  IWTH15  矢巾          39.615  141.093     1     1     0             1    <0.5
  NIGH11  川西          37.173  138.744     1     1     0             1    <0.5
  KNGH20  松田          35.366  139.126     1     1     0             1    <0.5
  NGNH17  佐久          36.142  138.550     1     1     0             1    <0.5
  IWTH24  金ヶ崎        39.198  141.012     1     1     1             1     0.5
  IWTH18  川井南        39.463  141.678     1     1     0             1    <0.5
  YMNH15  上九一色      35.532  138.605     1     1     0             1    <0.5
  SZOH42  修善寺        34.976  138.913     1     1     0             1    <0.5
  KNGH23  葉山          35.262  139.611     1     1     0             1    <0.5
  CHBH11  養老          35.287  140.153     1     1     1             1    <0.5
  YMNH12  増穂          35.562  138.449     1     1     0             1    <0.5
  IWTH08  久慈北        40.269  141.783     1     1     0             1    <0.5
  KNGH21  清川          35.463  139.215     1     0     0             1    <0.5
  YMNH16  甲府2         35.742  138.565     0     1     0             1    <0.5
  CHBH17  勝浦東        35.171  140.340     0     0     0             0    <0.5
  NGNH24  松川          35.615  137.880     0     0     0             0    <0.5
  NGNH23  南木曽        35.606  137.611     0     0     0             0    <0.5
  NGNH27  信州新        36.577  138.048     0     0     0             0    <0.5
  NGNH22  長谷          35.795  138.082     0     0     0             0    <0.5