最大加速度リスト

地震発生時刻   2011/04/21-22:37:00.00
震央北緯       35.7°
震央東経       140.7°
震源深さ       46.0km
マグニチュード M6.0

  コード  観測点名      緯度    経度     最大加速度 (ガル) 三成分合成値 計測震度
　　　　　 　　         北緯    東経      N-S   E-W   U-D        (ガル)         
  CHB010  八日市場      35.708  140.568    70   109    31           110     4.1
  CHB011  蓮沼          35.602  140.501    76    96    25           101     4.1
  CHB012  東金          35.573  140.333    80    66    63            87     3.8
  CHB004  佐原          35.901  140.490    59    69    30            83     3.7
  TCG014  茂木          36.545  140.174    48    68     8            79     3.8
  CHBH13  成田          35.831  140.298    77    57    54            78     3.9
  CHB006  成田          35.780  140.307    63    50    41            74     3.7
  CHB007  佐倉          35.723  140.227    71    57    27            72     3.6
  IBRH20  波崎2         35.828  140.732    40    53    21            60     3.7
  CHB005  銚子          35.736  140.830    42    56    20            56     3.9
  IBR013  鉾田          36.159  140.489    50    32    19            52     3.4
  IBR018  鹿嶋          35.977  140.632    39    49    23            49     3.6
  IBR007  那珂湊        36.352  140.595    42    48    18            49     3.5
  CHB003  白井          35.794  140.056    45    43    18            48     3.4
  CHBH14  銚子中        35.734  140.823    35    46    23            47     3.8
  CHB009  千葉          35.608  140.102    45    23    14            46     3.3
  IBR017  江戸崎        35.954  140.319    37    45    29            45     3.2
  IBRH11  岩瀬          36.370  140.140    29    39     8            45     3.5
  CHB014  姉崎          35.477  140.049    31    34    24            42     3.5
  IBRH18  ひたちなか    36.363  140.620    38    36     8            40     3.1
  IBRH16  山方          36.641  140.398    24    34     5            37     2.8
  CHB026  長南          35.387  140.237    33    31    18            37     3.1
  CHB013  茂原          35.433  140.291    24    35    14            36     2.9
  CHB001  野田          35.959  139.873    36    29    10            36     3.1
  IBRH17  霞ヶ浦        36.086  140.314    31    28    19            35     3.1
  IBRH07  江戸崎        35.952  140.330    28    31    18            33     3.8
  TCG009  今市          36.726  139.715    31    20     6            33     2.9
  CHBH10  千葉          35.546  140.242    27    28    23            32     3.2
  IBRH13  高萩          36.795  140.575    25    29     9            32     3.0
  TCGH16  芳賀          36.548  140.075    27    31     6            32     3.2
  IBR016  取手          35.911  140.049    29    29    16            32     3.0
  KNG206  平塚ST6       35.097  139.378    20    29     5            30     3.2
  IBR005  笠間          36.385  140.237    27    24     9            29     3.2
  KNG201  平塚ST1       34.596  139.918    28    24     2            29     3.1
  FKSH12  平田          37.217  140.570    27    16     4            27     2.7
  IBR012  石岡          36.190  140.287    20    24    12            27     3.3
  CHB016  岬            35.300  140.387    22    26    10            27     3.3
  IBR014  土浦          36.073  140.195    24    23    12            26     3.0
  IBR003  日立          36.592  140.645    23    24     9            26     2.7
  KNG202  平塚ST2       34.740  139.839    18    25     8            26     2.8
  FKS013  古殿          37.090  140.556    25    13     4            25     2.9
  FKS017  須賀川        37.284  140.369    23    18     4            24     3.1
  KNGH10  横浜          35.499  139.519    23    23    11            23     3.1
  IBR010  下妻          36.184  139.965    18    23     9            23     3.0
  IBRH10  石下          36.111  139.989    18    16     7            22     3.1
  IBR001  大子          36.776  140.357    14    19     5            22     2.7
  CHB015  木更津        35.374  139.916    21    16    13            22     3.1
  CHB028  市川北        35.766  139.966    19    20    15            21     2.7
  TKY027  瑞江          35.693  139.891    20    14     6            21     3.0
  IBR006  水戸          36.369  140.453    16    15     8            21     2.8
  CHB024  稲毛          35.633  140.078    14    21    10            21     2.8
  TCG013  真岡          36.437  140.023    15    19    11            20     3.1
  IBR011  つくば        36.125  140.090    18    19     8            20     3.0
  IBR002  高萩          36.706  140.707    19    16     5            20     2.6
  SIT008  春日部        35.974  139.753    20    19     5            20     3.1
  CHB017  市場          35.299  140.076    19    15    11            20     2.8
  TCGH13  馬頭          36.734  140.178    19    18     5            20     2.6
  CHB020  鴨川          35.115  140.102    19    14     7            19     3.0
  KNG004  三崎          35.144  139.622    14    17     5            19     2.6
  KNG203  平塚ST3       34.798  139.643    16    18     3            18     2.4
  TKY022  横網          35.687  139.796    13    17     6            18     3.0
  IBR019  北茨城        36.881  140.654    18    12     4            18     2.3
  FKSH10  西郷          37.162  140.093    12    15     6            18     2.1
  CHBH11  養老          35.287  140.153    12    16    10            18     2.5
  CHB022  富津          35.308  139.860    11    17     5            18     2.4
  CHB018  勝浦          35.158  140.322    16    12     9            17     2.5
  FKS006  葛尾          37.503  140.759    12    14     3            17     2.3
  TKY021  猿江          35.688  139.819    15    12     7            16     2.8
  CHBH04  下総          35.797  140.021    15    14    10            16     2.6
  KNG205  平塚ST5       34.941  139.421    13    13     2            16     2.6
  KNG002  横浜          35.437  139.634    13    14     7            16     3.1
  CHB029  行徳          35.695  139.918    15    13     5            16     2.9
  IBR004  大宮          36.552  140.410    15    11     5            16     2.4
  CHB008  浦安          35.654  139.902    11    14     8            16     2.9
  TKYH11  江東          35.611  139.812    13    14     8            16     2.7
  KNG001  川崎          35.529  139.706    13    13     8            16     2.7
  SIT011  川口          35.810  139.721    13    12     5            16     2.8
  TKY023  八広          35.725  139.825    11    15     7            16     2.9
  TCG012  小山          36.286  139.805    13    14     5            15     2.6
  SITH11  飯能          35.864  139.273    10    12     3            15     2.3
  TCGH11  今市          36.708  139.769     8    15     4            15     2.2
  FKS008  船引          37.436  140.567     8    13     3            15     2.1
  IBR015  岩井          36.069  139.908    10    14     7            15     2.6
  CHB019  鋸南          35.111  139.835    11    12     6            15     2.9
  CHBH12  富津          35.344  139.855    13    10     4            15     2.5
  TKY008  岡田          34.785  139.391    11    11     6            15     2.0
  TKY018  八枝          35.655  139.811    12    14     9            15     2.7
  TKY024  奥戸          35.740  139.862    12    13     8            14     2.7
  TKY025  篠崎          35.714  139.897     9    14     7            14     2.5
  TCG008  鹿沼          36.560  139.768    12    14     5            14     2.5
  IBR008  下館          36.306  139.983    14    12     5            14     2.6
  KNG013  小田原        35.264  139.152     9    12     7            14     2.9
  KNGH11  厚木          35.404  139.354    13     9     2            13     2.9
  CHB002  松戸          35.787  139.903    13    10     9            13     2.4
  TCG015  芹沼          36.749  139.714    10     9     4            13     2.3
  FKS018  郡山          37.396  140.362    13    12     6            13     2.6
  TCGH10  大田原        36.858  140.023    12     7     3            13     2.0
  IBRH15  御前山        36.557  140.301    11    12     4            13     2.0
  TKY014  亀戸          35.689  139.835    10    10     7            13     2.6
  FKS012  勿来          36.907  140.793     9    12     5            13     2.6
  TKY015  東白鬚        35.731  139.812     9    10     7            13     2.7
  TKY026  宇喜田        35.670  139.863     9    11     6            12     2.5
  IBRH12  大子          36.837  140.318     9    10     4            12     2.0
  TKY013  砂町          35.660  139.834    12    10     7            12     2.7
  TKY017  辰巳          35.647  139.809    11     9     5            12     2.7
  GNM009  桐生          36.411  139.325    12    11     4            12     2.5
  TCGH06  真岡          36.446  139.951    10    10     6            12     2.5
  IBRH14  十王          36.692  140.548    10    11     4            12     2.2
  FKSH19  都路          37.470  140.723     9    11     3            11     2.1
  TCG003  藤原          36.814  139.715     8    11     3            11     2.0
  TKY004  八王子        35.628  139.403     8    10     7            11     2.1
  FKSH11  矢吹          37.201  140.339    10    11     4            11     2.5
  TCG006  小川          36.764  140.130    11     9     4            11     2.3
  SIT010  大宮          35.907  139.648     8    11     3            11     2.6
  SZO003  東伊豆        34.816  139.055     8    10     5            11     2.1
  FKS016  白河          37.123  140.191     9    10     3            11     2.2
  YMNH11  大月          35.625  138.978     8    10     3            10     2.2
  FKS024  中野          37.396  140.132     8     9     3            10     2.4
  KNG204  平塚ST4       34.893  139.571     8     8     3            10     2.1
  GNM011  太田          36.291  139.361     8     8     2            10     2.1
  TKY003  青梅          35.797  139.291     9     8     3            10     2.3
  FKS014  矢祭          36.868  140.430     6     9     5            10     2.1
  KNG009  厚木          35.442  139.362     9     8     4            10     2.3
  CHBH17  勝浦東        35.171  140.340     7     9     5            10     1.9
  FKS001  相馬          37.795  140.920     9     6     2            10     2.0
  TKY007  新宿          35.711  139.686     8     9     7             9     2.2
  SZO011  富士宮        35.213  138.602     6     9     2             9     1.9
  MYG015  岩沼          38.105  140.870     9     7     3             9     2.1
  CHB027  勝浦北        35.181  140.266     8     6     5             9     2.2
  GNMH12  神流          36.144  138.913     8     7     3             9     1.8
  SIT003  久喜          36.072  139.697     8     8     6             9     2.6
  CHBH16  鴨川          35.138  139.965     8     6     5             9     2.3
  SITH01  岩槻          35.929  139.735     9     9     3             9     2.3
  TKY016  東雲          35.648  139.799     5     7     4             9     2.4
  FKS009  小野          37.278  140.635     8     7     3             8     1.7
  FKSH18  三春          37.489  140.538     8     7     3             8     1.9
  KNG008  相模原        35.575  139.327     6     7     3             8     1.7
  MYG017  角田          37.976  140.782     8     7     2             8     2.3
  FKS019  二本松        37.603  140.437     6     7     3             8     1.9
  TCGH14  粟野          36.551  139.615     7     7     3             8     1.5
  GNM003  沼田          36.658  139.078     7     5     3             8     1.8
  KNG006  二俣川        35.454  139.539     7     7     3             8     2.0
  TKY005  町田          35.578  139.416     7     7     4             8     2.0
  FKSH14  いわき東      37.026  140.970     6     7     3             8     2.2
  TKY020  塩浜          35.666  139.809     7     7     3             8     2.4
  FKS004  飯舘          37.680  140.735     8     6     3             8     1.5
  TCG016  北高岡        36.529  140.156     5     6     4             8     2.1
  TKYH12  八王子        35.670  139.265     7     4     3             8     2.0
  CHB021  白浜          34.908  139.898     7     7     2             8     1.7
  TKY006  小金井        35.699  139.503     5     7     3             7     1.9
  FKS023  会津若松      37.477  139.929     6     7     2             7     2.1
  TCG005  矢板          36.806  139.926     6     7     2             7     1.9
  TCGH12  氏家          36.696  139.984     6     6     3             7     2.1
  FKSH09  郡山          37.353  140.426     7     4     2             7     1.2
  IBR009  古河          36.185  139.704     5     7     3             7     2.1
  FKSH17  川俣          37.664  140.597     7     6     2             7     1.7
  KNG003  横須賀        35.273  139.658     5     5     3             7     1.8
  IWT012  北上          39.321  141.138     6     5     2             7     1.5
  SITH06  川本          36.113  139.289     6     5     2             7     1.4
  MYGH10  山元          37.941  140.892     6     6     3             7     1.6
  SIT013  所沢          35.797  139.466     5     6     3             6     1.9
  MYG012  塩竈          38.318  141.019     4     6     2             6     1.5
  FKS003  福島          37.761  140.480     4     6     3             6     1.8
  FKS011  いわき        37.091  140.904     6     4     2             6     1.7
  MYG013  仙台          38.266  140.929     5     6     2             6     1.5
  FKS020  猪苗代        37.547  140.108     6     5     2             6     2.2
  GNM010  館林          36.234  139.533     5     6     3             6     1.9
  KNG007  藤沢          35.339  139.490     5     6     3             6     1.9
  GNMH13  水上2         36.862  139.063     5     4     2             6     1.6
  TKY009  波浮港        34.687  139.441     4     5     3             6     1.4
  SZOH42  修善寺        34.976  138.913     5     4     2             6     1.8
  SZO002  伊東          34.965  139.103     4     6     3             6     1.7
  SIT009  川越          35.903  139.483     6     4     3             6     1.6
  KNG010  平塚          35.336  139.350     5     5     5             6     2.1
  IBRH19  つくば        36.214  140.089     5     5     3             6     1.7
  KNGH18  藤野          35.644  139.128     4     5     2             5     1.6
  TCG010  足尾          36.635  139.438     5     5     3             5     1.6
  FKS010  広野          37.234  141.002     4     4     3             5     1.6
  TCG007  宇都宮        36.569  139.886     4     5     2             5     1.7
  CHB025  千倉          34.971  139.946     3     5     3             5     1.8
  KNGH20  松田          35.366  139.126     3     4     3             5     1.5
  KNG014  山北          35.361  139.083     4     4     2             5     1.6
  FKS015  棚倉          37.022  140.377     5     5     2             5     1.7
  MYG002  歌津          38.726  141.511     5     5     1             5     0.8
  SZO001  熱海          35.142  139.079     3     5     2             5     0.8
  TKYH02  府中          35.654  139.470     4     4     2             5     1.7
  YMN002  大月          35.613  138.947     4     4     2             5     1.2
  KNG005  鎌倉          35.319  139.546     4     4     3             5     1.7
  KNGH23  葉山          35.262  139.611     4     3     3             5     1.6
  SIT007  東松山        36.054  139.391     4     4     2             5     1.5
  TCG004  湯元          36.806  139.420     4     4     3             5     1.6
  CHBH20  鴨川南        35.088  140.100     3     4     3             5     1.9
  SZOH35  伊東中        34.947  139.085     4     4     2             4     1.6
  SIT004  長瀞          36.118  139.105     4     3     1             4     0.9
  GNMH05  伊勢崎        36.314  139.185     4     3     2             4     1.5
  TCGH09  矢板          36.862  139.836     3     3     2             4     1.4
  TKY010  新島          34.378  139.257     4     3     2             4     1.4
  SZO010  御殿場        35.309  138.935     4     3     2             4     1.8
  IWTH05  藤沢          38.865  141.351     4     3     1             4     0.8
  SIT002  熊谷          36.148  139.388     4     3     2             4     1.7
  KNG012  秦野          35.379  139.205     4     3     2             4     1.4
  IWTH27  陸前高田      39.031  141.532     3     4     1             4     0.8
  MYG016  白石          38.008  140.621     3     4     3             4     1.8
  SITH04  所沢          35.803  139.535     4     3     2             4     1.6
  GNM007  渋川          36.462  139.010     4     3     1             4     1.5
  FKS031  川内          37.336  140.813     3     4     2             4     1.3
  SZO013  清水          35.041  138.476     3     4     2             4     1.8
  GNM013  高崎          36.318  139.018     3     4     1             4     1.6
  TCG011  葛生          36.387  139.614     3     4     2             4     1.3
  YMT011  上山          38.150  140.267     4     2     1             4     1.7
  SITH03  日高          35.899  139.384     3     3     1             4     1.7
  GNM008  前橋          36.348  139.137     3     3     1             4     1.5
  GNM001  片品          36.772  139.225     3     3     2             4     0.9
  TCGH07  栗山西        36.882  139.453     2     3     2             4     1.1
  TCG002  塩原          36.990  139.803     3     3     2             4     1.3
  YMN005  甲府          35.655  138.568     3     3     2             4     1.5
  YMN004  塩山          35.702  138.727     3     3     2             4     1.4
  NGN015  諏訪          36.045  138.112     3     3     1             4     1.9
  FKSH08  長沼          37.282  140.214     3     3     2             4     1.2
  YMTH06  高畠          37.963  140.184     2     3     1             3     1.3
  NGNH16  茅野          35.947  138.185     2     3     2             3     1.0
  YMN009  六郷          35.496  138.463     3     3     1             3     1.6
  SIT006  秩父          35.995  139.071     3     3     1             3     1.2
  SZOH37  芝川          35.203  138.566     3     3     1             3     0.8
  SZOH34  清水北        35.130  138.424     3     2     1             3     1.0
  SITH10  都幾川        35.996  139.219     3     2     1             3     0.8
  YMN003  富士吉田      35.465  138.813     3     3     2             3     1.5
  FKS022  西会津        37.600  139.647     3     3     1             3     1.4
  MYGH08  岩沼          38.113  140.844     2     3     1             3     1.2
  MYGH09  白石          38.009  140.603     3     3     2             3     1.6
  FKS028  只見          37.349  139.314     2     3     1             3     1.4
  SZOH38  函南          35.085  138.978     3     3     2             3     1.1
  YMNH14  都留南        35.511  138.968     3     2     2             3     0.7
  YMNH08  西野原        35.690  138.734     3     3     1             3     1.2
  SIT001  本庄          36.243  139.194     2     2     2             3     1.5
  KNGH21  清川          35.463  139.215     2     2     3             3     0.9
  SIT012  飯能          35.840  139.321     2     2     1             3     1.0
  TKYH13  檜原南        35.702  139.127     2     2     1             3     0.6
  YMTH02  山形          38.269  140.258     2     3     1             3     1.4
  GNMH14  みどり        36.493  139.322     2     2     1             3     1.2
  MYG011  牡鹿          38.305  141.504     2     2     1             3     0.6
  NGN014  小海          36.096  138.484     3     2     1             3     0.7
  SZO005  松崎          34.755  138.784     2     2     1             3     1.4
  FKSH03  高郷          37.608  139.753     2     2     1             3     1.3
  FKSH04  会津高田      37.451  139.813     3     2     1             3     1.2
  GNMH07  利根          36.700  139.210     2     2     1             3     1.0
  SITH08  小鹿野        36.027  138.969     2     2     1             3     0.9
  SITH05  神泉          36.151  139.050     2     2     1             3     0.8
  NGN016  富士見        35.913  138.223     2     2     1             2     1.2
  SIT005  小川          36.056  139.263     2     2     1             2     1.0
  FKSH16  福島          37.764  140.377     2     2     1             2     1.2
  NGNH12  南牧          35.970  138.480     2     2     1             2     1.2
  NGNH19  川上          35.974  138.584     2     2     1             2     0.9
  TKY029  三宅          34.075  139.479     2     2     1             2     0.9
  KNG011  藤野          35.615  139.155     2     2     1             2     1.0
  SZO012  蒲原          35.127  138.621     2     2     1             2     1.1
  SZO028  川奈          34.952  139.138     2     2     2             2     0.9
  TKY002  桧原          35.730  139.145     2     2     1             2     0.7
  GNM006  吾妻          36.510  138.752     2     2     1             2     0.6
  IWTH20  花巻南        39.343  141.047     2     2     1             2     1.1
  NGNH11  富士見        35.916  138.305     2     2     1             2     1.1
  SZO014  静岡          34.965  138.374     2     2     1             2     1.1
  IWTH21  山田          39.473  141.934     2     2     1             2     0.5
  MYGH04  東和          38.786  141.325     2     2     1             2    <0.5
  YMN010  須玉          35.792  138.410     2     2     1             2     1.2
  KNGH19  山北中        35.417  139.044     2     1     1             2     0.7
  GNMH08  嬬恋          36.492  138.524     2     2     1             2     1.3
  GNM016  万場          36.116  138.925     2     2     1             2     0.6
  GNMH11  富岡          36.286  138.921     2     2     1             2     1.0
  SZOH40  河津          34.783  138.970     1     2     1             2     0.5
  FKS026  南郷          37.266  139.539     1     2     1             2     0.9
  YMTH15  西川東        38.426  140.125     1     2     1             2     1.3
  YMTH14  西川西        38.386  139.992     1     2     1             2     1.3
  SITH09  皆野          36.072  139.099     2     1     1             2     1.0
  TKY001  氷川          35.803  139.096     2     1     1             2     0.8
  TKY012  八丈          33.119  139.799     2     1     1             2     0.6
  IWTH14  田老          39.743  141.909     2     1     1             2    <0.5
  YMN006  本栖          35.468  138.607     1     2     1             2     0.8
  GNM014  坂本          36.350  138.718     2     2     1             2     1.1
  MYGH05  小野田        38.579  140.780     2     2     1             2     1.0
  FKSH21  只見          37.342  139.315     1     2     1             2     0.9
  MYG009  大和          38.447  140.887     2     2     1             2     0.9
  IWTH18  川井南        39.463  141.678     2     1     1             2    <0.5
  SZO007  修善寺        34.977  138.947     1     2     1             2    <0.5
  SITH07  名栗          35.912  139.149     2     2     1             2     0.7
  NGNH18  開田          35.932  137.595     1     1     1             2     0.7
  NIGH01  長岡          37.427  138.888     1     1     1             2     1.1
  YMT009  寒河江        38.390  140.274     1     1     0             2     0.9
  TCGH17  藤原2         36.985  139.692     1     1     1             2     0.5
  SZO016  焼津          34.857  138.311     1     2     1             2     1.1
  YMNH15  上九一色      35.532  138.605     1     1     1             2    <0.5
  SZOH54  初島2         35.042  139.168     1     1     1             2     0.6
  NIG028  長岡支所      37.426  138.886     1     1     1             2     1.0
  NIGH08  津川          37.671  139.465     1     1     1             1     1.1
  SZO009  裾野          35.197  138.913     1     1     1             1     1.0
  YMTH07  米沢          37.896  140.028     1     1     1             1     0.7
  NGN010  小諸          36.328  138.436     1     1     1             1     1.0
  YMNH16  甲府2         35.742  138.565     1     1     1             1    <0.5
  SZOH33  静岡南        35.015  138.353     1     1     1             1     0.7
  NGNH21  伊那          35.831  137.924     1     1     1             1     0.7
  YMNH12  増穂          35.562  138.449     1     1     1             1     0.6
  MYGH03  唐桑          38.921  141.638     1     1     1             1    <0.5
  NGN008  上田          36.402  138.249     1     1     1             1     1.0
  IWTH24  金ヶ崎        39.198  141.012     1     1     1             1     0.7
  NGNH23  南木曽        35.606  137.611     1     1     1             1     0.5
  NIG013  巻            37.764  138.883     1     1     0             1     1.1
  NGNH24  松川          35.615  137.880     1     1     1             1     0.7
  FKSH06  伊南          37.172  139.520     1     1     1             1     0.6
  YMNH10  早川北        35.535  138.309     1     1     0             1    <0.5
  NGNH03  阿智2         35.479  137.735     1     1     0             1    <0.5
  GNMH09  高山          36.621  138.907     1     1     0             1    <0.5
  NIGH11  川西          37.173  138.744     1     1     1             1     0.9
  SZOH39  西伊豆西      34.799  138.772     1     1     1             1    <0.5
  AKTH06  雄勝          38.980  140.495     1     1     0             1    <0.5
  NIGH14  塩沢          37.030  138.852     1     1     0             1     0.5
  KSRH03  標茶北        43.385  144.628     1     1     0             1    <0.5
  KSRH09  白糠南        42.986  143.984     1     1     0             1    <0.5
  NMRH02  標津南        43.677  144.962     1     1     0             1    <0.5
  NIGH02  朝日          38.280  139.549     1     1     1             1     0.6
  NIGH12  湯之谷        37.224  138.982     1     1     0             1    <0.5
  NGNH17  佐久          36.142  138.550     1     1     1             1    <0.5
  NGNH10  木祖          35.963  137.767     1     1     0             1    <0.5
  YMTH08  八幡          38.970  140.033     1     1     0             1     0.6
  YMTH12  立川          38.636  140.006     1     1     1             1     0.6
  SZOH41  南伊豆        34.675  138.834     1     1     1             1    <0.5
  NIGH15  六日          37.053  138.995     1     1     0             1    <0.5
  NIGH09  下田          37.539  139.128     1     1     1             1    <0.5
  NMRH03  中標津        43.551  144.966     1     1     0             1    <0.5
  NGNH22  長谷          35.795  138.082     1     1     0             1    <0.5
  AKTH01  西木北        39.815  140.579     1     1     0             1    <0.5
  GIFH28  中津川        35.457  137.471     1     1     0             1     0.7
  YMNH13  身延          35.351  138.420     1     1     1             1    <0.5
  NIGH05  聖籠          37.976  139.279     1     1     0             1     0.5
  AICH17  豊根          35.184  137.727     1     1     0             1    <0.5
  NGNH13  喬木          35.514  137.877     1     1     1             1    <0.5
  TKCH08  大樹          42.486  143.152     1     1     0             1    <0.5
  NGNH30  奈川          36.064  137.685     0     1     0             1    <0.5
  GIFH20  下呂北        35.799  137.253     0     1     0             1    <0.5
  AKTH19  湯沢          39.191  140.471     0     1     0             1    <0.5
  YMNH09  早川          35.433  138.333     1     1     0             1    <0.5
  AKTH03  矢島          39.222  140.128     0     0     0             1    <0.5
  NGNH27  信州新        36.577  138.048     0     0     0             1    <0.5
  NIGH18  妙高          36.943  138.259     0     0     0             1    <0.5
  NGNH20  上松          35.787  137.717     0     1     0             1    <0.5
  AKTH16  西仙北        39.545  140.348     0     0     0             1    <0.5
  NGNH25  南信濃        35.299  137.927     0     0     0             1    <0.5
  GIFH15  高山          36.134  137.221     1     0     0             1    <0.5
  SZOH36  藤枝          34.914  138.201     0     0     0             0    <0.5
  NGNH31  塩尻          36.118  137.939     0     0     0             0    <0.5
  NGNH28  戸隠          36.708  138.096     0     0     0             0    <0.5
  NGNH54  飯田          35.449  138.006     0     0     0             0    <0.5
  SZOH32  龍山東        35.009  137.841     0     0     0             0    <0.5
  AICH16  設楽          35.154  137.535     0     0     0             0    <0.5
  FKSH01  西会津        37.757  139.715     0     0     0             0    <0.5
  SZOH30  水窪北        35.223  137.918     0     0     0             0    <0.5
  TKCH04  新得南        43.174  142.918     0     0     0             0    <0.5
  SZOH31  川根          34.940  138.077     0     0     0             0    <0.5
  NGNH33  生坂          36.460  137.964     0     0     0             0    <0.5
  KSRH08  白糠北        43.160  143.894     0     0     0             0    <0.5
  GIFH03  根尾          35.633  136.613     0     0     0             0    <0.5
  TKCH06  芽室          42.892  143.060     0     0     0             0    <0.5
  NGNH35  穂高          36.382  137.820     0     0     0             0    <0.5
  AICH21  南知多        34.740  136.939     0     0     0             0    <0.5
  SZOH53  掛川3         34.877  138.017     0     0     0             0    <0.5
  GIFH16  朝日北        36.094  137.344     0     0     0             0    <0.5
  GIFH18  馬瀬          35.899  137.149     0     0     0             0    <0.5
  GIFH19  朝日南        36.022  137.391     0     0     0             0    <0.5
  GIFH25  谷汲          35.521  136.613     0     0     0             0    <0.5
  GIFH11  八百津        35.486  137.246     0     0     0             0    <0.5
  KSRH01  阿寒北        43.436  144.084     0     0     0             0    <0.5
  GIFH21  美並          35.666  136.962     0     0     0             0    <0.5
  GIFH27  美濃加茂      35.453  137.004     0     0     0             0    <0.5
  TYMH04  魚津          36.791  137.469     0     0     0             0    <0.5
  GIFH24  東白川        35.640  137.319     0     0     0             0    <0.5
  AICH07  旭            35.219  137.404     0     0     0             0    <0.5
  AICH18  岡崎          34.964  137.238     0     0     0             0    <0.5