最大加速度リスト

地震発生時刻   2011/04/11-18:36:00.00
震央北緯       36.9°
震央東経       140.7°
震源深さ       8.0km
マグニチュード M4.8

  コード  観測点名      緯度    経度     最大加速度 (ガル) 三成分合成値 計測震度
　　　　　 　　         北緯    東経      N-S   E-W   U-D        (ガル)         
  IBR019  北茨城        36.881  140.654   141   167   184           190     4.0
  IBRH13  高萩          36.795  140.575    79   111    60           128     3.6
  FKS012  勿来          36.907  140.793    81   108    58           126     3.5
  IBRH14  十王          36.692  140.548    47    29    20            51     2.3
  FKS016  白河          37.123  140.191    34    47     9            47     2.7
  TCG014  茂木          36.545  140.174    36    44    12            45     3.2
  IBR003  日立          36.592  140.645    39    41    18            42     2.3
  IBR013  鉾田          36.159  140.489    39    33    16            40     2.8
  IBR005  笠間          36.385  140.237    35    25    16            35     2.6
  FKSH09  郡山          37.353  140.426    23    32     5            34     1.8
  IBRH16  山方          36.641  140.398    26    29    11            30     2.6
  IBRH15  御前山        36.557  140.301    29    20     9            29     2.3
  IBRH11  岩瀬          36.370  140.140    24    28    16            29     2.6
  IBR004  大宮          36.552  140.410    28    26    17            28     2.4
  FKSH10  西郷          37.162  140.093    25    15    18            28     2.4
  IBR002  高萩          36.706  140.707    25    20     8            27     2.5
  FKS013  古殿          37.090  140.556    26    22    16            27     2.4
  FKSH12  平田          37.217  140.570    20    13    10            23     2.3
  IBRH12  大子          36.837  140.318    22    19    10            22     2.3
  TCG009  今市          36.726  139.715    20    18     7            21     2.4
  TCGH13  馬頭          36.734  140.178    15    18     9            20     2.3
  IBR007  那珂湊        36.352  140.595    17    16     7            19     2.1
  FKS008  船引          37.436  140.567    15    18     5            19     1.5
  IBR015  岩井          36.069  139.908    16    17     7            18     2.3
  IBR006  水戸          36.369  140.453    16    14     9            18     2.0
  FKSH11  矢吹          37.201  140.339    17    11    10            18     1.9
  FKS027  滝原          37.070  139.681    17    12     4            17     1.1
  IBR001  大子          36.776  140.357    12    12    16            17     2.2
  FKS011  いわき        37.091  140.904    14    10    12            17     1.9
  IBRH10  石下          36.111  139.989    16    14     6            16     2.3
  IBRH17  霞ヶ浦        36.086  140.314    15    12     7            16     1.9
  TCGH10  大田原        36.858  140.023    15    13    11            16     1.9
  FKS014  矢祭          36.868  140.430    12    15     8            16     1.8
  IBRH18  ひたちなか    36.363  140.620     9    14     9            15     1.9
  IBR014  土浦          36.073  140.195    14    13     5            15     2.0
  FKS006  葛尾          37.503  140.759    13    14     8            15     1.8
  FKSH08  長沼          37.282  140.214    10    12     4            14     1.1
  FKS009  小野          37.278  140.635    11    11     4            14     1.4
  TCGH16  芳賀          36.548  140.075    13    13     5            14     2.2
  FKS010  広野          37.234  141.002     8    13     3            13     1.7
  FKS004  飯舘          37.680  140.735    11    12     5            13     1.4
  FKS019  二本松        37.603  140.437    12    11     7            13     1.7
  FKSH19  都路          37.470  140.723    10    10     7            13     1.5
  IBRH21  つくば南      35.981  140.105    10    10     7            12     1.8
  IBR016  取手          35.911  140.049    10    11     5            12     1.7
  TCGH14  粟野          36.551  139.615    10    10     4            12     1.4
  TCGH12  氏家          36.696  139.984    11    12     9            12     1.6
  FKS018  郡山          37.396  140.362     8    10     4            12     1.5
  IBR017  江戸崎        35.954  140.319    11     8     6            12     1.4
  TCG008  鹿沼          36.560  139.768    10     8     5            11     2.0
  IBR011  つくば        36.125  140.090     7    11     3            11     1.7
  IBR018  鹿嶋          35.977  140.632     7    10     2            10     1.5
  TCG003  藤原          36.814  139.715     5     9     2            10     1.2
  IBR012  石岡          36.190  140.287     7     9     5            10     1.6
  TCG013  真岡          36.437  140.023     9    10     5            10     1.4
  TCG001  黒磯          36.942  140.083     7    10     5            10     1.3
  IBR010  下妻          36.184  139.965    10     8     4            10     1.9
  FKSH14  いわき東      37.026  140.970     7     8     4            10     2.1
  FKS015  棚倉          37.022  140.377     9     8     3             9     1.3
  FKSH18  三春          37.489  140.538     9     8     5             9     1.5
  TCG005  矢板          36.806  139.926     8     9     2             9     1.4
  TCG006  小川          36.764  140.130     7     7     5             9     1.6
  FKS003  福島          37.761  140.480     6     8     2             8     1.1
  IBR008  下館          36.306  139.983     7     8     4             8     1.5
  CHB001  野田          35.959  139.873     8     7     3             8     1.7
  TCG015  芹沼          36.749  139.714     5     8     3             8     1.0
  FKS017  須賀川        37.284  140.369     7     6     5             8     1.6
  TCG016  北高岡        36.529  140.156     6     7     2             8     0.9
  FKS031  川内          37.336  140.813     7     7     4             7     1.2
  YMTH04  上山          38.081  140.298     5     7     2             7     0.9
  FKS025  下郷          37.308  139.900     6     6     5             7     1.1
  FKS024  中野          37.396  140.132     7     5     4             7     1.5
  FKS002  梁川          37.845  140.601     7     7     2             7     1.1
  FKS001  相馬          37.795  140.920     6     6     3             7     1.4
  CHB003  白井          35.794  140.056     5     7     4             7     1.6
  FKSH02  熱塩加納      37.732  139.882     6     5     1             7     0.6
  FKS005  原町          37.639  140.985     6     6     2             7     1.1
  MYGH10  山元          37.941  140.892     6     5     2             7     1.1
  CHB007  佐倉          35.723  140.227     5     6     3             6     1.3
  FKSH17  川俣          37.664  140.597     4     5     3             6     1.2
  SIT008  春日部        35.974  139.753     4     5     2             6     1.7
  YMTH02  山形          38.269  140.258     6     4     1             6     1.3
  GNM009  桐生          36.411  139.325     5     6     2             6     1.1
  MYG015  岩沼          38.105  140.870     6     5     2             6     1.5
  TCG012  小山          36.286  139.805     6     5     3             6     1.3
  TCGH06  真岡          36.446  139.951     5     5     2             6     1.2
  IBRH19  つくば        36.214  140.089     5     4     3             5     1.0
  SITH11  飯能          35.864  139.273     5     5     2             5     1.3
  MYG016  白石          38.008  140.621     5     3     2             5     1.1
  TCGH09  矢板          36.862  139.836     4     5     3             5     0.9
  CHB028  市川北        35.766  139.966     3     5     4             5     1.0
  TCG002  塩原          36.990  139.803     2     4     4             5     0.7
  SIT003  久喜          36.072  139.697     4     3     2             5     1.3
  CHB002  松戸          35.787  139.903     4     3     2             4     0.8
  TCG007  宇都宮        36.569  139.886     4     3     2             4     0.7
  SIT010  大宮          35.907  139.648     3     4     1             4     1.6
  GNMH12  神流          36.144  138.913     4     3     2             4     1.2
  FKS022  西会津        37.600  139.647     4     4     2             4     0.8
  CHB012  東金          35.573  140.333     3     4     2             4     1.1
  FKSH16  福島          37.764  140.377     4     4     2             4     0.8
  MYGH09  白石          38.009  140.603     2     4     2             4     0.8
  SITH01  岩槻          35.929  139.735     4     3     2             4     1.2
  CHBH13  成田          35.831  140.298     4     4     2             4     1.1
  FKSH04  会津高田      37.451  139.813     3     4     2             4     0.7
  GNM011  太田          36.291  139.361     3     4     2             4     1.1
  GNM010  館林          36.234  139.533     3     2     1             4     0.7
  FKSH06  伊南          37.172  139.520     4     3     1             4     0.5
  FKS021  喜多方        37.654  139.863     2     3     1             4    <0.5
  TCG011  葛生          36.387  139.614     3     3     2             3     0.6
  FKS029  桧枝岐        37.016  139.380     3     2     1             3    <0.5
  IBRH07  江戸崎        35.952  140.330     2     2     2             3     1.4
  YMTH06  高畠          37.963  140.184     3     2     1             3     0.8
  GNM003  沼田          36.658  139.078     2     3     1             3     0.7
  YMT011  上山          38.150  140.267     3     2     1             3     0.9
  SITH06  川本          36.113  139.289     3     3     1             3     0.7
  IBR009  古河          36.185  139.704     3     2     1             3     0.7
  SIT004  長瀞          36.118  139.105     2     3     1             3    <0.5
  TCG010  足尾          36.635  139.438     2     3     2             3    <0.5
  SIT002  熊谷          36.148  139.388     2     3     1             3     0.9
  TKY025  篠崎          35.714  139.897     2     3     1             3     0.7
  TCGH07  栗山西        36.882  139.453     3     3     1             3     0.6
  GNM001  片品          36.772  139.225     2     2     1             2    <0.5
  IBRH20  波崎2         35.828  140.732     2     2     1             2     0.6
  KNGH10  横浜          35.499  139.519     2     2     1             2     1.0
  CHB008  浦安          35.654  139.902     2     2     1             2     0.6
  TKY026  宇喜田        35.670  139.863     2     2     1             2     0.6
  TKY021  猿江          35.688  139.819     2     2     1             2     0.6
  FKSH03  高郷          37.608  139.753     2     2     1             2     0.5
  FKSH01  西会津        37.757  139.715     1     2     0             2    <0.5
  FKS026  南郷          37.266  139.539     2     2     1             2    <0.5
  SITH10  都幾川        35.996  139.219     2     2     1             2    <0.5
  SIT006  秩父          35.995  139.071     1     1     0             2    <0.5
  KNG206  平塚ST6       35.097  139.378     1     2     0             2     1.1
  GNMH11  富岡          36.286  138.921     2     1     1             2    <0.5
  SIT001  本庄          36.243  139.194     1     2     0             2     0.7
  GNMH07  利根          36.700  139.210     1     2     1             2    <0.5
  SIT007  東松山        36.054  139.391     1     2     1             2    <0.5
  MYGH08  岩沼          38.113  140.844     2     2     1             2    <0.5
  CHBH10  千葉          35.546  140.242     2     2     1             2    <0.5
  TCGH17  藤原2         36.985  139.692     1     2     0             2    <0.5
  FKSH21  只見          37.342  139.315     2     1     1             2    <0.5
  GNMH05  伊勢崎        36.314  139.185     1     1     1             2     0.6
  YMT010  山形          38.260  140.349     1     2     1             2    <0.5
  SITH08  小鹿野        36.027  138.969     1     1     0             2    <0.5
  SITH05  神泉          36.151  139.050     1     1     0             1    <0.5
  GNM016  万場          36.116  138.925     1     1     0             1    <0.5
  TKYH12  八王子        35.670  139.265     1     1     1             1    <0.5
  YMTH03  南陽          38.103  140.155     1     1     0             1    <0.5
  SITH07  名栗          35.912  139.149     1     1     0             1    <0.5
  GNMH08  嬬恋          36.492  138.524     1     1     0             1    <0.5
  YMTH14  西川西        38.386  139.992     1     1     1             1    <0.5
  SITH04  所沢          35.803  139.535     1     1     0             1    <0.5
  NIGH08  津川          37.671  139.465     1     1     0             1    <0.5
  KNGH18  藤野          35.644  139.128     1     1     0             1    <0.5
  NIGH01  長岡          37.427  138.888     1     1     0             1    <0.5
  YMTH13  朝日          38.470  139.761     1     1     0             1    <0.5
  NIGH07  村松          37.666  139.261     1     1     0             1    <0.5
  NIGH10  上川          37.544  139.365     1     1     0             1    <0.5
  SITH03  日高          35.899  139.384     1     1     0             1    <0.5
  YMTH07  米沢          37.896  140.028     1     1     0             1    <0.5
  TKYH02  府中          35.654  139.470     1     1     0             1    <0.5
  NIGH09  下田          37.539  139.128     1     1     0             1    <0.5
  NIGH12  湯之谷        37.224  138.982     0     0     0             1    <0.5
  GNMH09  高山          36.621  138.907     0     0     0             0    <0.5