最大加速度リスト

地震発生時刻   2019/05/25-15:20:00.00
震央北緯       35.4°
震央東経       140.3°
震源深さ       38.0km
マグニチュード M5.1

  コード  観測点名      緯度    経度     最大加速度 (ガル) 三成分合成値 計測震度
　　　　　 　　         北緯    東経      N-S   E-W   U-D        (ガル)         
  CHB026  長南          35.387  140.237   151   113    27           155     3.7
  CHB014  姉崎          35.477  140.049    70    93    66           104     4.4
  CHB012  東金          35.573  140.333    46    75    31            81     3.7
  TKY018  八枝          35.655  139.811    57    48    22            74     3.8
  TKY017  辰巳          35.647  139.809    42    55    23            61     3.5
  CHBH10  千葉          35.546  140.242    55    48    25            58     3.6
  CHB015  木更津        35.374  139.916    57    34    19            58     3.8
  CHB008  浦安          35.654  139.902    44    51    19            54     3.9
  CHB017  市場          35.299  140.076    37    53    27            54     3.5
  CHB003  白井          35.794  140.056    28    46    19            53     2.8
  CHB009  千葉          35.608  140.102    48    35    21            52     3.3
  CHB011  蓮沼          35.588  140.497    30    47     9            49     3.0
  CHB013  茂原          35.433  140.291    31    39    18            46     3.2
  TKY013  砂町          35.660  139.834    30    38    15            44     3.4
  TKY026  宇喜田        35.670  139.863    30    27    13            37     3.3
  CHB016  岬            35.300  140.387    33    25    18            37     2.9
  CHB018  勝浦          35.158  140.322    36    31    23            36     2.9
  TKY016  東雲          35.648  139.799    10    33    11            35     3.0
  CHB007  佐倉          35.723  140.227    34    25    18            34     3.1
  CHBH19  蓮沼          35.594  140.511    28    30    10            34     2.7
  TKY028  越中島        35.669  139.789    11    33     6            33     3.1
  CHBH06  匝瑳          35.721  140.505    32    21    14            33     2.8
  CHB028  市川北        35.766  139.966    22    30    23            32     2.6
  CHB024  稲毛          35.633  140.078    32    29    10            32     3.1
  CHBH17  勝浦東        35.171  140.340    24    28    12            31     2.8
  CHB022  富津          35.308  139.860    26    24     8            28     2.7
  TKY007  新宿          35.711  139.686    24    18     5            28     2.5
  CHB010  八日市場      35.708  140.568    11    27     6            27     2.3
  TKY020  塩浜          35.666  139.809    18    24    10            26     3.1
  CHB029  行徳          35.695  139.918    24    14     6            26     2.7
  CHBH11  養老          35.287  140.153    24    17    13            25     2.7
  TKY015  東白鬚        35.731  139.812    24    13    10            25     2.8
  TKY024  奥戸          35.740  139.862    18    18     7            24     2.9
  KNG001  川崎          35.529  139.706    15    22     9            24     2.9
  TKY027  瑞江          35.693  139.891    17    23     8            23     2.9
  TKY023  八広          35.725  139.825    21    13     7            23     2.8
  SIT011  川口          35.810  139.721    16    21     5            22     2.7
  TKY025  篠崎          35.714  139.897    16    19     5            22     2.7
  TKY014  亀戸          35.689  139.835    13    20     8            22     2.8
  KNGH10  横浜          35.499  139.519    18    19     9            21     2.9
  TKY021  猿江          35.688  139.819    19    16     8            19     2.8
  CHBH04  下総          35.797  140.021    13    15     9            18     2.3
  CHB002  松戸          35.787  139.903    16    15    11            17     2.4
  CHB027  勝浦北        35.181  140.266    16    12    16            17     2.3
  TKY006  小金井        35.699  139.503    14    10     3            16     2.3
  CHBH13  成田          35.831  140.298     9    14     6            15     2.2
  TKY022  横網          35.687  139.796    14    14     5            15     2.6
  SZO003  東伊豆        34.816  139.055    13    11     4            14     2.2
  CHB020  鴨川          35.115  140.102    10    11     8            14     2.4
  CHB006  成田          35.780  140.307    12    12     8            13     2.2
  IBR013  鉾田          36.159  140.489     8    11     4            12     1.8
  IBR016  取手          35.911  140.049     8    11     5            12     2.1
  IBR017  江戸崎        35.954  140.319    10    10     6            12     2.0
  IBRH07  江戸崎        35.952  140.330    10     7     8            11     2.4
  SITH01  岩槻          35.929  139.735     6    11     2            11     2.0
  KNG004  三崎          35.144  139.622     9    10     4            11     2.1
  TKY004  八王子        35.628  139.403     7    10     4            10     1.9
  CHB005  銚子          35.736  140.830    10     5     3            10     1.8
  IBRH11  岩瀬          36.370  140.140     7    10     2            10     2.1
  CHB001  野田          35.959  139.873     8    10     3            10     2.1
  IBR015  岩井          36.069  139.908     7     9     3            10     2.0
  IBR005  笠間          36.385  140.237     8     9     5            10     2.0
  CHB004  佐原          35.901  140.490    10     8     5            10     1.9
  TKY008  岡田          34.785  139.391     6     9     6             9     1.7
  KNG002  横浜          35.437  139.634     9     7     6             9     2.3
  SITH11  飯能          35.864  139.273     8     8     2             9     1.8
  IBR014  土浦          36.073  140.195     9     7     3             9     1.8
  SIT010  大宮          35.907  139.648     6     8     4             9     2.2
  IBR018  鹿嶋          35.977  140.632     7     6     3             8     1.7
  TKY003  青梅          35.797  139.291     8     8     2             8     2.2
  CHB019  鋸南          35.111  139.835     8     7     4             8     2.3
  SIT008  春日部        35.983  139.746     8     6     2             8     2.1
  IBRH17  霞ヶ浦        36.086  140.314     8     7     3             8     1.7
  IBRH10  石下          36.111  139.989     8     6     3             8     2.0
  TCG014  茂木          36.545  140.174     7     6     1             8     1.7
  TKY009  波浮港        34.687  139.441     4     7     3             7     1.4
  CHB021  白浜          34.908  139.898     7     6     2             7     1.9
  IBR012  石岡          36.195  140.271     5     6     3             7     1.8
  IBR011  つくば        36.125  140.090     7     5     2             7     1.8
  IBRH20  波崎2         35.828  140.732     5     6     2             6     1.7
  CHB025  千倉          34.971  139.946     6     4     3             6     1.7
  TKY005  町田          35.580  139.414     5     5     2             6     1.7
  YMNH11  大月          35.625  138.978     6     6     1             6     1.8
  SIT009  川越          35.903  139.483     6     5     2             6     1.5
  SIT013  所沢          35.797  139.466     6     5     3             6     1.7
  KNG006  二俣川        35.454  139.539     5     6     2             6     1.7
  KNG009  厚木          35.442  139.362     5     5     2             6     1.7
  IBR010  下妻          36.184  139.965     4     5     2             5     1.7
  TKYH12  八王子        35.670  139.265     5     3     2             5     1.3
  KNG013  小田原        35.264  139.152     2     4     5             5     1.6
  TCG009  今市          36.726  139.715     5     5     1             5     1.5
  SIT003  久喜          36.072  139.697     4     4     2             5     1.8
  IBR007  那珂湊        36.352  140.595     4     5     1             5     1.2
  KNGH11  厚木          35.404  139.354     4     4     1             5     1.7
  IBR009  古河          36.185  139.704     3     5     2             5     1.5
  IBR006  水戸          36.367  140.454     3     4     2             4     1.1
  SZO002  伊東          34.965  139.103     4     4     2             4     1.4
  SZO011  富士宮        35.213  138.602     3     4     1             4     1.0
  KNG003  横須賀        35.273  139.658     3     3     2             4     1.2
  IBRH18  ひたちなか    36.363  140.620     3     3     2             4     1.1
  KNGH20  松田          35.366  139.126     2     3     2             4     0.9
  SZOH37  芝川          35.203  138.566     4     2     0             4     1.0
  KNGH23  葉山          35.262  139.611     2     4     2             4     1.1
  KNG010  平塚          35.334  139.345     3     3     1             4     1.4
  KNG005  鎌倉          35.319  139.546     4     2     2             4     1.0
  SZO001  熱海          35.142  139.079     2     3     1             4    <0.5
  KNGH18  藤野          35.644  139.128     3     2     1             3     1.2
  IBR008  下館          36.306  139.983     3     3     1             3     1.1
  IBR003  日立          36.592  140.645     2     3     1             3     0.8
  GNMH12  神流          36.144  138.913     3     3     1             3     1.1
  SZOH35  伊東中        34.947  139.085     2     3     2             3     1.2
  TCG013  真岡          36.437  140.023     2     3     2             3     1.3
  CHBH20  鴨川南        35.088  140.100     3     2     2             3     1.4
  SZOH42  修善寺        34.976  138.913     2     3     1             3     1.0
  YMNH14  都留南        35.511  138.968     2     2     1             3    <0.5
  IBRH16  山方          36.641  140.398     1     2     1             3     0.6
  IBRH15  御前山        36.557  140.301     2     3     1             3     0.6
  KNG012  秦野          35.379  139.205     2     2     1             3     0.6
  KNG014  山北          35.361  139.083     2     2     1             3     0.8
  SITH10  都幾川        35.996  139.219     2     2     1             2    <0.5
  SIT007  東松山        36.054  139.391     2     2     1             2     0.8
  IBRH19  つくば        36.214  140.089     2     2     1             2     0.6
  SITH04  所沢          35.803  139.535     2     2     1             2     1.0
  IBR004  大宮          36.552  140.410     2     2     1             2     0.6
  SIT012  飯能          35.840  139.321     1     2     1             2     0.7
  TCGH06  真岡          36.446  139.951     2     2     1             2     0.8
  GNM010  館林          36.234  139.533     2     2     1             2     0.9
  SITH06  川本          36.113  139.289     2     2     1             2     0.6
  SZOH34  清水北        35.130  138.424     2     1     1             2    <0.5
  TCG015  芹沼          36.749  139.714     2     1     1             2     0.7
  TKY002  桧原          35.730  139.145     1     2     1             2    <0.5
  TCGH11  今市          36.708  139.769     1     2     1             2     0.5
  FKSH12  平田          37.217  140.570     2     1     0             2     0.5
  SIT002  熊谷          36.148  139.388     1     2     1             2     0.9
  GNMH13  水上2         36.862  139.063     2     1     0             2     0.7
  SZO028  川奈          34.952  139.138     1     2     2             2     0.6
  GNM009  桐生          36.411  139.325     2     2     1             2     0.8
  SZOH40  河津          34.783  138.970     2     1     1             2     0.7
  SITH08  小鹿野        36.027  138.969     2     1     1             2     0.5
  IBRH06  北茨城2       36.881  140.655     1     2     0             2    <0.5
  TKYH13  檜原南        35.702  139.127     1     2     1             2    <0.5
  YMN002  大月          35.613  138.947     2     2     1             2     0.5
  TKY010  新島          34.378  139.257     2     1     1             2    <0.5
  TCG005  矢板          36.806  139.926     1     1     0             2     0.6
  GNM003  沼田          36.658  139.078     1     1     1             2     0.7
  TCG010  足尾          36.635  139.438     1     1     1             2    <0.5
  KNGH19  山北中        35.417  139.044     1     1     1             2    <0.5
  FKS013  古殿          37.090  140.556     1     1     0             2     0.6
  TCG003  藤原          36.814  139.715     1     1     0             1    <0.5
  SIT006  秩父          35.995  139.071     1     1     1             1     0.6
  SZOH54  初島2         35.042  139.168     1     1     1             1    <0.5
  YMN003  富士吉田      35.465  138.813     1     1     1             1     0.7
  TCG006  小川          36.764  140.130     1     1     1             1     0.6
  IBRH13  高萩          36.795  140.575     1     1     0             1    <0.5
  KNG011  藤野          35.615  139.155     1     1     1             1    <0.5
  FKS016  白河          37.123  140.191     1     1     0             1    <0.5
  SZOH38  函南          35.085  138.978     1     1     1             1    <0.5
  KNGH21  清川          35.463  139.215     1     1     1             1    <0.5
  TCGH14  粟野          36.551  139.615     1     1     0             1    <0.5
  TCGH10  大田原        36.858  140.023     1     1     0             1    <0.5
  NGNH19  川上          35.974  138.584     1     1     0             1    <0.5
  GNMH05  伊勢崎        36.314  139.185     1     1     1             1    <0.5
  SZOH39  西伊豆西      34.799  138.772     1     1     0             1    <0.5
  YMNH16  甲府2         35.742  138.565     1     1     0             1    <0.5
  SITH07  名栗          35.912  139.149     1     1     1             1    <0.5
  TCGH09  矢板          36.862  139.836     1     1     0             1    <0.5
  FKSH18  三春          37.489  140.538     1     1     0             1    <0.5
  GNMH11  富岡          36.286  138.921     1     1     0             1    <0.5
  TCGH08  栗山東        36.883  139.646     1     0     0             1    <0.5
  NGNH18  開田          35.932  137.595     1     1     0             1    <0.5
  GNMH08  嬬恋          36.492  138.524     1     1     0             1    <0.5
  GNMH14  みどり        36.493  139.322     1     0     0             1    <0.5
  YMNH12  増穂          35.562  138.449     0     0     1             1    <0.5
  NGNH30  奈川          36.064  137.685     0     0     0             0    <0.5
  NGNH23  南木曽        35.606  137.611     0     0     0             0    <0.5
  MYGH07  川崎          38.180  140.641     0     0     0             0    <0.5
  IBRH14  十王          36.692  140.548     0     0     0             0    <0.5
  NGNH24  松川          35.615  137.880     0     0     0             0    <0.5
  MYGH09  白石          38.009  140.603     0     0     0             0    <0.5
  NIGH14  塩沢          37.030  138.852     0     0     0             0    <0.5
  GNMH09  高山          36.621  138.907     0     0     0             0    <0.5