最大加速度リスト

地震発生時刻   2019/05/10-09:07:00.00
震央北緯       31.8°
震央東経       131.9°
震源深さ       24.0km
マグニチュード M4.9

  コード  観測点名      緯度    経度     最大加速度 (ガル) 三成分合成値 計測震度
　　　　　 　　         北緯    東経      N-S   E-W   U-D        (ガル)         
  MYZH08  川南          32.213  131.531    15    15     8            16     1.9
  MYZ003  延岡          32.566  131.660    13    12     8            15     2.5
  MYZH15  日向          32.365  131.589    13    10     5            14     2.2
  MYZ013  宮崎          31.909  131.419    11     9     8            13     2.3
  MYZH11  佐土原        32.021  131.470     9     9     5            10     2.1
  KMMH05  波野          32.955  131.221     8    10     2            10     2.1
  MYZ008  西都          32.106  131.393     9     9     5            10     1.7
  MYZ002  北川          32.698  131.683     9     9     3            10     1.9
  MYZ006  都農          32.257  131.561     7     5     4             8     1.6
  MYZH10  国富          32.022  131.290     3     7     3             7     1.3
  OITH07  三重          32.987  131.588     5     6     2             6     1.8
  MYZ012  高崎          31.872  131.069     5     6     5             6     1.8
  MYZ011  綾            31.995  131.256     3     5     3             5     1.4
  KMM007  高森          32.827  131.123     5     4     1             5     1.6
  MYZ017  串間          31.464  131.228     4     4     4             5     1.5
  MYZH04  諸塚          32.518  131.335     3     5     1             5     1.2
  MYZ014  田野          31.845  131.303     4     4     3             5     1.5
  MYZH16  延岡          32.506  131.696     4     3     2             5     1.1
  MYZ001  高千穂        32.705  131.309     4     3     2             4     1.4
  OIT016  佐伯          32.975  131.903     4     3     2             4     1.6
  MYZ020  椎葉          32.455  131.147     4     3     2             4     1.3
  MYZ005  日向          32.429  131.601     2     4     2             4     1.1
  MYZ016  日南          31.613  131.374     4     3     1             4     1.1
  MYZH01  五ヶ瀬        32.654  131.226     3     2     2             4     1.3
  KMM009  矢部          32.686  130.989     3     2     1             4     1.1
  KMMH09  泉            32.490  130.905     3     3     1             4     1.4
  KGS015  大崎          31.430  131.011     3     3     2             4     1.1
  MYZ015  都城          31.718  131.062     2     3     3             3     1.3
  KMM011  砥用          32.617  130.865     3     3     1             3     1.3
  KMMH14  豊野          32.635  130.752     2     3     1             3     1.6
  KGS018  喜入          31.376  130.545     2     2     3             3     0.8
  OIT009  湯布院        33.257  131.344     3     3     1             3     1.4
  MYZH03  椎葉          32.475  131.104     2     3     1             3     0.8
  KGS023  田代          31.199  130.849     2     2     1             3     0.7
  KMM017  多良木        32.256  130.926     2     2     1             3     1.1
  OIT011  佐賀関        33.246  131.881     3     2     1             3     0.9
  OIT010  大分          33.232  131.593     2     2     1             3     1.3
  KMM004  一の宮        32.932  131.121     2     2     1             2     1.0
  KGSH11  佐多          31.090  130.699     1     2     1             2    <0.5
  MYZH13  都城南        31.730  131.079     2     2     2             2     1.1
  KOC015  宿毛          32.937  132.725     2     2     1             2     0.7
  OITH04  庄内          33.131  131.347     2     2     1             2     0.9
  KMM016  人吉          32.197  130.776     2     1     1             2     1.0
  KGS008  蒲生          31.762  130.570     2     1     1             2     1.1
  KMMH12  人吉          32.205  130.737     2     2     1             2     0.8
  OIT018  蒲江          32.797  131.925     2     2     1             2     0.5
  KGS013  大隅          31.597  130.994     2     2     2             2     0.6
  KMM014  五木          32.396  130.827     2     1     1             2     0.6
  KMMH08  矢部          32.650  131.025     1     2     1             2     0.9
  KMMH16  益城          32.797  130.820     2     2     1             2     0.8
  OIT015  竹田          32.972  131.397     2     2     1             2     1.0
  MYZ010  小林          31.997  130.972     1     1     1             2     0.6
  MYZ004  南郷          32.389  131.334     2     1     1             2     0.6
  MYZ019  北郷          32.501  131.444     2     1     1             2     0.8
  KGSH07  姶良          31.714  130.615     1     1     1             2     0.8
  OIT014  津久見        33.066  131.859     2     1     1             2     0.6
  OITH10  佐伯          32.928  131.869     1     1     1             1    <0.5
  KMMH03  菊池          32.998  130.830     1     1     0             1     0.6
  KMMH07  三角          32.623  130.558     1     1     0             1    <0.5
  KGSH12  内之浦        31.258  131.088     1     1     1             1    <0.5
  OITH08  宇目西        32.839  131.536     1     1     1             1    <0.5
  KGSH08  大隅          31.562  130.997     1     1     1             1    <0.5
  EHMH12  宇和          33.427  132.506     1     1     0             1    <0.5
  OITH03  安岐          33.474  131.686     1     0     0             1    <0.5
  FKOH07  大刀洗        33.368  130.635     1     0     0             1    <0.5
  OITH05  野津原        33.153  131.542     1     0     0             1    <0.5
  HRSH07  呉            34.288  132.641     1     1     0             1    <0.5
  KMMH11  芦北          32.292  130.578     0     0     0             0    <0.5
  KOCH04  大月          32.841  132.707     0     0     0             0    <0.5
  KMMH15  水俣          32.170  130.365     0     0     0             0    <0.5
  OITH11  九重          33.284  131.212     0     0     0             0    <0.5
  KMMH17  玉名          32.987  130.561     0     0     0             0    <0.5
  KMMH01  鹿北          33.109  130.695     0     0     0             0    <0.5
  FKOH08  小石原        33.465  130.828     0     0     0             0    <0.5
  FKOH10  浮羽          33.289  130.817     0     0     0             0    <0.5
  KGSH03  宮之城        31.981  130.444     0     0     0             0    <0.5
  KGSH02  阿久根        31.994  130.208     0     0     0             0    <0.5
  YMGH15  徳山          33.972  131.815     0     0     0             0    <0.5