最大加速度リスト

地震発生時刻   2018/09/06-03:17:00.00
震央北緯       42.6°
震央東経       142.0°
震源深さ       33.0km
マグニチュード M4.7

  コード  観測点名      緯度    経度     最大加速度 (ガル) 三成分合成値 計測震度
　　　　　 　　         北緯    東経      N-S   E-W   U-D        (ガル)         
  HKD126  鵡川          42.575  141.928    24    60     8            62     3.7
  HKD127  追分          42.874  141.820    53    39     8            56     3.0
  IBUH01  追分          42.874  141.819    54    38     9            56     3.2
  HKD185  支笏湖畔      42.776  141.402    19    27     8            27     2.3
  HKD128  早来          42.766  141.822    25    18    13            26     3.1
  IBUH06  室蘭          42.412  141.002    23    16     8            23     2.5
  HKD125  穂別          42.761  142.135    19    21     5            23     2.9
  HKD131  登別          42.421  141.081    16    19     6            20     2.1
  HKD134  大滝          42.671  141.079    16    15     6            18     2.3
  HKD104  平取          42.589  142.131    16     9     6            18     1.8
  HKD132  室蘭          42.348  141.032    14    17     6            17     2.4
  HKD180  札幌          43.139  141.351    15    12     3            16     2.6
  HKD181  江別          43.116  141.546     9    13     4            15     2.3
  HKD184  千歳          42.790  141.601     9    13     8            15     2.3
  HDKH03  門別東        42.593  142.352    13    15     3            15     2.4
  IBUH07  大滝          42.648  141.064    11    14     7            15     2.1
  HDKH01  平取西        42.703  142.230    11    12     4            13     2.2
  HKD129  苫小牧        42.634  141.606    11    13     5            13     1.6
  HKD157  南茅部        41.905  140.970    12    10     3            13     1.9
  HDKH04  門別西        42.513  142.038    11    10    10            13     2.0
  HKD106  静内          42.341  142.369    10     8     3            13     2.3
  HKD103  幌毛志        42.727  142.297    12    10     3            12     2.1
  HDKH06  静内          42.350  142.357    10    10     6            12     2.4
  HKD178  石狩          43.172  141.305    10     7     3            11     2.1
  HKD105  門別          42.483  142.054     8     9    11            11     2.1
  SRCH09  栗山          43.059  141.806    10     9     2            11     2.1
  HKD154  森            42.096  140.563     8     7     2            10     1.7
  HKD158  椴法華        41.834  141.141     6     7     4             8     1.9
  HKD155  鹿部          42.044  140.806     7     5     3             8     1.5
  HKD156  七飯          41.900  140.696     5     7     2             8     1.2
  SBSH08  喜茂別        42.768  140.977     7     7     4             8     1.5
  IKRH03  千歳          42.888  141.640     7     4     3             7     1.4
  HKD182  広島          42.992  141.552     6     7     2             7     1.5
  HKD124  由仁          42.999  141.790     5     7     1             7     1.0
  HKD108  三石          42.253  142.564     6     5     1             6     1.5
  IBUH05  白老          42.563  141.350     5     4     3             6     1.1
  HKD139  余市          43.197  140.782     6     5     2             6     1.5
  HKD159  戸井          41.716  141.002     3     6     2             6     1.5
  HKD145  喜茂別        42.798  140.936     5     4     1             6     1.4
  OSMH02  上磯          41.837  140.633     5     4     1             6     1.2
  HKD130  白老          42.563  141.350     4     3     3             5     1.1
  IKRH01  当別          43.409  141.584     3     5     1             5     1.1
  HKD140  小樽          43.191  140.994     2     4     1             5     1.0
  HKD179  当別          43.224  141.517     4     4     1             4     1.3
  HKD183  定山渓        42.972  141.165     3     3     1             4    <0.5
  HDKH05  新冠          42.598  142.545     3     3     2             3     1.1
  HKD120  月形          43.344  141.663     3     2     1             3     0.9
  HKD138  積丹          43.292  140.601     3     2     0             3     1.0
  HKD176  四番川        43.532  141.592     2     3     1             3     0.9
  HKD122  岩見沢        43.197  141.775     3     2     1             3     0.8
  HKD123  夕張          42.993  142.008     2     3     1             3     1.0
  HKD144  倶知安        42.906  140.767     3     2     1             3     1.3
  HKD136  豊浦          42.589  140.644     1     2     1             3    <0.5
  HKD107  農屋          42.419  142.499     2     2     1             2     1.0
  HKD177  厚田          43.400  141.435     1     2     1             2     0.8
  HKD135  壮瞥          42.553  140.887     2     2     2             2     0.6
  KKWH08  占冠          43.041  142.656     2     1     0             2     0.9
  HKD102  日高          42.877  142.448     2     2     1             2     0.8
  HKD109  浦河          42.168  142.767     1     2     1             2     0.6
  HKD099  新得          43.074  142.839     2     1     1             2     0.8
  SRCH07  三笠          43.230  141.898     2     2     1             2     0.7
  HKD175  浜益          43.602  141.388     1     1     1             2    <0.5
  SRCH08  砂川          43.514  141.909     2     1     1             2     0.5
  HKD146  ニセコ        42.808  140.688     2     2     1             2     0.7
  HKD142  赤井川        43.085  140.820     2     2     1             2     0.7
  HKD169  木間内        41.935  140.369     1     2     1             2    <0.5
  HKD151  長万部        42.494  140.354     1     2     1             2     0.7
  SBSH03  赤井川        43.084  140.820     2     2     1             2     0.7
  SBSH04  共和          42.976  140.622     1     1     0             2    <0.5
  AOMH01  大間          41.527  140.913     1     1     0             2    <0.5
  HDKH07  様似          42.133  142.916     1     1     0             1    <0.5
  HYMH02  厚沢部        41.986  140.309     1     1     1             1     0.5
  TKCH05  本別          43.121  143.618     1     1     0             1    <0.5
  KSRH09  白糠南        42.986  143.984     1     1     0             1    <0.5
  SBSH02  泊            43.053  140.502     1     1     0             1    <0.5
  AOMH06  六ヶ所        40.966  141.374     1     1     0             1    <0.5
  TKCH04  新得南        43.174  142.918     1     1     0             1    <0.5
  KSRH02  阿寒南        43.114  144.123     1     1     0             1    <0.5
  SRCH06  深川南        43.695  142.078     1     1     1             1    <0.5
  TKCH03  足寄西        43.271  143.432     1     1     0             1    <0.5
  SBSH06  蘭越          42.831  140.483     1     1     0             1    <0.5
  OSMH01  知内          41.598  140.421     1     0     0             1    <0.5
  KKWH13  美瑛西        43.511  142.391     1     1     0             1    <0.5
  KSRH07  鶴居南        43.136  144.327     1     1     0             1    <0.5
  AOMH13  八戸          40.579  141.445     1     1     0             1    <0.5
  SBSH09  黒松内        42.610  140.484     0     1     0             1    <0.5
  HYMH01  北檜山        42.485  139.968     1     0     0             1    <0.5
  KKWH14  中富良野      43.384  142.524     1     0     0             1    <0.5
  NMRH04  別海東        43.398  145.122     1     1     0             1    <0.5
  KSRH04  標茶南        43.214  144.680     0     1     0             1    <0.5
  AOMH03  川内          41.234  140.990     0     0     0             0    <0.5
  KSRH05  鶴居西        43.256  144.234     0     0     0             0    <0.5
  TKCH10  新得北        43.334  142.945     0     0     0             0    <0.5
  NMRH03  中標津        43.551  144.966     0     0     0             0    <0.5
  KSRH01  阿寒北        43.436  144.084     0     0     0             0    <0.5
  KKWH12  美瑛東        43.504  142.601     0     0     0             0    <0.5