最大加速度リスト

地震発生時刻   2016/04/18-20:42:00.00
震央北緯       33.0°
震央東経       131.2°
震源深さ       9.0km
マグニチュード M5.8

  コード  観測点名      緯度    経度     最大加速度 (ガル) 三成分合成値 計測震度
　　　　　 　　         北緯    東経      N-S   E-W   U-D        (ガル)         
  KMM004  一の宮        32.932  131.121   196   266   179           279     4.9
  KMM007  高森          32.827  131.123   228   223   112           270     4.8
  KMMH02  小国          33.122  131.063   162   152    75           183     4.4
  MYZ001  高千穂        32.705  131.309   149    97    41           159     3.7
  KMM001  小国          33.121  131.069    74   132    35           136     3.8
  OIT015  竹田          32.972  131.397    88    82    58            94     3.5
  OIT012  直入          33.066  131.373    83    78    33            92     3.2
  OITH08  宇目西        32.839  131.536    84    53    24            87     3.1
  MYZ002  北川          32.698  131.683    55    80    19            82     3.5
  KMMH09  泉            32.490  130.905    67    49    12            75     3.7
  KMM005  大津          32.876  130.877    47    56    25            73     3.6
  KMMH06  白水          32.811  131.101    38    67    38            71     3.5
  KMM009  矢部          32.686  130.986    58    45    11            58     3.0
  OIT009  湯布院        33.257  131.344    36    55    14            55     3.5
  MYZ006  都農          32.257  131.561    50    45    10            50     3.0
  FKO014  矢部          33.149  130.818    40    22    21            47     2.7
  MYZ008  西都          32.106  131.393    41    25    10            46     2.8
  FKO015  柳川          33.163  130.405    29    43     9            45     3.4
  OIT013  犬飼          33.073  131.593    44    38    18            44     2.5
  MYZH08  川南          32.213  131.531    37    26    14            43     2.9
  OITH05  野津原        33.153  131.542    36    37    18            42     2.7
  KMMH16  益城          32.797  130.820    34    40    13            41     3.4
  KMMH03  菊池          32.998  130.830    28    29    25            41     3.1
  MYZH16  延岡          32.506  131.696    40    22     6            40     2.5
  FKO005  飯塚          33.652  130.696    27    30    16            38     2.7
  KMM002  山鹿          33.019  130.685    24    34    16            36     3.0
  MYZH04  諸塚          32.518  131.335    30    28    20            35     2.7
  SAGH04  東脊振        33.365  130.405    29    26     6            33     2.6
  FKOH10  浮羽          33.289  130.817    20    31    13            33     2.3
  MYZ003  延岡          32.566  131.660    23    23    19            33     3.0
  OIT010  大分          33.232  131.593    26    22     9            31     2.8
  MYZH15  日向          32.365  131.589    23    29     9            29     2.4
  FKOH08  小石原        33.465  130.828    14    26     6            28     2.3
  KMM011  砥用          32.617  130.865    20    23     6            27     2.9
  OIT008  天瀬          33.255  131.020    25    26    11            27     2.5
  KMM006  熊本          32.793  130.777    18    25     8            26     3.2
  KMMH01  鹿北          33.109  130.695    23    25     7            26     2.4
  OIT016  佐伯          32.975  131.903    20    25    10            26     2.8
  FKO011  久留米        33.324  130.512    25    19     7            25     2.9
  KMM003  玉名          32.934  130.548    23    22    20            25     2.9
  FKOH03  宇美          33.561  130.550    23    14     8            24     1.8
  OITH11  九重          33.284  131.212    19    20    10            23     2.5
  MYZ020  椎葉          32.455  131.147    20    19     8            20     2.4
  FKOH07  大刀洗        33.368  130.635    20    13     9            20     2.6
  KMMH12  人吉          32.205  130.737    14    16     7            19     2.5
  FKO012  浮羽          33.332  130.794    18    12     9            19     2.7
  FKO016  大牟田        33.016  130.447    18    16    15            19     2.1
  OITH10  佐伯          32.928  131.869    14    17    11            18     1.9
  KMM008  宇土          32.688  130.658    12    18     6            18     3.0
  FKO001  玄海          33.843  130.509    10    16     6            18     2.5
  MYZH12  都城北        31.864  130.945    11    17     8            17     2.4
  MYZ019  北郷          32.501  131.444    13    14     7            17     2.3
  FKO013  八女          33.225  130.561    11    16     4            16     2.2
  KMMH14  豊野          32.635  130.752    13    14    11            16     2.8
  MYZH05  南郷          32.347  131.267    12    14     6            16     2.0
  MYZ004  南郷          32.389  131.334    10    12     4            16     2.4
  KMM017  多良木        32.256  130.926    11    16     6            16     2.6
  OIT017  宇目          32.858  131.659    13    12    10            15     1.8
  OITH01  山国          33.412  131.033    10    13     7            15     1.7
  KGS003  大口          32.056  130.587    11    11     4            14     2.4
  NGS014  口之津        32.611  130.185    10    14     5            14     2.7
  OIT014  津久見        33.066  131.859    14    12     8            14     2.1
  SAG007  佐賀          33.263  130.300    12    12     7            14     2.6
  FKO008  添田          33.572  130.854    13    11     6            14     2.1
  MYZ013  宮崎          31.909  131.419    12     8     5            13     2.7
  OIT011  佐賀関        33.246  131.881    13    11     5            13     2.3
  FKO010  甘木          33.423  130.669    12    11     4            13     2.0
  OIT005  耶馬渓        33.455  131.114    11    12     3            13     1.4
  MYZH10  国富          32.022  131.290    12     8     5            13     1.8
  KMM016  人吉          32.197  130.776    12    10     7            12     2.5
  KMM014  五木          32.396  130.827    11    10     5            12     1.9
  KOC015  宿毛          32.937  132.725    11     8     6            11     1.9
  KMMH13  上            32.221  130.910     9    11     6            11     2.5
  FKO004  行橋          33.739  131.010    11     9     5            11     1.6
  FKO009  筑紫野        33.495  130.516     8     8     3            11     2.0
  MYZ012  高崎          31.872  131.069     9    10     6            11     2.4
  KMM010  三角          32.614  130.487    10     8     3            11     2.5
  SAG003  富士          33.373  130.207     7    10     4            10     1.8
  MYZ011  綾            31.995  131.256     9     9     3            10     2.0
  FKO007  前原          33.561  130.202    10     7     4            10     2.1
  MYZ009  えびの        32.046  130.811     9     8     5            10     2.5
  FKO006  福岡          33.597  130.399     9     9     3            10     2.3
  KGS006  横川          31.906  130.702     9     9     5             9     2.2
  KMM012  八代          32.508  130.602     5     9     3             9     2.1
  MYZ014  田野          31.845  131.303     7     7     4             9     2.2
  MYZ007  西米良        32.235  131.116     7     9     4             9     1.2
  MYZ010  小林          31.997  130.972     7     8     3             9     2.3
  NGS002  松浦          33.344  129.705     8     8     2             9     2.4
  NGS019  大村          32.900  129.958     8     7     2             8     2.1
  SAG002  唐津          33.425  129.919     6     8     5             8     1.9
  KMM013  田浦          32.365  130.510     8     5     3             8     2.1
  MYZ005  日向          32.428  131.600     6     8     4             8     1.9
  KGS007  川内          31.814  130.303     6     7     3             8     2.4
  KMMH07  三角          32.623  130.558     6     7     3             8     1.9
  SAGH02  伊万里        33.266  129.880     6     5     2             8     1.5
  MYZ015  都城          31.718  131.062     6     6     4             8     1.9
  SAG006  武雄          33.192  130.034     7     8     3             8     2.0
  KGSH05  祁答院        31.870  130.496     7     6     3             8     2.0
  EHM014  西海          32.945  132.505     7     6     3             8     1.1
  OIT004  国東          33.567  131.738     7     6     3             7     1.5
  EHM012  宇和島        33.222  132.573     7     6     2             7     1.5
  SAGH01  鎮西          33.508  129.888     6     7     2             7     1.5
  KMMH10  新和          32.315  130.181     7     6     2             7     2.0
  FKO002  中間          33.826  130.705     6     7     4             7     2.2
  KGS005  宮之城        31.901  130.451     6     5     2             7     2.0
  OIT006  院内          33.424  131.315     6     6     2             7     1.1
  KMM015  水俣          32.216  130.405     6     6     2             7     2.1
  EHM011  八幡浜        33.450  132.434     7     5     2             7     1.8
  FKO003  北九州        33.832  130.901     5     6     3             7     1.3
  YMG018  東和          33.909  132.356     7     4     2             7     2.1
  KOC014  中村          32.989  132.938     6     4     2             6     2.0
  SAG005  厳木          33.321  130.064     6     6     2             6     1.0
  KMM021  天草          32.379  130.000     4     5     2             6     1.9
  OIT018  蒲江          32.797  131.925     6     5     3             6     1.3
  NGS009  諫早          32.846  130.022     6     6     3             6     1.7
  EHM004  今治          34.062  132.998     4     4     1             6     1.9
  EHMH12  宇和          33.427  132.506     6     4     2             6     1.6
  NGS012  島原          32.788  130.346     6     5     3             6     1.8
  NGSH04  琴海          32.955  129.803     5     4     1             6     1.6
  FKOH01  北九州        33.885  130.980     6     5     2             6     1.0
  MYZH13  都城南        31.730  131.079     5     4     2             6     2.0
  KGS008  蒲生          31.762  130.570     4     5     2             6     2.0
  KOC013  佐賀          33.080  133.101     2     5     2             6     1.7
  KGSH04  川内          31.837  130.360     5     4     2             5     2.0
  KGSH07  姶良          31.714  130.615     4     4     2             5     2.0
  SAG004  伊万里        33.265  129.881     3     5     2             5     1.5
  NGS010  長崎          32.735  129.876     5     4     2             5     1.2
  EHM013  三崎          33.392  132.114     5     3     2             5     1.0
  SAG008  鹿島          33.104  130.100     4     5     2             5     1.6
  KGS009  国分          31.737  130.761     4     5     2             5     2.2
  MYZ017  串間          31.464  131.228     5     4     1             5     1.8
  NGSH03  佐世保南      33.126  129.810     4     4     1             5     1.3
  KGS001  東            32.195  130.176     4     4     2             5     1.7
  OIT003  豊後高田      33.557  131.446     4     4     1             5     1.0
  EHM015  長浜          33.609  132.477     4     3     2             5     1.3
  FKOH06  豊前          33.593  131.135     3     4     2             5     1.1
  KMMH15  水俣          32.170  130.365     4     2     2             5     1.7
  NGS001  平戸          33.362  129.538     3     4     2             5     1.7
  YMGH17  東和          33.929  132.405     3     4     2             4     1.5
  KGS010  串木野        31.712  130.274     4     4     2             4     1.8
  EHM010  肱川          33.451  132.688     4     3     1             4     1.2
  MYZ016  日南          31.613  131.374     4     4     1             4     1.9
  OITH03  安岐          33.474  131.686     3     4     2             4     1.1
  NGS011  千々石        32.784  130.202     4     4     2             4     1.6
  YMG017  柳井          33.965  132.101     3     4     1             4     1.4
  EHMH01  津島          33.056  132.555     4     3     1             4    <0.5
  NGSH01  平戸          33.212  129.435     4     3     2             4     1.3
  NGS008  小長井        32.923  130.184     3     3     2             4     1.3
  EHM007  北条          33.962  132.772     2     4     1             4     1.3
  OIT002  中津          33.569  131.268     4     3     2             4     1.3
  YMG012  宇部          33.994  131.218     2     4     1             4     1.6
  KGS004  阿久根        32.014  130.193     3     4     1             4     1.7
  KGS002  出水          32.092  130.352     3     4     2             4     1.6
  KGS015  大崎          31.430  131.011     3     3     1             4     1.8
  HRS018  竹原          34.341  132.907     3     2     1             4     1.7
  YMG011  下関          34.064  131.021     3     3     2             4     1.5
  OIT007  杵築          33.417  131.614     3     3     3             4     1.1
  NGS004  佐世保        33.181  129.718     3     3     1             3     1.4
  KMMH11  芦北          32.292  130.578     3     2     2             3     1.3
  HRSH07  呉            34.288  132.641     3     2     2             3     1.0
  EHMH08  柳谷          33.539  133.002     3     3     1             3     1.1
  NGS023  郷ノ浦        33.750  129.690     3     2     3             3     1.1
  NGS003  志々伎        33.202  129.413     3     3     1             3     1.1
  SAG001  鎮西          33.527  129.877     2     3     2             3     1.5
  KGSH01  長島          32.155  130.119     2     3     1             3     1.4
  KMM022  牛深          32.194  130.026     3     3     1             3     1.1
  NGS005  東彼杵        33.037  129.917     3     3     1             3     1.5
  NGSH02  佐世保北      33.212  129.765     3     3     2             3     1.5
  SAGH05  白石          33.181  130.105     3     2     1             3     1.3
  EHM016  伊予          33.765  132.709     2     3     1             3     1.3
  EHMH13  三崎          33.372  132.116     2     3     1             3     0.9
  EHMH06  日吉          33.335  132.798     3     2     1             3     0.6
  YMGH15  徳山          33.972  131.815     3     1     1             3    <0.5
  KGSH03  宮之城        31.981  130.444     2     2     1             3     1.1
  NGSH06  長崎          32.700  129.863     2     2     2             3     0.9
  EHMH05  砥部          33.711  132.803     3     1     1             3     0.6
  EHMH11  大洲          33.581  132.601     3     3     1             3     0.7
  MYZ018  都井岬        31.398  131.305     3     2     1             3     1.3
  EHM008  松山          33.820  132.728     2     3     1             3     1.4
  KMM018  龍ヶ岳        32.394  130.388     2     2     1             3     0.9
  KGS036  上甑          31.836  129.868     2     2     1             3     1.0
  YMG013  防府          34.031  131.535     2     2     1             3     0.9
  YMGH16  上関          33.826  132.104     2     2     1             3     0.8
  HRS014  大野          34.287  132.277     2     2     1             3     1.2
  MYZH09  須木          32.042  131.062     2     2     2             3     0.9
  KGS013  大隅          31.597  130.994     2     2     1             2     1.1
  YMG006  豊浦          34.149  130.930     2     2     1             2     0.7
  OIT001  国見          33.678  131.594     2     2     1             2     1.0
  NGS007  琴海          32.906  129.780     2     2     1             2     0.5
  YMG016  岩国          34.170  132.177     2     2     1             2     1.0
  YMGH08  豊浦          34.135  130.932     2     2     1             2     0.7
  KGS023  田代          31.199  130.849     2     2     1             2     1.1
  KMM020  新和          32.364  130.181     2     2     1             2     1.1
  KGSH06  郡山          31.699  130.459     1     2     1             2     0.9
  KOC012  大正          33.197  132.976     2     2     0             2     0.6
  EHM009  広田          33.632  132.796     2     1     1             2     0.5
  KGWH02  三野          34.198  133.708     2     2     1             2     0.8
  KOCH08  土佐清水      32.780  132.972     2     2     1             2     0.5
  KMM019  本渡          32.455  130.181     1     2     1             2     0.7
  KOCH05  池川          33.647  133.144     2     1     1             2    <0.5
  HRS012  東広島        34.428  132.742     2     2     0             2     0.5
  EHMH04  丹原          33.902  133.066     2     2     1             2     0.8
  KOCH06  中村          33.075  132.952     2     1     1             2    <0.5
  KGS018  喜入          31.376  130.545     1     2     1             2     1.1
  KGSH08  大隅          31.562  130.997     2     1     1             2     0.9
  YMG015  玖珂          34.097  132.076     1     2     0             2     0.6
  HRS009  湯来          34.493  132.279     1     1     0             2    <0.5
  KOCH04  大月          32.841  132.707     1     1     1             2     0.6
  KOC007  高知          33.561  133.527     1     1     0             2     0.8
  HRSH15  倉橋          34.116  132.505     1     1     1             1    <0.5
  YMGH14  萩            34.398  131.377     1     1     0             1    <0.5
  YMG002  萩            34.407  131.399     1     1     0             1     0.8
  YMG001  須佐          34.617  131.602     1     1     0             1     0.6
  KOCH07  須崎          33.392  133.287     1     1     0             1    <0.5
  KGSH09  知覧          31.374  130.433     1     1     1             1    <0.5
  EHMH10  宮窪          34.192  133.058     1     1     1             1    <0.5
  HRSH01  三原          34.374  133.024     1     1     1             1    <0.5
  HRSH10  芸北          34.747  132.379     1     1     0             1    <0.5
  HRSH18  東広島        34.457  132.792     1     1     0             1    <0.5
  EHMH07  河辺          33.502  132.748     1     1     1             1    <0.5
  HRSH03  御調          34.518  133.137     1     1     0             1    <0.5
  YMGH04  周東          34.027  132.063     1     1     0             1    <0.5
  HRSH14  沖美          34.209  132.406     1     1     0             1    <0.5
  KGSH10  山川          31.207  130.618     1     1     0             1    <0.5
  KGSH12  内之浦        31.258  131.088     0     1     0             1    <0.5
  EHMH03  新宮          33.915  133.650     0     0     0             1    <0.5
  TKSH05  海南          33.663  134.316     0     0     0             1    <0.5
  YMGH10  むつみ        34.484  131.633     0     0     0             0    <0.5
  SMNH07  美都          34.694  132.040     0     0     0             0    <0.5
  KOCH12  芸西          33.529  133.819     0     0     0             0    <0.5
  KOCH10  伊野          33.531  133.439     0     0     0             0    <0.5
  HRSH04  沼隈          34.379  133.349     0     0     0             0    <0.5
  OKYH06  美星          34.676  133.528     0     0     0             0    <0.5
  HRSH11  神石          34.822  133.167     0     0     0             0    <0.5
  OKYH08  哲多          34.910  133.405     0     0     0             0    <0.5
  YMGH03  岩国          34.189  132.126     0     0     0             0    <0.5
  TKSH03  木屋平        33.878  134.129     0     0     0             0    <0.5
  HRSH17  戸河内        34.572  132.233     0     0     0             0    <0.5
  OKYH04  真備          34.643  133.686     0     0     0             0    <0.5
  SMNH09  匹見          34.572  132.012     0     0     0             0    <0.5