最大加速度リスト

地震発生時刻   2020/05/19-13:13:00.00
震央北緯       36.3°
震央東経       137.6°
震源深さ       3.0km
マグニチュード M5.4

  コード  観測点名      緯度    経度     最大加速度 (ガル) 三成分合成値 計測震度
　　　　　 　　         北緯    東経      N-S   E-W   U-D        (ガル)         
  GIF004  栃尾          36.249  137.517    91    91    68           135     3.4
  GIFH14  上宝          36.249  137.517    82    92    59            96     3.3
  GIFH10  神岡          36.378  137.372    50    32    17            54     3.2
  GIF003  神岡          36.332  137.301    41    18    11            41     2.3
  NGNH30  奈川          36.064  137.685    29    34     8            40     2.5
  NGN013  安曇          36.183  137.785    25    27    19            37     2.8
  GIF002  河合          36.273  137.025    28    18    10            30     2.4
  NGNH18  開田          35.932  137.595    19    27    16            29     2.5
  GIFH15  高山          36.134  137.221    18    24     8            27     3.3
  GIF005  高山          36.154  137.251    13    17     9            21     2.4
  GIFH04  古川          36.245  137.198    17    11     9            18     1.9
  NGN009  穂高          36.338  137.869    12    15    14            18     2.4
  NGN019  木曽福島      35.856  137.708    13    13     9            17     1.9
  GIF007  高根          36.038  137.486    11    14    12            15     2.0
  NGNH14  平谷          35.309  137.626    13     9     2            13     1.5
  NGN017  楢川          35.975  137.826    12    11     5            12     1.6
  NGNH23  南木曽        35.606  137.611    11     9     4            12     1.4
  NGNH32  松本          36.258  137.990    12    10     5            12     2.1
  TYM012  利賀          36.441  137.035     9     6     3            11     1.6
  NGN006  大町          36.509  137.851    10     9     5            10     1.6
  NGN022  南木曽        35.608  137.613    10     7     3            10     1.1
  TYM007  富山          36.669  137.212     7     9     2            10     1.8
  TYMH07  利賀          36.441  137.039     7     6     4             9     1.7
  NGNH34  大町中        36.533  137.820     6     8     4             9     1.6
  NGN002  信濃          36.807  138.207     6     7     3             9     1.8
  NGN012  松本          36.256  137.978     8     4     3             8     1.9
  NGN018  王滝          35.813  137.530     4     6     4             7     1.2
  NGN008  上田          36.402  138.248     5     5     2             7     1.3
  GIF001  白川          36.274  136.898     5     6     2             7     1.5
  TYM011  芦弁          36.578  137.385     6     5     5             7     1.3
  NGN024  飯田          35.523  137.837     7     5     3             7     1.0
  NGNH31  塩尻          36.118  137.939     6     6     5             7     1.3
  TYM010  福光          36.560  136.887     6     3     2             6     1.3
  TYM008  大山          36.609  137.283     5     5     3             6     1.6
  NGNH10  木祖          35.963  137.767     5     5     3             6     1.5
  TYM009  八尾          36.586  137.141     6     4     3             6     1.7
  NGNH20  上松          35.787  137.717     5     5     2             6     1.0
  NGNH03  阿智2         35.479  137.735     5     5     3             6     1.1
  NGN015  諏訪          36.045  138.112     4     4     3             6     2.0
  AIC008  設楽          35.101  137.576     3     5     2             6     0.9
  NGN007  杭瀬下        36.534  138.119     4     5     2             6     1.1
  NGN011  長門          36.256  138.267     5     5     1             6     1.0
  TYM002  氷見          36.866  136.975     5     4     2             5     1.3
  NGNH15  辰野          36.009  137.930     4     4     3             5     0.8
  GIF018  中津川        35.489  137.500     4     5     2             5     0.8
  ISKH09  尾口          36.267  136.717     3     5     2             5     0.7
  GIFH28  中津川        35.457  137.471     4     4     2             5     0.6
  NGN023  大鹿          35.579  138.034     4     4     2             5     0.9
  AICH16  設楽          35.154  137.535     2     4     1             4     0.8
  SZO022  佐久間        35.092  137.814     2     4     2             4     1.0
  NGNH27  信州新        36.577  138.048     2     3     2             4     1.6
  GIFH17  高鷲          35.951  136.873     4     2     1             4     0.7
  GIFH16  朝日北        36.094  137.344     3     3     2             4     0.8
  AIC010  作手          34.980  137.430     4     3     1             4     0.9
  GNMH12  神流          36.144  138.913     3     4     2             4     1.1
  ISK005  穴水          37.231  136.904     2     3     2             4     1.4
  NGN003  山ノ内        36.740  138.413     2     4     1             4    <0.5
  GIF008  小坂          35.952  137.260     3     3     2             4    <0.5
  GIFH18  馬瀬          35.899  137.149     3     2     1             3    <0.5
  TYMH04  魚津          36.791  137.469     2     3     2             3     0.7
  GIFH19  朝日南        36.022  137.391     3     3     1             3     0.5
  ISK010  金沢          36.542  136.643     3     3     2             3     0.8
  NGN014  小海          36.096  138.484     3     2     1             3    <0.5
  ISK009  七塚          36.733  136.702     2     2     3             3     0.8
  NGN016  富士見        35.913  138.223     3     2     1             3     0.9
  CHB002  松戸          35.787  139.903     3     1     1             3    <0.5
  ISK012  鳥越          36.358  136.605     2     2     1             3    <0.5
  GIF006  荘川          36.033  136.953     2     3     1             3     0.7
  SZO023  天竜          34.874  137.816     2     1     2             3     0.8
  ISK015  大町          37.227  136.909     3     1     1             3    <0.5
  GNMH08  嬬恋          36.492  138.524     2     2     1             3     0.8
  NIGH18  妙高          36.943  138.259     2     2     1             3     0.8
  NGN025  天龍          35.286  137.857     2     2     1             3    <0.5
  AICH15  足助          35.139  137.336     2     3     1             3     0.5
  TYM003  魚津          36.816  137.419     1     2     1             3     0.6
  GIF024  明智          35.301  137.387     2     2     1             3    <0.5
  ISK008  羽咋          36.892  136.778     2     2     2             2     0.7
  GNM014  坂本          36.347  138.721     2     2     2             2     0.7
  AIC009  豊田          35.081  137.146     2     2     1             2     0.6
  GNM003  沼田          36.658  139.078     2     2     1             2    <0.5
  GIFH21  美並          35.666  136.962     2     2     0             2    <0.5
  FKI011  和泉          35.910  136.668     2     2     1             2    <0.5
  ISK011  小松          36.397  136.443     2     2     1             2     0.8
  AICH18  岡崎          34.964  137.238     2     2     1             2     0.5
  ISKH03  内浦          37.346  137.244     2     2     1             2     0.5
  NGNH25  南信濃        35.299  137.927     2     2     0             2    <0.5
  ISK004  能都          37.308  137.147     2     2     1             2     0.7
  GIF019  恵那          35.450  137.404     2     2     1             2    <0.5
  GIFH24  東白川        35.640  137.319     2     2     1             2    <0.5
  FKI001  三国          36.219  136.156     2     2     1             2     0.8
  GIF010  下呂          35.803  137.245     2     2     1             2     0.6
  SZOH30  水窪北        35.223  137.918     2     1     1             2    <0.5
  SZO015  梅ヶ島        35.243  138.341     1     2     1             2    <0.5
  NGNH54  飯田          35.449  138.006     2     1     1             2    <0.5
  NIGH17  妙高高原      36.857  138.097     2     2     1             2     0.7
  AICH19  作手          34.951  137.411     1     2     0             2    <0.5
  NGN004  長野          36.649  138.194     1     2     1             2    <0.5
  NGNH29  野沢温泉      36.910  138.441     2     1     1             2    <0.5
  YMNH10  早川北        35.535  138.309     1     2     0             2    <0.5
  ISKH04  富来          37.190  136.718     2     1     1             2     0.7
  GIF023  土岐          35.388  137.216     2     1     1             2    <0.5
  ISKH08  津幡          36.738  136.791     2     1     1             2    <0.5
  KNG206  平塚ST6       35.097  139.378     1     2     0             2     0.7
  SZO021  本川根        35.097  138.133     2     1     1             2    <0.5
  YMNH11  大月          35.625  138.978     1     2     1             2    <0.5
  NGNH24  松川          35.615  137.880     1     1     1             2    <0.5
  NGN020  伊那          35.828  137.953     1     1     1             2    <0.5
  YMN009  六郷          35.496  138.463     1     1     1             1     0.6
  AIC015  豊橋          34.755  137.405     1     1     0             1     0.5
  NGNH28  戸隠          36.708  138.096     1     1     1             1     0.7
  ISKH06  志賀          37.053  136.821     1     1     1             1     0.7
  AICH09  豊橋          34.664  137.390     1     1     1             1    <0.5
  AICH20  新城          34.898  137.488     1     1     1             1    <0.5
  SZOH28  浜松          34.668  137.744     1     1     0             1    <0.5
  KNGH10  横浜          35.499  139.519     1     1     1             1     0.6
  SZOH34  清水北        35.130  138.424     1     1     0             1    <0.5
  KNGH20  松田          35.366  139.126     1     1     1             1    <0.5
  GIFH03  根尾          35.633  136.613     1     1     0             1    <0.5
  SZOH32  龍山東        35.009  137.841     1     1     1             1    <0.5
  SZOH42  修善寺        34.976  138.913     1     1     0             1    <0.5
  ISKH02  柳田          37.364  137.041     1     1     1             1    <0.5
  YMNH15  上九一色      35.532  138.605     1     1     0             1    <0.5
  SZOH25  新居          34.691  137.560     1     1     0             1    <0.5
  SITH08  小鹿野        36.027  138.969     1     1     0             1    <0.5
  FKIH01  永平寺        36.096  136.362     1     1     0             1    <0.5
  NIGH11  川西          37.173  138.744     1     1     1             1    <0.5
  GIFH23  板取          35.724  136.785     1     1     0             1    <0.5
  GIFH26  各務原        35.412  136.876     1     1     0             1    <0.5
  GNMH11  富岡          36.286  138.921     1     1     0             1    <0.5
  GIFH06  高富          35.504  136.794     0     0     0             1    <0.5
  NIGH14  塩沢          37.030  138.852     0     1     0             1    <0.5
  GIFH27  美濃加茂      35.453  137.004     0     0     0             1    <0.5
  GNMH09  高山          36.621  138.907     0     0     0             1    <0.5
  SZOH53  掛川3         34.877  138.017     0     0     0             0    <0.5
  MIEH01  四日市        34.985  136.456     0     0     0             0    <0.5