最大加速度リスト

地震発生時刻   2016/04/15-07:46:00.00
震央北緯       32.7°
震央東経       130.8°
震源深さ       11.0km
マグニチュード M4.4

  コード  観測点名      緯度    経度     最大加速度 (ガル) 三成分合成値 計測震度
　　　　　 　　         北緯    東経      N-S   E-W   U-D        (ガル)         
  KMMH16  益城          32.797  130.820   139   126    62           150     4.2
  KMM006  熊本          32.793  130.777    91    38    44            94     3.5
  KMM009  矢部          32.686  130.986    80    72    16            91     3.3
  KMMH14  豊野          32.635  130.752    50    35    30            53     3.1
  KMM008  宇土          32.688  130.658    32    26    15            32     3.0
  KMMH12  人吉          32.205  130.737    16    27     4            28     2.0
  KMM011  砥用          32.617  130.865    26    17    22            28     2.7
  KMM005  大津          32.876  130.877    20    19    11            26     2.6
  KMMH03  菊池          32.998  130.830    21    26    10            26     2.5
  KMM002  山鹿          33.019  130.685     9    24     6            24     2.1
  KMM007  高森          32.827  131.123    16    20    10            20     2.2
  MYZ002  北川          32.698  131.683    17     9     4            18     1.9
  KMMH09  泉            32.490  130.905    17    12    14            18     2.0
  KMMH06  白水          32.811  131.101     9    16     9            17     1.5
  KMM012  八代          32.508  130.602    12    12     6            16     2.3
  KMMH07  三角          32.623  130.558    13    12    12            15     1.5
  KMMH02  小国          33.122  131.063     7    14     3            14     2.0
  KMM014  五木          32.396  130.827    12     7     6            12     1.4
  MYZ020  椎葉          32.455  131.147    12     8     6            12     1.6
  KMM003  玉名          32.934  130.548    11     7     4            12     2.0
  MYZH08  川南          32.213  131.531    11     8     3            12     1.5
  MYZH05  南郷          32.347  131.267    11     7     5            12     1.2
  MYZ008  西都          32.106  131.393    10     8     3            10     1.3
  MYZH15  日向          32.365  131.589     7     8     4            10     1.2
  MYZ006  都農          32.257  131.561     9     8     3             9     1.3
  KGS006  横川          31.906  130.702     9     9     5             9     1.8
  FKO016  大牟田        33.016  130.447     6     9     4             9     1.5
  MYZH04  諸塚          32.518  131.335     7     8     6             9     1.2
  KMMH01  鹿北          33.109  130.695     8     7     4             9     1.4
  KGS003  大口          32.056  130.587     7     6     3             8     1.3
  OITH08  宇目西        32.839  131.536     6     7     2             8     0.6
  MYZ001  高千穂        32.705  131.309     6     7     5             8     1.6
  MYZ007  西米良        32.235  131.116     5     6     2             6     0.5
  OIT016  佐伯          32.975  131.903     3     6     2             6     1.5
  KMM016  人吉          32.197  130.776     6     4     6             6     1.3
  FKO013  八女          33.225  130.561     4     6     1             6     1.0
  KMM018  龍ヶ岳        32.394  130.388     4     5     2             6     0.7
  KMM001  小国          33.121  131.069     5     4     2             6     0.7
  KMMH11  芦北          32.292  130.578     5     3     2             6     0.7
  OIT015  竹田          32.972  131.397     3     4     2             5     0.6
  FKO014  矢部          33.149  130.818     4     5     2             5     0.7
  FKO015  柳川          33.163  130.405     5     5     3             5     1.5
  MYZH10  国富          32.022  131.290     4     3     1             5     0.5
  MYZH12  都城北        31.864  130.945     3     5     3             5     1.0
  NGS010  長崎          32.735  129.876     4     4     2             5     0.8
  KMM017  多良木        32.256  130.926     4     4     3             5     0.8
  KMMH13  上            32.221  130.910     3     4     4             4     0.8
  MYZ003  延岡          32.566  131.660     4     3     4             4     1.2
  NGS014  口之津        32.611  130.185     4     3     3             4     1.1
  MYZ019  北郷          32.501  131.444     3     4     1             4    <0.5
  KMMH10  新和          32.315  130.181     4     2     2             4     0.8
  MYZ004  南郷          32.389  131.334     3     4     1             4     0.6
  KMM013  田浦          32.365  130.510     3     4     2             4     1.2
  SAGH04  東脊振        33.365  130.405     3     2     1             4     0.6
  NGS012  島原          32.788  130.346     3     4     2             4     1.0
  OITH10  佐伯          32.928  131.869     3     3     1             4    <0.5
  KMM004  一の宮        32.932  131.121     2     3     2             4     0.8
  MYZ011  綾            31.995  131.256     3     3     1             4    <0.5
  FKOH03  宇美          33.561  130.550     3     3     1             4    <0.5
  OIT013  犬飼          33.073  131.593     2     4     0             4    <0.5
  KMM015  水俣          32.216  130.405     4     2     2             4     0.7
  KGS005  宮之城        31.901  130.451     3     2     1             4     0.8
  KMM010  三角          32.614  130.487     2     3     2             4     1.2
  OITH11  九重          33.284  131.212     3     3     1             4     0.8
  MYZ010  小林          31.997  130.972     3     3     1             4     0.5
  OIT005  耶馬渓        33.455  131.114     3     3     1             3    <0.5
  KMM019  本渡          32.455  130.181     2     3     1             3    <0.5
  FKOH07  大刀洗        33.368  130.635     3     2     3             3     0.7
  OIT012  直入          33.066  131.373     2     2     1             3    <0.5
  SAG008  鹿島          33.104  130.100     2     3     1             3     0.7
  FKOH08  小石原        33.465  130.828     3     3     1             3    <0.5
  FKO004  行橋          33.739  131.010     3     3     1             3     0.8
  OIT014  津久見        33.066  131.859     3     3     1             3     0.8
  KGSH05  祁答院        31.870  130.496     2     3     1             3     0.7
  KGS001  東            32.195  130.176     3     2     1             3     0.6
  NGS003  志々伎        33.202  129.413     2     3     1             3     0.5
  NGS008  小長井        32.923  130.184     3     1     1             3    <0.5
  SAG002  唐津          33.425  129.919     2     2     2             3     0.6
  SAG005  厳木          33.321  130.064     2     2     1             3    <0.5
  MYZH13  都城南        31.730  131.079     2     2     3             3     0.5
  FKO010  甘木          33.423  130.669     1     2     1             2     0.5
  KGS002  出水          32.092  130.352     2     2     1             2     0.5
  NGS019  大村          32.900  129.958     2     2     1             2     0.7
  KGSH07  姶良          31.714  130.615     2     2     1             2     0.8
  NGS009  諫早          32.846  130.022     2     2     1             2     0.6
  NGS011  千々石        32.784  130.202     2     2     2             2    <0.5
  KMM021  天草          32.379  130.000     1     2     1             2     0.7
  MYZH16  延岡          32.506  131.696     2     1     1             2    <0.5
  FKOH10  浮羽          33.289  130.817     2     2     1             2    <0.5
  KMM022  牛深          32.194  130.026     2     2     1             2    <0.5
  KGS008  蒲生          31.762  130.570     1     2     1             2     0.6
  NGSH03  佐世保南      33.126  129.810     2     1     0             2    <0.5
  OIT010  大分          33.232  131.593     2     2     1             2    <0.5
  SAG004  伊万里        33.265  129.881     2     2     1             2    <0.5
  FKOH01  北九州        33.885  130.980     2     1     1             2    <0.5
  FKO008  添田          33.572  130.854     1     2     1             2    <0.5
  YMG011  下関          34.064  131.021     2     1     1             2     0.6
  NGSH01  平戸          33.212  129.435     2     1     0             2    <0.5
  SAG003  富士          33.373  130.207     2     2     1             2    <0.5
  OIT008  天瀬          33.255  131.020     1     2     1             2    <0.5
  FKOH06  豊前          33.593  131.135     1     2     1             2    <0.5
  KMM020  新和          32.364  130.181     2     1     1             2    <0.5
  MYZ014  田野          31.845  131.303     1     1     2             2    <0.5
  YMG013  防府          34.031  131.535     1     1     0             2    <0.5
  OIT011  佐賀関        33.246  131.881     2     1     1             2     0.6
  NGS001  平戸          33.362  129.538     2     1     0             2    <0.5
  FKO003  北九州        33.832  130.901     1     1     1             2    <0.5
  SAGH01  鎮西          33.508  129.888     1     1     0             1    <0.5
  KGSH06  郡山          31.699  130.459     1     1     1             1    <0.5
  NGSH06  長崎          32.700  129.863     1     1     1             1    <0.5
  MYZ013  宮崎          31.909  131.419     1     1     1             1     0.5
  FKO001  玄海          33.843  130.509     1     1     1             1    <0.5
  KGSH01  長島          32.155  130.119     1     1     1             1    <0.5
  KGSH03  宮之城        31.981  130.444     1     1     0             1    <0.5
  OITH01  山国          33.412  131.033     1     1     1             1    <0.5
  SAGH05  白石          33.181  130.105     1     1     0             1    <0.5