最大加速度リスト

地震発生時刻   2008/06/14-08:43:00.00
震央北緯       39.0°
震央東経       140.9°
震源深さ       8.0km
マグニチュード M7.2

  コード  観測点名      緯度    経度     最大加速度 (ガル) 三成分合成値 計測震度
　　　　　 　　         北緯    東経      N-S   E-W   U-D        (ガル)         
  IWTH25  一関西        39.009  140.864  1143  1433  3866          4022     6.3
  AKTH04  東成瀬        39.174  140.713  1318  2449  1094          2600     6.4
  IWTH26  一関東        38.969  141.001   888  1056   927          1372     6.0
  MYG004  築館          38.729  141.022   740   678   224           812     5.7
  MYG005  鳴子          38.799  140.651   440   521   666           676     5.5
  IWTH24  金ヶ崎        39.198  141.012   503   435   342           538     5.5
  AKT023  椿台          39.146  140.717   359   359   248           438     5.2
  MYG002  歌津          38.726  141.511   310   277   127           350     4.4
  MYG013  仙台          38.266  140.929   169   310    84           324     5.0
  MYG006  古川          38.580  140.965   238   233   104           317     5.5
  IWT010  一関          38.933  141.117   219   287   210           308     5.0
  IWT012  北上          39.321  141.138   278   237   142           302     5.0
  IWT009  大東          39.019  141.403   274   253   122           289     4.3
  MYGH02  鳴子          38.859  140.651   254   230   233           289     5.0
  IWTH27  陸前高田      39.031  141.532   217   235   125           277     4.2
  AKTH19  湯沢          39.191  140.471   248   161    72           262     5.0
  IWTH20  花巻南        39.343  141.047   249   240   136           258     4.9
  IWTH05  藤沢          38.865  141.351   211   176   167           252     4.4
  MYGH04  東和          38.786  141.325   229   151   130           249     4.1
  IWT015  川尻          39.318  140.779   197   238   123           244     4.6
  AKT017  横手          39.297  140.563   223   137   109           244     4.5
  IWT011  水沢          39.145  141.152   151   216   213           243     4.8
  IWTH22  東和          39.334  141.302   207   162   235           241     4.3
  MYG003  東和          38.735  141.311   178   217   136           219     4.2
  IWT007  釜石          39.270  141.856   187   198    76           212     4.2
  AKT019  雄勝          39.038  140.451   159   177   140           209     4.4
  MYGH10  山元          37.941  140.892   152   204    60           208     4.4
  MYG014  作並          38.318  140.636   130   174    83           206     4.5
  AKT011  宮田          39.813  140.580   143   156    44           195     4.2
  IWTH02  玉山          39.825  141.383   163   178    40           195     4.4
  IWTH04  住田          39.181  141.391   126   159   115           190     4.2
  AKTH06  雄勝          38.980  140.495   180   186   140           190     4.4
  MYGH11  河北          38.516  141.342   182   120    96           189     3.9
  IWT013  遠野          39.337  141.538   178   159    87           186     4.1
  IWTH14  田老          39.743  141.909   171   130    72           186     3.9
  IWTH19  花巻北        39.456  141.000   145   137    68           158     4.1
  MYG015  岩沼          38.105  140.870   112   152    49           155     4.7
  MYG001  気仙沼        38.901  141.568   137    95   114           152     4.1
  MYGH01  仙台          38.240  140.997   146    67    66           148     4.2
  IWTH18  川井南        39.463  141.678   134   136    94           146     3.7
  IWT021  西根          39.920  141.082   135   110    42           136     4.0
  MYG007  豊里          38.588  141.251   127   131    88           134     4.3
  AKTH18  大森          39.355  140.387   117   106    56           134     4.4
  IWTH23  釜石          39.274  141.823   116   106    52           131     3.5
  IWT006  山田          39.481  141.965   116   127    54           129     4.2
  IWT016  川井          39.600  141.679   109    86    62           121     3.9
  IWT025  大志田        39.517  140.830   116   107    38           119     3.9
  MYGH12  志津川        38.642  141.443   104   116    71           118     3.4
  MYG012  塩竈          38.318  141.019    92    91    86           118     4.2
  MYG010  石巻          38.428  141.281   102   108    54           116     4.4
  MYG009  大和          38.447  140.887    79   112    65           115     4.0
  AKTH16  西仙北        39.545  140.348   105   109    41           115     4.1
  AKT016  大曲          39.454  140.476   104   103    41           115     4.5
  IWT014  石鳥谷        39.484  141.147    93    98    59           112     4.2
  MYGH06  田尻          38.591  141.071    66   110    52           111     4.5
  MYG017  角田          37.976  140.782   100   102    24           111     4.7
  IWT018  盛岡          39.695  141.148    72    93    52           109     3.2
  IWTH03  岩泉          39.802  141.652    86    68    57           107     3.2
  YMT002  新庄          38.768  140.296   100    81    34           107     3.9
  AKT018  鳥海          39.194  140.190    94   106    32           106     3.8
  IWTH21  山田          39.473  141.934   103    98    46           106     3.8
  IWT019  岩泉          39.849  141.803    91    71    49           105     4.3
  AOMH18  田子          40.296  141.014    62   100    27           105     3.3
  YMT017  新庄支所      38.791  140.313   102    87    54           103     4.0
  MYGH03  唐桑          38.921  141.638    84    96    57           103     3.3
  IWTH01  二戸東        40.238  141.342    59    94    26            97     3.9
  MYG008  北上          38.577  141.451    83    83    47            96     3.7
  FKS001  相馬          37.795  140.920    62    89    37            94     4.2
  AKTH05  鳥海          39.072  140.319    84    66    40            92     3.5
  IWTH15  矢巾          39.615  141.093    72    75    48            90     3.8
  IWT003  普代          40.008  141.886    63    66    38            89     4.1
  AKTH12  五城目        39.916  140.222    88    67    20            88     3.7
  IWT017  門馬          39.634  141.438    80    74    46            88     3.6
  MYG016  白石          38.008  140.621    59    77    41            87     3.9
  AKTH02  西木南        39.663  140.572    81    60    30            85     3.5
  FKS002  梁川          37.845  140.601    43    78    34            85     3.7
  IWTH12  九戸          40.153  141.424    84    72    41            84     3.9
  IWT001  種市          40.410  141.719    67    69    23            84     3.7
  AKTH03  矢島          39.222  140.128    81    81    39            83     3.9
  MYG011  牡鹿          38.305  141.504    83    55    30            83     3.3
  AKTH17  中仙          39.557  140.612    74    80    62            83     3.9
  YMTH06  高畠          37.963  140.184    29    82    15            83     3.7
  FKS006  葛尾          37.503  140.759    68    74    20            82     3.8
  AKTH15  協和          39.688  140.407    76    58    39            78     3.0
  AKT022  玉川          39.774  140.667    72    72    22            77     3.4
  IWT020  藪川          39.784  141.329    66    64    37            75     4.0
  MYGH08  岩沼          38.113  140.844    49    74    41            75     4.2
  AKT010  秋田          39.722  140.100    74    65    23            74     3.6
  AKT014  角館          39.595  140.555    69    51    28            72     3.5
  FKS004  飯舘          37.680  140.735    56    63    27            72     3.3
  YMT005  肘折          38.607  140.162    52    69    41            71     3.5
  IWTH08  久慈北        40.269  141.783    62    69    28            71     3.8
  IWTH17  川井北        39.644  141.598    61    59    40            70     3.2
  AKTH08  藤里          40.319  140.234    61    63    29            69     3.5
  AOMH16  新郷          40.462  141.092    67    55    23            68     3.6
  FKS003  福島          37.761  140.480    49    47    17            67     3.4
  FKSH19  都路          37.470  140.723    42    67    19            67     3.7
  IWTH06  二戸西        40.261  141.171    58    51    23            67     3.4
  AKT015  本荘          39.383  140.050    55    55    23            67     4.0
  YMTH04  上山          38.081  140.298    59    54    19            65     2.9
  IWT005  宮古          39.647  141.946    49    35    61            64     3.6
  FKSH18  三春          37.489  140.538    63    54    23            64     3.5
  IWT004  田老          39.737  141.970    53    57    31            63     3.5
  YMTH08  八幡          38.970  140.033    54    56    25            61     3.6
  IWT023  葛巻          40.037  141.450    55    46    13            61     3.0
  AKTH01  西木北        39.815  140.579    40    53    27            58     3.4
  FKSH17  川俣          37.664  140.597    48    52    16            58     3.6
  AKT012  田沢湖        39.699  140.718    54    41    28            56     3.2
  FKS019  二本松        37.603  140.437    32    49    18            55     3.3
  MYGH09  白石          38.009  140.603    47    51    38            55     3.8
  YMTH09  戸沢          38.750  140.178    47    50    24            54     3.5
  FKS005  原町          37.639  140.985    43    44    22            54     3.6
  AKT009  男鹿          39.888  139.847    51    41    15            53     3.7
  AKT021  阿仁          39.995  140.403    37    47    20            50     3.3
  YMTH07  米沢          37.896  140.028    42    40    11            50     3.6
  YMT007  東根          38.431  140.391    43    44    26            50     3.4
  YMT010  山形          38.260  140.349    40    50    22            50     3.3
  AKT005  能代          40.203  140.029    42    35    11            50     3.5
  IWTH16  雫石          39.644  140.946    48    47    32            50     3.4
  FKSH20  浪江          37.491  140.987    39    48    16            48     3.9
  AKT013  協和          39.607  140.321    47    40    16            48     3.1
  AKT020  象潟          39.202  139.909    46    36    18            48     3.7
  YMT011  上山          38.150  140.267    47    37    20            47     3.4
  FKS008  船引          37.436  140.567    36    47    13            47     3.2
  IWT022  安代          40.101  141.052    41    44    15            47     3.1
  YMTH02  山形          38.269  140.258    45    30    14            46     3.6
  AKT003  藤里          40.278  140.263    39    42    17            46     3.6
  AOMH17  名川          40.449  141.337    40    31    19            45     3.1
  FKS017  須賀川        37.284  140.369    40    35    14            42     3.6
  IWT002  久慈          40.182  141.764    40    34    13            41     3.5
  FKSH11  矢吹          37.201  140.339    34    39    14            41     3.7
  AOM012  八戸          40.514  141.481    29    33    14            40     3.2
  YMT001  酒田          38.914  139.813    32    36    18            40     3.7
  TCGH13  馬頭          36.734  140.178    38    17     7            39     3.2
  IWTH11  一戸          40.081  141.191    39    30    20            39     3.1
  YMTH15  西川東        38.426  140.125    27    39    18            39     3.6
  AKTH14  鹿角          40.062  140.808    23    37    13            38     3.0
  AKTH09  田代          40.276  140.460    28    30    24            38     3.4
  FKSH12  平田          37.217  140.570    35    28    13            36     3.1
  YMT009  寒河江        38.390  140.274    29    32    18            36     3.4
  YMT006  尾花沢        38.600  140.405    31    35    23            35     3.5
  AKT007  琴丘          40.046  140.081    21    34     9            35     3.2
  AKT002  大館          40.268  140.566    28    35    15            35     3.4
  IWTH13  葛巻          39.940  141.549    29    30    14            32     2.7
  YMTH12  立川          38.636  140.006    19    28    16            32     3.3
  AOMH13  八戸          40.579  141.445    22    25     8            32     3.5
  FKS018  郡山          37.396  140.362    26    26    10            32     3.4
  AOMH14  西目屋        40.549  140.273    26    31    11            31     3.2
  IWTH07  軽米          40.270  141.571    27    19     9            31     2.7
  FKS010  広野          37.234  141.002    28    28    18            31     3.4
  IBR011  つくば        36.125  140.090    19    28    13            31     3.8
  FKS007  大熊          37.406  140.963    22    28    20            31     3.4
  YMT015  米沢          37.904  140.100    15    30     9            30     3.2
  FKSH14  いわき東      37.026  140.970    22    30    15            30     3.4
  YMTH14  西川西        38.386  139.992    19    26    16            30     3.3
  FKS012  勿来          36.907  140.793    27    27    10            30     3.4
  FKS013  古殿          37.090  140.556    21    29     7            30     3.0
  AOMH12  十和田湖東    40.585  141.155    27    27    17            29     2.9
  YMT008  中村          38.386  139.992    18    26    14            29     3.3
  YMT003  鶴岡          38.729  139.801    21    26    19            29     3.4
  AOM007  南通          41.226  141.396    26    27     9            28     3.3
  YMT016  清川          38.789  140.018    27    23    14            28     2.7
  AKT008  飯田川        39.883  140.072    20    27    13            28     3.2
  TCG014  茂木          36.545  140.174    24    25     6            28     2.8
  AOM014  子ノ口        40.437  140.941    27    19    13            28     3.3
  IBR005  笠間          36.385  140.237    27    22     6            27     3.0
  AOM011  三沢          40.680  141.367    26    25    10            27     3.1
  AOM010  野辺地        40.872  141.142    24    20     7            27     2.9
  TCG006  小川          36.764  140.130    24    18     9            27     3.4
  IBR001  大子          36.776  140.357    26    17     6            27     3.0
  YMT013  小国          38.062  139.757    20    17     8            26     2.9
  AOMH15  大鰐          40.484  140.556    21    26     6            26     2.5
  IBR012  石岡          36.190  140.287    25    19     7            26     3.5
  IWTH09  久慈南        40.086  141.712    23    22    18            26     2.5
  IBRH11  岩瀬          36.370  140.140    17    25     6            26     3.0
  IBR014  土浦          36.073  140.195    21    24     7            25     3.4
  NIG012  鹿瀬          37.686  139.477    22    23    11            25     3.3
  FKS022  西会津        37.600  139.647    21    24     7            25     3.0
  FKS016  白河          37.123  140.191    20    24     9            25     3.1
  AOMH09  岩木          40.620  140.350    23    21     7            24     3.1
  YMT014  下屋地        37.921  139.870    14    23     6            24     2.5
  FKS020  猪苗代        37.547  140.108    17    18     6            24     3.5
  IBRH16  山方          36.641  140.398    16    23     5            24     2.6
  FKSH09  郡山          37.353  140.426    16    22    10            23     2.5
  TCGH16  芳賀          36.548  140.075    21    23     6            23     3.1
  FKS031  川内          37.336  140.813    22    17     9            23     2.8
  FKS024  中野          37.396  140.132    21    15    11            23     3.2
  IWTH10  安代          40.139  140.953    20    22     9            22     2.2
  AOM017  深浦          40.636  139.928    21    16     7            22     2.9
  TCG009  今市          36.726  139.715    20    18     4            21     2.6
  FKS011  いわき        37.091  140.904    17    20    11            21     3.2
  YMTH13  朝日          38.470  139.761    17    18     7            21     2.0
  FKS009  小野          37.278  140.635    19    19     9            21     2.4
  AOMH11  十和田湖西    40.580  140.995    17    16     7            21     2.2
  FKSH16  福島          37.764  140.377    15    21     9            21     2.7
  IBR013  鉾田          36.159  140.489    19    18     9            20     2.8
  IBR002  高萩          36.706  140.707    18    19    10            20     2.9
  IBR003  日立          36.592  140.645    15    16    10            20     2.6
  AOM016  弘前          40.602  140.499    19    15     5            20     2.8
  NIG008  中条          38.053  139.405    13    19     7            19     2.8
  YMTH03  南陽          38.103  140.155    15    19     6            19     2.4
  IBR015  岩井          36.069  139.908    19    13     5            19     3.1
  AOM013  南部          40.412  141.280    18    16     5            19     2.6
  IBRH13  高萩          36.795  140.575    17    14     7            19     2.8
  NIGH06  加茂          37.653  139.068    19    15     7            19     2.9
  AKT006  鹿角          40.215  140.787    15    15     7            19     2.8
  NIGH02  朝日          38.280  139.549    18    15    14            18     3.1
  NIG011  新津          37.801  139.144    17    14     8            18     3.1
  FKSH10  西郷          37.162  140.093    16    15     8            18     2.5
  IBR004  大宮          36.552  140.410    15    17     8            17     2.9
  IBR006  水戸          36.369  140.453    13    16     6            17     2.8
  NIGH04  関川          38.131  139.543    12    13    12            17     2.9
  NIG006  寒川          38.450  139.496    13    16     6            17     2.4
  FKSH03  高郷          37.608  139.753    15    13     7            17     2.7
  AOMH05  野辺地        40.856  141.103    16    14     7            16     2.5
  YMT004  温海          38.628  139.589    12    13     5            16     2.1
  AKT001  小坂          40.328  140.743    12    15     5            16     2.2
  SIT008  春日部        35.974  139.753    16    16     3            16     3.1
  NIGH05  聖籠          37.976  139.279    13    14     6            16     3.0
  IBR007  那珂湊        36.352  140.595    15    14     6            16     2.7
  TCGH10  大田原        36.858  140.023    16    12     7            16     2.7
  YMT012  長井          38.107  140.043    13    12     6            16     2.4
  IBRH12  大子          36.837  140.318    13    14     9            16     2.7
  AKT004  八森          40.389  139.983    11    14     6            16     2.6
  AOM029  西目屋        40.576  140.297    14    15     9            15     2.9
  TCG001  黒磯          36.942  140.083    13    13     7            15     3.1
  AKTH10  大館          40.300  140.581    12    12     6            15     2.6
  AOM021  十和田        40.615  141.208    15    13     5            15     3.0
  IBRH17  霞ヶ浦        36.086  140.314    14    14     5            14     2.8
  NIG003  佐和田        37.998  138.323    14    11     5            14     2.3
  TCGH12  氏家          36.696  139.984    12     9     5            14     2.8
  AOM006  川内          41.198  140.997    10    11     4            14     2.3
  NIG007  村上          38.230  139.486    13    10     8            14     2.9
  AOM024  蟹田          41.047  140.640    10    12     4            14     2.6
  AOM008  横浜          41.084  141.255    10    12     5            13     2.4
  NIG001  岩谷口        38.258  138.434     7    13     4            13     2.5
  FKS015  棚倉          37.022  140.377    10    13     5            13     2.8
  NIG014  三条          37.641  138.956    12    10     4            13     2.8
  TCG005  矢板          36.806  139.926    12    12     5            13     2.7
  CHB003  白井          35.794  140.056     9    13     3            13     2.6
  FKS014  矢祭          36.868  140.430    11    12     5            12     2.6
  FKS023  会津若松      37.477  139.929    12    12     5            12     2.7
  IBRH18  ひたちなか    36.363  140.620    12    12     4            12     2.2
  NIG009  新発田        37.951  139.338    10    10     5            12     2.8
  SIT001  本庄          36.243  139.194     5    11     2            12     2.8
  IBR017  江戸崎        35.954  140.319    10     8     4            12     2.8
  FKSH02  熱塩加納      37.732  139.882     9    10     6            12     2.3
  TCGH06  真岡          36.446  139.951    11     9     4            12     2.8
  AOM023  中里          40.968  140.433    10    11     4            12     2.6
  IBR018  鹿嶋          35.977  140.632    10    10     3            12     2.6
  TCG012  小山          36.286  139.805    12    10     3            12     2.7
  AOM015  碇ヶ関        40.474  140.631    10    10     7            12     2.4
  TKY027  瑞江          35.693  139.891    11     9     3            12     2.8
  TCG008  鹿沼          36.560  139.768     9     7     4            11     2.3
  FKSH04  会津高田      37.451  139.813     9    11     4            11     2.5
  AOM028  八甲田        40.700  140.919     9    10     5            11     2.5
  AOMH08  鰺ヶ沢        40.762  140.312    10     9     6            11     2.6
  AOM020  青森          40.819  140.750    10    11     4            11     2.8
  IBR010  下妻          36.184  139.965     8    11     4            11     2.6
  AOM019  五所川原      40.815  140.447    11     9     5            11     2.7
  AOMH06  六ヶ所        40.966  141.374     9    10     4            11     2.2
  NIG010  新潟          37.915  139.011     9    10     3            11     2.9
  IBR016  取手          35.911  140.049     9    11     4            11     2.6
  KNG206  平塚ST6       35.097  139.378     8    10     3            10     2.8
  TCG013  真岡          36.437  140.023    10    10     4            10     2.6
  TKY015  東白鬚        35.731  139.812     9     8     3            10     2.7
  NIGH10  上川          37.544  139.365    10     7     4            10     2.3
  AOM018  鯵ヶ沢        40.778  140.198     9     8     5            10     2.5
  CHB019  鋸南          35.111  139.835    10     5     2            10     2.7
  SIT003  久喜          36.072  139.697     9     9     3            10     2.8
  FKS021  喜多方        37.654  139.863     7    10     4            10     2.4
  SITH01  岩槻          35.929  139.735     9     8     3            10     2.7
  FKSH08  長沼          37.282  140.214     9     9     4            10     2.0
  KNGH10  横浜          35.499  139.519     5     8     2             9     2.2
  CHBH04  下総          35.797  140.021     8     6     2             9     2.6
  SIT010  大宮          35.907  139.648     7     8     3             9     2.5
  TCGH15  宇都宮        36.559  139.864     9     7     3             9     2.3
  CHB001  野田          35.959  139.873     9     9     3             9     2.6
  IBRH15  御前山        36.557  140.301     8     9     4             9     2.1
  GNM010  館林          36.234  139.533     8     9     3             9     2.6
  FKSH01  西会津        37.757  139.715     7     9     3             9     1.5
  HKD159  戸井          41.716  141.002     9     7     3             9     1.8
  NIG013  巻            37.764  138.883     7     8     3             9     2.5
  TKY028  越中島        35.669  139.789     8     6     2             9     2.5
  AOM026  小泊          41.128  140.311     9     6     2             9     2.4
  AKTH07  小坂          40.456  140.839     8     6     5             9     2.3
  TKY021  猿江          35.688  139.819     8     6     2             9     2.6
  CHB008  浦安          35.654  139.902     7     6     3             9     2.6
  CHB029  行徳          35.695  139.918     9     8     2             9     2.5
  NIG002  両津          38.075  138.440     6     9     4             9     2.4
  CHB028  市川北        35.766  139.966     7     8     3             9     2.6
  IBR008  下館          36.306  139.983     7     8     4             9     2.5
  TKY018  八枝          35.655  139.811     7     7     3             9     2.6
  AOMH04  青森          40.852  140.676     8     9     4             9     2.5
  AOM005  むつ          41.295  141.197     8     8     3             8     2.2
  TKY013  砂町          35.660  139.834     8     7     3             8     2.6
  GNM011  太田          36.291  139.361     8     7     3             8     2.5
  CHB012  東金          35.573  140.333     6     6     3             8     2.4
  CHBH13  成田          35.831  140.298     8     6     3             8     2.3
  TKY003  青梅          35.797  139.291     6     6     1             8     2.0
  CHB007  佐倉          35.723  140.227     6     6     3             8     2.4
  CHB024  稲毛          35.633  140.078     6     8     2             8     2.4
  AOMH10  黒石          40.609  140.665     6     5     5             8     2.3
  AOM025  今別          41.179  140.480     5     7     3             8     2.3
  TKY017  辰巳          35.647  139.809     6     8     3             8     2.6
  KNG001  川崎          35.529  139.706     6     7     2             8     2.4
  CHB006  成田          35.780  140.307     6     7     3             8     2.4
  CHB004  佐原          35.901  140.490     8     6     3             8     2.3
  AOMH07  深浦          40.745  140.023     6     7     4             8     2.4
  IBRH14  十王          36.692  140.548     7     6     4             8     2.1
  AOM009  六ヶ所        40.967  141.373     7     7     3             8     2.2
  TKY026  宇喜田        35.670  139.863     6     7     2             8     2.6
  TKY020  塩浜          35.666  139.809     7     6     2             8     2.5
  NIG015  村松          37.694  139.189     7     5     5             8     2.3
  CHB015  木更津        35.374  139.916     7     7     3             8     2.5
  YMTH05  小国          37.988  139.802     6     7     4             7     2.2
  TKY023  八広          35.725  139.825     6     5     2             7     2.5
  NIG028  長岡支所      37.426  138.886     7     5     2             7     2.2
  TKY014  亀戸          35.689  139.835     5     6     2             7     2.4
  TKY024  奥戸          35.740  139.862     7     6     2             7     2.5
  TKY016  東雲          35.648  139.799     7     6     3             7     2.5
  AOM003  大畑          41.405  141.169     7     6     3             7     2.2
  CHBH16  鴨川          35.138  139.965     4     6     1             7     2.4
  AOM027  脇野沢        41.145  140.822     5     7     2             7     2.0
  IBR009  古河          36.185  139.704     6     7     2             7     2.4
  TKYH11  江東          35.611  139.812     6     7     2             7     2.5
  CHB002  松戸          35.787  139.903     6     6     2             7     2.3
  CHB009  千葉          35.608  140.102     6     7     2             7     2.4
  NIGH01  長岡          37.427  138.888     7     5     2             7     2.1
  AOM022  東田沢        40.992  140.916     6     6     2             7     1.6
  NIG017  長岡          37.442  138.843     5     6     2             7     1.9
  SITH11  飯能          35.864  139.273     7     6     2             7     1.8
  KNG002  横浜          35.437  139.634     6     6     2             7     2.3
  TKY022  横網          35.687  139.796     6     6     3             7     2.4
  FKS028  只見          37.349  139.314     5     7     2             7     2.1
  HKD158  椴法華        41.834  141.141     5     6     2             6     2.1
  GNM013  高崎          36.318  139.018     5     6     2             6     2.2
  TCG007  宇都宮        36.569  139.886     6     5     3             6     2.2
  TKY025  篠崎          35.714  139.897     6     5     2             6     2.4
  SIT011  川口          35.810  139.721     6     6     2             6     2.4
  KNGH11  厚木          35.404  139.354     4     5     1             6     2.2
  KNG010  平塚          35.336  139.350     3     6     2             6     2.3
  KNG014  山北          35.361  139.083     5     5     5             6     1.1
  NIG004  小木          37.821  138.280     5     6     1             6     1.5
  GNM009  桐生          36.411  139.325     5     6     3             6     2.0
  FKSH05  下郷          37.254  139.873     4     6     2             6     1.8
  CHB014  姉崎          35.477  140.049     5     6     2             6     2.0
  NIGH09  下田          37.539  139.128     5     5     3             6     2.0
  CHBH10  千葉          35.546  140.242     5     6     2             6     2.2
  FKS026  南郷          37.266  139.539     4     5     2             6     1.4
  IBRH19  つくば        36.214  140.089     3     6     2             6     2.1
  SIT002  熊谷          36.148  139.388     4     5     2             6     2.1
  KNG013  小田原        35.264  139.152     5     4     3             6     2.3
  AOM002  福浦          41.328  140.813     4     5     1             6     1.3
  IBRH20  波崎2         35.828  140.732     5     4     2             6     2.1
  CHBH19  蓮沼          35.594  140.511     5     5     2             5     2.1
  SIT013  所沢          35.797  139.466     3     4     3             5     1.7
  SIT009  川越          35.903  139.483     5     5     2             5     2.1
  HKD161  木古内        41.679  140.433     4     4     2             5     1.9
  FKS025  下郷          37.308  139.900     5     5     3             5     1.5
  CHB011  蓮沼          35.602  140.501     4     5     2             5     2.0
  SITH03  日高          35.899  139.384     4     5     2             5     2.1
  KNG201  平塚ST1       34.596  139.918     5     4     1             5     2.1
  CHBH12  富津          35.344  139.855     5     3     2             5     1.9
  AOMH03  川内          41.234  140.990     4     5     3             5     1.9
  CHB010  八日市場      35.708  140.568     4     4     2             5     1.9
  CHB016  岬            35.300  140.387     4     5     1             5     2.0
  TCG011  葛生          36.387  139.614     3     4     2             5     1.5
  NIG025  直江津        37.161  138.224     3     4     1             5     1.6
  KNG205  平塚ST5       34.941  139.421     4     4     1             5     2.0
  TKY005  町田          35.578  139.416     4     4     2             5     1.9
  CHB013  茂原          35.433  140.291     3     4     2             5     1.8
  CHB017  市場          35.299  140.076     4     4     2             4     1.9
  IBUH03  厚真          42.649  141.864     4     4     1             4     2.1
  SITH06  川本          36.113  139.289     4     3     2             4     1.7
  TKY007  新宿          35.711  139.686     4     4     2             4     1.9
  FKS030  金山          37.453  139.513     4     3     2             4     1.6
  GNM008  前橋          36.348  139.137     4     3     2             4     2.0
  HKD162  福島          41.486  140.247     4     3     1             4     1.3
  NIG019  小千谷        37.304  138.812     4     4     2             4     1.8
  TKY004  八王子        35.628  139.403     3     4     2             4     1.7
  HKD169  木間内        41.935  140.369     3     4     2             4     1.8
  KNG004  三崎          35.144  139.622     2     4     1             4     1.7
  FKSH21  只見          37.342  139.315     4     4     2             4     1.6
  ISK002  正院          37.444  137.288     3     4     2             4     1.9
  SZO013  清水          35.041  138.476     3     3     1             4     1.8
  TCGH09  矢板          36.862  139.836     4     3     2             4     1.7
  TCGH14  粟野          36.551  139.615     3     3     1             4     1.2
  CHB020  鴨川          35.115  140.102     3     3     1             4     1.8
  OSMH02  上磯          41.837  140.633     4     2     2             4     1.9
  HKD110  様似          42.131  142.935     4     2     1             4     1.3
  SZO010  御殿場        35.309  138.935     4     3     1             4     1.9
  KNGH18  藤野          35.644  139.128     3     3     1             4     1.5
  HKD160  函館          41.770  140.738     3     3     2             4     1.9
  CHB005  銚子          35.736  140.830     3     3     2             4     1.8
  GNMH12  神流          36.144  138.913     3     3     1             4     1.2
  HKD128  早来          42.766  141.822     3     4     1             4     1.6
  NIGH11  川西          37.173  138.744     3     3     3             4     1.7
  KNG202  平塚ST2       34.740  139.839     3     3     1             3     1.8
  YMNH11  大月          35.625  138.978     3     3     1             3     1.5
  NIG005  松ヶ崎        37.920  138.498     3     3     1             3     1.4
  HDKH06  静内          42.350  142.357     3     3     1             3     1.6
  CHB026  長南          35.387  140.237     2     3     2             3     1.6
  TKYH12  八王子        35.670  139.265     3     3     1             3     1.3
  TCG003  藤原          36.814  139.715     3     3     1             3     1.2
  AOMH01  大間          41.527  140.913     2     3     1             3     1.5
  KNG203  平塚ST3       34.798  139.643     3     3     2             3     1.9
  KNG204  平塚ST4       34.893  139.571     3     3     1             3     1.8
  NIG018  柏崎          37.372  138.558     3     3     1             3     1.8
  SITH04  所沢          35.803  139.535     3     3     1             3     1.8
  SIT007  東松山        36.054  139.391     3     3     1             3     1.5
  NIG020  小出          37.233  138.962     3     3     1             3     1.5
  NIG022  塩沢          37.036  138.846     3     2     1             3     1.4
  FKSH15  猪苗代        37.646  140.173     2     3     2             3     1.3
  TCG002  塩原          36.990  139.803     2     3     1             3     1.3
  KNG006  二俣川        35.454  139.539     3     2     1             3     1.5
  YMN005  甲府          35.655  138.568     3     3     1             3     1.7
  CHBH11  養老          35.287  140.153     3     2     2             3     1.7
  SIT006  秩父          35.995  139.071     3     2     1             3     1.2
  NIG021  十日町        37.128  138.747     3     3     2             3     1.5
  TKYH02  府中          35.654  139.470     2     2     1             3     1.6
  HKD126  鵡川          42.575  141.928     3     3     1             3     1.4
  NGN002  信濃          36.807  138.207     3     3     1             3     1.5
  HKD184  千歳          42.790  141.601     3     2     1             3     1.1
  GNM007  渋川          36.462  139.010     3     2     1             3     1.3
  IBUH07  大滝          42.648  141.064     2     3     1             3     1.5
  NIGH13  牧            37.054  138.397     2     3     1             3     1.3
  TKCH07  豊頃          42.811  143.520     2     2     1             3     1.3
  SIT012  飯能          35.840  139.321     2     2     1             3     1.2
  GNMH11  富岡          36.286  138.921     2     2     1             3     1.3
  NGN015  諏訪          36.045  138.112     3     2     1             3     1.7
  NGN001  飯山          36.851  138.366     2     2     1             3     1.5
  GNM003  沼田          36.658  139.078     2     2     1             3     1.3
  AOM004  尻屋          41.409  141.449     2     2     1             3     1.2
  YMN003  富士吉田      35.465  138.813     2     2     1             3     1.5
  HKD168  江差          41.869  140.127     2     2     1             2     1.5
  ISK005  穴水          37.231  136.904     2     2     1             2     1.1
  GNMH08  嬬恋          36.492  138.524     2     2     1             2     1.5
  NIGH18  妙高          36.943  138.259     2     2     1             2     1.2
  KNG005  鎌倉          35.319  139.546     2     2     1             2     1.3
  ISKH03  内浦          37.346  137.244     2     2     1             2     0.7
  SIT005  小川          36.056  139.263     1     2     1             2     1.1
  HKD163  松前          41.434  140.112     2     2     1             2     0.8
  HKD154  森            42.096  140.563     2     2     1             2     1.3
  TKCH08  大樹          42.486  143.152     2     2     1             2     1.1
  NIGH12  湯之谷        37.224  138.982     2     2     1             2     1.3
  CHB025  千倉          34.971  139.946     2     2     1             2     1.5
  HDKH07  様似          42.133  142.916     2     2     1             2     1.0
  HKD129  苫小牧        42.634  141.606     1     2     1             2     1.1
  NIG016  寺泊          37.642  138.768     2     2     1             2     1.0
  NGNH37  御代田        36.331  138.497     2     2     1             2     1.3
  ISKH05  穴水          37.222  136.969     1     2     1             2    <0.5
  SITH10  都幾川        35.996  139.219     2     2     1             2     0.8
  GNMH13  水上2         36.862  139.063     2     1     1             2     0.8
  NIG023  津南          37.015  138.653     2     1     1             2     1.1
  IKRH02  新篠津        43.220  141.652     2     2     1             2     1.2
  SRCH09  栗山          43.059  141.806     1     2     1             2     0.8
  NIG024  安塚          37.127  138.444     2     2     1             2     1.1
  TCG004  湯元          36.806  139.420     2     2     1             2     1.1
  SITH07  名栗          35.912  139.149     2     1     1             2     1.1
  ISK004  能都          37.308  137.147     2     1     1             2     0.6
  KSRH03  標茶北        43.385  144.628     2     2     1             2    <0.5
  TCG010  足尾          36.635  139.438     2     2     1             2     0.9
  SITH05  神泉          36.151  139.050     1     2     1             2     1.2
  FKSH06  伊南          37.172  139.520     2     2     1             2     1.1
  NIGH14  塩沢          37.030  138.852     2     2     1             2     1.1
  KSRH09  白糠南        42.986  143.984     2     1     1             2     0.8
  SIT004  長瀞          36.118  139.105     2     2     1             2     0.9
  HKD098  大樹          42.498  143.279     2     1     1             2     1.2
  HKD156  七飯          41.900  140.696     2     1     1             2     1.0
  HKD135  壮瞥          42.553  140.887     2     2     1             2     1.2
  AOM001  大間          41.527  140.924     2     2     1             2     1.2
  HKD109  浦河          42.168  142.767     2     2     1             2     0.8
  NGNH29  野沢温泉      36.910  138.441     2     2     1             2     1.0
  GNM001  片品          36.772  139.225     2     2     1             2    <0.5
  YMN004  塩山          35.702  138.727     1     2     1             2     1.2
  SITH08  小鹿野        36.027  138.969     1     1     1             2     0.9
  HDKH04  門別西        42.513  142.038     2     2     1             2     1.1
  HKD106  静内          42.341  142.369     2     1     1             2     0.9
  YMN010  須玉          35.792  138.410     2     1     1             2     1.3
  YMNH08  西野原        35.690  138.734     2     1     2             2     1.1
  NMRH05  別海西        43.390  144.802     2     1     1             2     0.6
  SZO016  焼津          34.857  138.311     1     2     0             2     1.3
  YMN002  大月          35.613  138.947     2     1     1             2     0.9
  ISKH04  富来          37.190  136.718     1     1     1             2     0.7
  TKY001  氷川          35.803  139.096     1     1     1             2     0.9
  HKD144  倶知安        42.906  140.767     1     1     1             2     1.2
  TKYH13  檜原南        35.702  139.127     1     2     1             2     1.0
  YMN009  六郷          35.496  138.463     1     1     1             2     0.8
  NIG026  新井          37.023  138.251     2     1     1             2     1.1
  IKRH03  千歳          42.888  141.640     2     1     1             2     1.1
  GNM014  坂本          36.350  138.718     1     2     1             2     1.1
  KSRH07  鶴居南        43.136  144.327     2     1     1             2     0.5
  HKD181  江別          43.116  141.546     1     1     1             2     1.0
  KNG011  藤野          35.615  139.155     1     1     1             2     0.9
  HKD085  白糠          42.958  144.070     1     1     1             2     0.8
  SZOH35  伊東中        34.947  139.085     1     2     0             2     0.9
  KSRH10  浜中          43.208  145.117     2     2     1             2     0.5
  IBUH04  豊浦          42.642  140.665     1     2     0             2     0.5
  SZO005  松崎          34.755  138.784     1     1     1             2     1.0
  HKD108  三石          42.253  142.564     1     1     0             2     0.7
  SBSH07  真狩          42.763  140.808     1     1     1             2     1.1
  SZOH42  修善寺        34.976  138.913     1     2     1             2     1.1
  HKD095  帯広          42.931  143.214     2     1     1             2     1.0
  TKY002  桧原          35.730  139.145     1     2     1             2     1.0
  NGNH11  富士見        35.916  138.305     1     1     1             2     0.9
  KNG003  横須賀        35.273  139.658     1     2     1             2     1.0
  NGNH12  南牧          35.970  138.480     1     1     1             2     1.1
  NGN010  小諸          36.328  138.436     1     1     1             2     1.0
  HKD151  長万部        42.494  140.354     1     1     1             2     0.9
  HKD157  南茅部        41.905  140.970     1     1     1             2     0.5
  IBUH01  追分          42.874  141.819     1     1     0             2     0.6
  SZO011  富士宮        35.213  138.602     1     1     1             2     1.1
  NMRH04  別海東        43.398  145.122     1     1     0             1     0.5
  NGNH28  戸隠          36.708  138.096     1     1     1             1     1.1
  GNMH09  高山          36.621  138.907     1     1     1             1     0.8
  NMRH02  標津南        43.677  144.962     1     1     0             1    <0.5
  HKD180  札幌          43.139  141.351     1     1     0             1     1.0
  CHBH17  勝浦東        35.171  140.340     1     1     1             1     0.8
  KSRH01  阿寒北        43.436  144.084     1     1     0             1     0.9
  CHBH15  館山西        34.959  139.788     1     1     1             1     1.1
  ISKH01  珠洲          37.527  137.284     1     1     1             1     1.0
  HDKH03  門別東        42.593  142.352     1     1     0             1     0.5
  GNMH14  みどり        36.493  139.322     1     1     1             1     0.8
  KNGH20  松田          35.366  139.126     1     1     1             1     1.0
  HKD146  ニセコ        42.808  140.688     1     1     1             1     1.1
  SITH09  皆野          36.072  139.099     1     1     1             1     0.9
  HKD131  登別          42.421  141.081     1     1     1             1     0.9
  HKD152  八雲          42.259  140.264     1     1     1             1     1.0
  KSRH02  阿寒南        43.114  144.123     1     1     0             1     0.6
  HYMH02  厚沢部        41.986  140.309     1     1     1             1     0.9
  ISK008  羽咋          36.892  136.778     1     1     1             1     1.0
  YMNH12  増穂          35.562  138.449     1     1     1             1     0.8
  NIGH15  六日          37.053  138.995     1     1     1             1     0.6
  NIGH17  妙高高原      36.857  138.097     1     1     0             1     1.0
  IBUH05  白老          42.563  141.350     1     1     1             1     0.7
  HKD097  生花          42.618  143.421     1     1     0             1     0.6
  NIGH19  湯沢          36.811  138.785     1     1     1             1     0.6
  NMRH03  中標津        43.551  144.966     1     1     0             1     0.5
  KSRH06  鶴居東        43.220  144.429     1     1     0             1    <0.5
  NGNH27  信州新        36.577  138.048     1     1     1             1     0.8
  TCGH17  藤原2         36.985  139.692     1     1     1             1     0.6
  GIFH28  中津川        35.457  137.471     1     1     1             1     0.5
  SZOH26  袋井          34.795  137.903     1     1     0             1     0.8
  YMNH14  都留南        35.511  138.968     1     1     1             1     0.6
  SZOH34  清水北        35.130  138.424     1     1     0             1     0.7
  GNMH07  利根          36.700  139.210     1     1     1             1    <0.5
  KKWH08  占冠          43.041  142.656     1     1     0             1    <0.5
  YMNH15  上九一色      35.532  138.605     1     1     0             1    <0.5
  KNGH21  清川          35.463  139.215     1     1     1             1     0.5
  ISKH06  志賀          37.053  136.821     1     1     0             1     0.7
  HDKH02  平取東        42.706  142.405     1     1     0             1    <0.5
  SZOH43  清水南        34.974  138.492     1     1     1             1     0.7
  KSRH04  標茶南        43.214  144.680     1     1     0             1    <0.5
  TYMH02  大門          36.714  137.038     1     1     0             1    <0.5
  TKCH03  足寄西        43.271  143.432     1     1     0             1    <0.5
  KSRH05  鶴居西        43.256  144.234     1     1     0             1    <0.5
  NGNH26  上山田        36.466  138.147     1     1     0             1    <0.5
  NIGH16  糸魚川        36.938  137.848     1     1     0             1    <0.5
  KNGH19  山北中        35.417  139.044     1     1     1             1    <0.5
  GNMH10  下仁田        36.236  138.729     1     1     1             1    <0.5
  TKCH11  清水          42.874  142.883     1     1     0             1    <0.5
  NGNH19  川上          35.974  138.584     1     1     0             1    <0.5
  NGNH21  伊那          35.831  137.924     1     1     0             1     0.6
  HDKH01  平取西        42.703  142.230     1     1     0             1    <0.5
  NGNH07  中野          36.743  138.376     1     1     0             1    <0.5
  HYMH03  熊石          42.134  140.004     1     1     0             1    <0.5
  YMNH16  甲府2         35.742  138.565     1     1     0             1    <0.5
  SRCH07  三笠          43.230  141.898     1     1     0             1    <0.5
  YMNH13  身延          35.351  138.420     1     1     0             1    <0.5
  NGNH16  茅野          35.947  138.185     1     1     0             1    <0.5
  SZOH37  芝川          35.203  138.566     1     1     1             1    <0.5
  NGNH24  松川          35.615  137.880     1     1     1             1    <0.5
  ABSH12  小清水        43.857  144.457     1     1     0             1    <0.5
  AICH09  豊橋          34.664  137.390     1     1     0             1     0.5
  AICH22  豊橋北        34.785  137.439     1     0     0             1    <0.5
  TKCH04  新得南        43.174  142.918     1     1     0             1    <0.5
  SZOH33  静岡南        35.015  138.353     0     1     0             1    <0.5
  SZOH38  函南          35.085  138.978     1     0     0             1    <0.5
  SBSH05  倶知安        42.950  140.822     1     0     0             1    <0.5
  YMNH09  早川          35.433  138.333     0     1     0             1    <0.5
  NMRH01  標津北        43.785  145.025     0     1     0             1    <0.5
  NGNH32  松本          36.258  137.990     0     0     0             1    <0.5
  NGNH17  佐久          36.142  138.550     1     0     0             1    <0.5
  NGNH18  開田          35.932  137.595     0     1     0             1    <0.5
  SRCH04  沼田          43.820  141.940     1     0     0             1    <0.5
  ABSH13  留辺蘂        43.742  143.451     0     0     0             1    <0.5
  NGNH34  大町中        36.533  137.820     0     0     0             1    <0.5
  SZOH39  西伊豆西      34.799  138.772     0     1     0             1    <0.5
  AICH05  常滑          34.889  136.876     1     0     0             1    <0.5
  SZOH36  藤枝          34.914  138.201     0     0     0             1    <0.5
  SZOH29  静岡北        35.307  138.197     0     0     0             0    <0.5
  NGNH08  三郷          36.254  137.859     0     0     0             0    <0.5
  KSRH08  白糠北        43.160  143.894     0     0     0             0    <0.5
  IKRH01  当別          43.409  141.584     0     0     0             0    <0.5
  TYMH04  魚津          36.791  137.469     0     0     0             0    <0.5
  YMNH10  早川北        35.535  138.309     0     0     0             0    <0.5
  SZOH31  川根          34.940  138.077     0     0     0             0    <0.5
  TYMH05  井波          36.574  136.958     0     0     0             0    <0.5
  NGNH13  喬木          35.514  137.877     0     0     0             0    <0.5
  NGNH10  木祖          35.963  137.767     0     0     0             0    <0.5
  TYMH06  八尾          36.571  137.160     0     0     0             0    <0.5
  ABSH07  白滝          43.849  143.086     0     0     0             0    <0.5
  TKCH01  陸別          43.468  143.683     0     0     0             0    <0.5
  TYMH01  氷見          36.887  136.928     0     0     0             0    <0.5
  ABSH14  美幌          43.723  144.184     0     0     0             0    <0.5
  NGNH31  塩尻          36.118  137.939     0     0     0             0    <0.5
  ABSH06  湧別北        44.215  143.620     0     0     0             0    <0.5
  TKCH02  足寄東        43.382  143.898     0     0     0             0    <0.5
  NGNH23  南木曽        35.606  137.611     0     0     0             0    <0.5
  KKWH14  中富良野      43.384  142.524     0     0     0             0    <0.5
  KKWH07  富良野        43.370  142.341     0     0     0             0    <0.5
  SBSH02  泊            43.053  140.502     0     0     0             0    <0.5
  ABSH15  置戸東        43.635  143.510     0     0     0             0    <0.5
  AICH16  設楽          35.154  137.535     0     0     0             0    <0.5
  SBSH10  島牧          42.780  140.156     0     0     0             0    <0.5
  NGNH35  穂高          36.382  137.820     0     0     0             0    <0.5
  SBSH09  黒松内        42.610  140.484     0     0     0             0    <0.5
  GIFH20  下呂北        35.799  137.253     0     0     0             0    <0.5
  NGNH22  長谷          35.795  138.082     0     0     0             0    <0.5
  SRCH10  夕張          42.993  142.008     0     0     0             0    <0.5
  GIFH27  美濃加茂      35.453  137.004     0     0     0             0    <0.5
  HDKH05  新冠          42.598  142.545     0     0     0             0    <0.5
  SZOH32  龍山東        35.009  137.841     0     0     0             0    <0.5
  SZOH41  南伊豆        34.675  138.834     0     0     0             0    <0.5
  AICH18  岡崎          34.964  137.238     0     0     0             0    <0.5
  GIFH26  各務原        35.412  136.876     0     0     0             0    <0.5
  SZOH40  河津          34.783  138.970     0     0     0             0    <0.5
  NGNH15  辰野          36.009  137.930     0     0     0             0    <0.5
  KKWH13  美瑛西        43.511  142.391     0     0     0             0    <0.5
  AICH17  豊根          35.184  137.727     0     0     0             0    <0.5
  NGNH30  奈川          36.064  137.685     0     0     0             0    <0.5
  NGNH20  上松          35.787  137.717     0     0     0             0    <0.5
  AICH19  作手          34.951  137.411     0     0     0             0    <0.5
  NGNH14  平谷          35.309  137.626     0     0     0             0    <0.5
  NGNH25  南信濃        35.299  137.927     0     0     0             0    <0.5
  SZOH30  水窪北        35.223  137.918     0     0     0             0    <0.5
  MIEH01  四日市        34.985  136.456     0     0     0             0    <0.5
  AICH07  旭            35.219  137.404     0     0     0             0    <0.5
  TKCH10  新得北        43.334  142.945     0     0     0             0    <0.5
  KKWH04  名寄          44.438  142.406     0     0     0             0    <0.5
  AICH21  南知多        34.740  136.939     0     0     0             0    <0.5
  RMIH03  遠別          44.636  141.819     0     0     0             0    <0.5
  KKWH12  美瑛東        43.504  142.601     0     0     0             0    <0.5
  GIFH19  朝日南        36.022  137.391     0     0     0             0    <0.5
  AICH15  足助          35.139  137.336     0     0     0             0    <0.5
  AICH20  新城          34.898  137.488     0     0     0             0    <0.5
  FKIH06  高浜          35.491  135.484     0     0     0             0    <0.5
  GIFH06  高富          35.504  136.794     0     0     0             0    <0.5
  RMIH04  小平東        44.097  141.962     0     0     0             0    <0.5
  GIFH18  馬瀬          35.899  137.149     0     0     0             0    <0.5
  AICH11  春日井        35.306  137.057     0     0     0             0    <0.5
  SZOH24  引佐          34.834  137.662     0     0     0             0    <0.5
  GIFH11  八百津        35.486  137.246     0     0     0             0    <0.5