最大加速度リスト

地震発生時刻   2011/04/11-20:42:00.00
震央北緯       37.0°
震央東経       140.6°
震源深さ       11.0km
マグニチュード M5.9

  コード  観測点名      緯度    経度     最大加速度 (ガル) 三成分合成値 計測震度
　　　　　 　　         北緯    東経      N-S   E-W   U-D        (ガル)         
  IBR019  北茨城        36.881  140.654   234   329   149           386     4.6
  IBR001  大子          36.776  140.357   100   244    49           248     4.1
  FKSH12  平田          37.217  140.570   173   131    52           212     4.5
  FKS016  白河          37.123  140.191   198   132    39           200     4.3
  IBRH12  大子          36.837  140.318   167   186    64           193     4.4
  IBR013  鉾田          36.159  140.489    98   167    63           167     4.1
  IBR003  日立          36.592  140.645   120   158    77           165     4.0
  FKSH11  矢吹          37.201  140.339   142   145    75           164     4.4
  IBR007  那珂湊        36.352  140.595   132    92    39           160     3.8
  FKS023  会津若松      37.477  139.929   157   117    22           157     4.6
  FKSH09  郡山          37.353  140.426   134   105    43           153     3.6
  FKS013  古殿          37.090  140.556   144   112    73           148     4.5
  IBR004  大宮          36.552  140.410   128   140    37           142     3.6
  TCG009  今市          36.726  139.715   112   138    32           139     4.2
  IBRH16  山方          36.641  140.398   109   101    45           132     3.9
  TCG014  茂木          36.545  140.174    67   124    28           126     4.1
  FKSH10  西郷          37.162  140.093   114    98    69           125     3.9
  FKS014  矢祭          36.868  140.430   107    99    36           125     3.7
  TCGH13  馬頭          36.734  140.178   109    63    30           121     3.6
  FKS018  郡山          37.396  140.362    62   100    57           112     3.6
  FKSH08  長沼          37.282  140.214    69    86    25           110     3.4
  TCGH10  大田原        36.858  140.023   105    72    45           107     3.6
  IBRH13  高萩          36.795  140.575    99    87    87           107     3.8
  FKS012  勿来          36.907  140.793    85    72    60            98     4.0
  IBR005  笠間          36.385  140.237    84    69    32            94     3.7
  FKS009  小野          37.278  140.635    67    77    36            84     3.2
  FKS025  下郷          37.308  139.900    34    58    67            81     3.2
  FKS008  船引          37.436  140.567    55    78    20            79     3.6
  IBRH18  ひたちなか    36.363  140.620    55    77    30            78     3.5
  IBRH14  十王          36.692  140.548    75    46    49            77     2.8
  FKS015  棚倉          37.022  140.377    69    69    31            77     3.7
  FKS024  中野          37.396  140.132    38    76    24            76     3.7
  IBRH11  岩瀬          36.370  140.140    49    73    26            75     3.6
  TCGH12  氏家          36.696  139.984    58    60    25            73     3.2
  FKSH18  三春          37.489  140.538    60    44    29            72     3.4
  FKS017  須賀川        37.284  140.369    56    66    28            69     3.7
  FKS019  二本松        37.603  140.437    55    64    25            68     3.4
  TCG006  小川          36.764  140.130    59    59    28            68     3.5
  IBR002  高萩          36.706  140.707    62    61    25            67     3.6
  IBR014  土浦          36.073  140.195    61    45    20            65     3.4
  TCG005  矢板          36.806  139.926    40    64    11            64     3.5
  FKS006  葛尾          37.503  140.759    40    62    22            64     3.2
  TCG001  黒磯          36.942  140.083    39    58    19            62     3.1
  FKSH19  都路          37.470  140.723    39    60    28            62     2.9
  IBR018  鹿嶋          35.977  140.632    60    41    11            60     3.5
  TCGH16  芳賀          36.548  140.075    59    53    14            60     3.6
  FKS027  滝原          37.070  139.681    47    55    13            56     2.6
  FKSH05  下郷          37.254  139.873    42    54    15            56     3.2
  IBR015  岩井          36.069  139.908    38    35    18            52     3.4
  IBRH15  御前山        36.557  140.301    44    38    23            51     3.0
  TCG003  藤原          36.814  139.715    43    36    13            50     3.1
  FKS010  広野          37.234  141.002    47    32    14            48     3.0
  IBRH17  霞ヶ浦        36.086  140.314    48    41    24            48     3.2
  IBR006  水戸          36.369  140.453    43    45    31            47     3.1
  IBR016  取手          35.911  140.049    45    37    16            46     3.1
  IBR011  つくば        36.125  140.090    35    45    15            45     3.6
  FKS022  西会津        37.600  139.647    36    43    16            45     3.3
  FKSH02  熱塩加納      37.732  139.882    43    29    12            45     2.9
  FKS004  飯舘          37.680  140.735    38    43    24            44     2.6
  TCGH11  今市          36.708  139.769    32    34    20            44     2.9
  MYG015  岩沼          38.105  140.870    42    34    11            43     3.4
  FKS002  梁川          37.845  140.601    36    37    10            41     2.8
  IBRH10  石下          36.111  139.989    37    32    18            40     3.6
  GNM009  桐生          36.411  139.325    28    38    14            40     3.5
  FKSH04  会津高田      37.451  139.813    23    39     9            40     3.0
  TCGH14  粟野          36.551  139.615    23    38     8            38     2.4
  GNM011  太田          36.291  139.361    33    29     7            38     3.4
  FKSH17  川俣          37.664  140.597    30    37    11            38     3.1
  FKSH03  高郷          37.608  139.753    28    27    11            37     3.1
  FKS003  福島          37.761  140.480    31    33    12            37     2.8
  FKS011  いわき        37.091  140.904    34    28    19            37     2.7
  IBR017  江戸崎        35.954  140.319    31    33    15            37     2.9
  IBR012  石岡          36.190  140.287    25    36    17            36     3.2
  TCG008  鹿沼          36.560  139.768    31    31    23            36     3.2
  TCG015  芹沼          36.749  139.714    21    35    13            36     2.7
  FKS021  喜多方        37.654  139.863    25    32     7            36     2.6
  TCG013  真岡          36.437  140.023    22    35    13            35     3.0
  SIT008  春日部        35.974  139.753    31    21     8            34     3.4
  YMTH04  上山          38.081  140.298    34    21     8            34     2.5
  FKS020  猪苗代        37.547  140.108    25    29    10            33     3.3
  IBR010  下妻          36.184  139.965    30    25    12            31     3.2
  YMTH02  山形          38.269  140.258    29    27     6            31     3.0
  CHB003  白井          35.794  140.056    25    28    10            29     3.0
  FKSH06  伊南          37.172  139.520    18    21     5            27     2.3
  TCG002  塩原          36.990  139.803    13    24    11            27     2.5
  NIG012  鹿瀬          37.686  139.477    23    18     7            26     3.1
  GNM010  館林          36.234  139.533    23    23     9            26     2.9
  CHB007  佐倉          35.723  140.227    24    23    10            26     2.6
  TCGH06  真岡          36.446  139.951    21    21     8            26     2.6
  TCG012  小山          36.286  139.805    23    19    10            25     2.7
  IBRH07  江戸崎        35.952  140.330    24    17     7            25     3.6
  FKS031  川内          37.336  140.813    25    21    14            25     2.4
  SITH11  飯能          35.864  139.273    24    19     7            25     2.6
  MYG016  白石          38.008  140.621    17    23    10            24     2.7
  FKSH14  いわき東      37.026  140.970    18    22    10            24     3.1
  FKS001  相馬          37.795  140.920    21    23    11            24     2.8
  FKSH16  福島          37.764  140.377    17    23     7            24     2.4
  TCG016  北高岡        36.529  140.156    19    23     9            23     2.4
  CHB001  野田          35.959  139.873    18    23     8            23     2.8
  MYGH10  山元          37.941  140.892    22    20     7            23     2.6
  IBR008  下館          36.306  139.983    21    21    11            23     2.8
  YMT011  上山          38.150  140.267    21    12     8            22     2.9
  CHB004  佐原          35.901  140.490    18    17     9            21     2.6
  MYG017  角田          37.976  140.782    21    17     7            21     2.9
  GNM013  高崎          36.318  139.018    17    14     3            21     2.8
  TCGH09  矢板          36.862  139.836    15    20    12            21     2.3
  YMT014  下屋地        37.921  139.870    18    19     5            20     2.3
  TCG011  葛生          36.387  139.614    19    15     7            20     2.3
  TCG007  宇都宮        36.569  139.886    17    15     8            20     2.5
  MYG012  塩竈          38.318  141.019    11    19     9            20     2.4
  FKS005  原町          37.639  140.985    19    14     9            19     2.2
  FKSH01  西会津        37.757  139.715    18    17     3            19     2.3
  YMTH06  高畠          37.963  140.184    14    17     9            19     2.6
  SIT010  大宮          35.907  139.648    19    13     5            19     2.9
  CHB028  市川北        35.766  139.966    13    18    12            19     2.4
  SITH01  岩槻          35.929  139.735    14    16     5            19     2.9
  IBRH19  つくば        36.214  140.089    18    14     8            19     2.3
  MYG014  作並          38.318  140.636    12    18     5            18     2.5
  SIT002  熊谷          36.148  139.388    17    15     5            18     2.8
  GNM003  沼田          36.658  139.078    17    18     7            18     2.3
  NIGH04  関川          38.131  139.543    11    18     4            18     2.0
  NIG011  新津          37.801  139.144    17    14     6            18     3.0
  MYG010  石巻          38.428  141.281    12    16     5            18     3.2
  NIG008  中条          38.053  139.405    15    16     4            17     2.4
  SIT001  本庄          36.243  139.194    12    14     4            17     2.9
  GNMH05  伊勢崎        36.314  139.185    16    10     4            17     2.8
  GNMH12  神流          36.144  138.913    14    17     5            17     2.5
  TCG010  足尾          36.635  139.438    11    15     6            17     2.2
  CHB006  成田          35.780  140.307    16    13     8            17     2.4
  SITH06  川本          36.113  139.289    16    13     5            16     2.4
  MYGH09  白石          38.009  140.603    10    15    12            16     2.4
  CHB012  東金          35.573  140.333    16    15     8            16     2.6
  CHBH13  成田          35.831  140.298    14    12    10            16     2.5
  CHBH04  下総          35.797  140.021    12    12     7            16     2.3
  FKS029  桧枝岐        37.016  139.380    14    10     4            15     1.6
  GNMH14  みどり        36.493  139.322    12     9     4            15     1.4
  FKS026  南郷          37.266  139.539    15     9     4            15     2.0
  TCGH07  栗山西        36.882  139.453    11    12     6            15     2.1
  CHB002  松戸          35.787  139.903    13    13     5            14     2.2
  TKY027  瑞江          35.693  139.891    12    12     5            13     2.7
  KNGH10  横浜          35.499  139.519    12     9     4            13     2.5
  NIGH08  津川          37.671  139.465    11    11     6            13     2.6
  MYG013  仙台          38.266  140.929    12    13     4            13     2.4
  IBRH20  波崎2         35.828  140.732    11    13     4            13     2.3
  CHB024  稲毛          35.633  140.078     9    11     5            13     2.1
  TCGH17  藤原2         36.985  139.692     9    10     3            12     1.1
  CHB010  八日市場      35.708  140.568    10    10     4            12     2.2
  TKY015  東白鬚        35.731  139.812     7    12     5            12     2.3
  IBR009  古河          36.185  139.704    10    11     5            12     2.2
  MYGH08  岩沼          38.113  140.844     9    12     5            12     2.4
  YMT010  山形          38.260  140.349     9     9     4            12     2.0
  CHB029  行徳          35.695  139.918    11    12     5            12     2.4
  NIGH07  村松          37.666  139.261    11    10     2            12     1.7
  TCG004  湯元          36.806  139.420     8     8     8            12     2.1
  TKY025  篠崎          35.714  139.897     7    11     3            12     2.1
  GNM002  水上          36.782  138.970    12     5     2            12     1.5
  IWT012  北上          39.321  141.138    11     6     2            12     1.9
  KNG206  平塚ST6       35.097  139.378    11    10     3            11     2.8
  YMT015  米沢          37.904  140.100    10    10     5            11     2.4
  KNG002  横浜          35.437  139.634    11     8     5            11     2.6
  SIT006  秩父          35.995  139.071     9     9     3            11     2.1
  SIT003  久喜          36.072  139.697     9    11     7            11     2.8
  TKY026  宇喜田        35.670  139.863     9    10     5            11     2.4
  YMTH15  西川東        38.426  140.125    10     7     4            11     2.5
  SIT004  長瀞          36.118  139.105     9    10     3            11     1.7
  NIGH06  加茂          37.653  139.068    10    10     5            11     2.4
  KNG001  川崎          35.529  139.706    10     9     4            11     2.4
  FKSH07  檜枝岐        37.010  139.375     8     8     3            11     1.3
  GNM008  前橋          36.348  139.137     9     6     2            10     2.2
  GNM006  吾妻          36.510  138.752     7    10     3            10     1.9
  SIT011  川口          35.810  139.721     9     8     3            10     2.3
  GNMH11  富岡          36.286  138.921     9     8     2            10     2.0
  YMT008  中村          38.386  139.992     8    10     4            10     2.4
  YMT013  小国          38.062  139.757     7     9     3            10     1.9
  CHB008  浦安          35.654  139.902     8     9     5            10     2.5
  YMTH14  西川西        38.386  139.992     8     9     4            10     2.4
  TKYH11  江東          35.611  139.812     8    10     4            10     2.2
  TKY017  辰巳          35.647  139.809     8     9     5            10     2.4
  YMTH07  米沢          37.896  140.028     7     9     4             9     2.1
  GNMH08  嬬恋          36.492  138.524     6     9     3             9     2.0
  TKY018  八枝          35.655  139.811     8     7     5             9     2.4
  CHB011  蓮沼          35.602  140.501     7     8     4             9     2.0
  TKY023  八広          35.725  139.825     7     7     4             9     2.3
  SIT007  東松山        36.054  139.391     7     8     2             9     1.6
  SITH10  都幾川        35.996  139.219     6     8     3             8     1.5
  NIGH10  上川          37.544  139.365     8     6     3             8     1.7
  TKY016  東雲          35.648  139.799     5     8     3             8     2.2
  NIGH02  朝日          38.280  139.549     8     5     5             8     2.6
  YMT012  長井          38.107  140.043     8     7     4             8     2.0
  TKY021  猿江          35.688  139.819     7     6     3             8     2.3
  TKY022  横網          35.687  139.796     8     7     4             8     2.3
  CHB009  千葉          35.608  140.102     8     6     4             8     1.9
  FKSH21  只見          37.342  139.315     8     7     3             8     1.9
  TKY014  亀戸          35.689  139.835     7     6     4             8     2.1
  YMT005  肘折          38.607  140.162     8     6     3             8     1.9
  TKY024  奥戸          35.740  139.862     7     6     4             8     2.1
  NIG014  三条          37.641  138.956     7     7     2             8     2.4
  GNM001  片品          36.772  139.225     7     6     4             8     1.0
  GNM007  渋川          36.462  139.010     7     6     3             8     2.0
  MYG006  古川          38.580  140.965     6     7     3             8     2.2
  CHBH10  千葉          35.546  140.242     6     6     3             7     1.8
  FKS028  只見          37.349  139.314     6     7     4             7     2.1
  NIG013  巻            37.764  138.883     6     7     1             7     2.2
  YMT009  寒河江        38.390  140.274     4     7     3             7     1.8
  TKY013  砂町          35.660  139.834     6     6     3             7     2.2
  CHBH14  銚子中        35.734  140.823     7     5     2             7     1.8
  NIG028  長岡支所      37.426  138.886     7     4     2             7     1.7
  MYG004  築館          38.729  141.022     7     5     2             7     1.6
  SITH05  神泉          36.151  139.050     7     6     2             7     1.6
  GNM016  万場          36.116  138.925     6     5     2             7     1.5
  TKY003  青梅          35.797  139.291     6     6     2             7     1.9
  MYG007  豊里          38.588  141.251     5     6     4             7     1.7
  NIG020  小出          37.233  138.962     5     6     2             7     1.4
  GNMH07  利根          36.700  139.210     6     6     3             7     1.2
  NIGH01  長岡          37.427  138.888     7     4     2             7     1.8
  SIT009  川越          35.903  139.483     6     6     4             7     1.6
  TKYH13  檜原南        35.702  139.127     4     6     2             7     0.9
  SITH07  名栗          35.912  139.149     6     6     2             7     1.2
  IWTH05  藤沢          38.865  141.351     5     5     2             7     1.1
  CHB014  姉崎          35.477  140.049     4     6     3             6     1.9
  NIG015  村松          37.694  139.189     4     4     5             6     1.8
  IWT026  相去          39.257  141.098     6     4     3             6     1.4
  YMTH03  南陽          38.103  140.155     5     6     3             6     1.4
  MYG003  東和          38.735  141.311     5     6     3             6     1.3
  SIT005  小川          36.056  139.263     5     6     3             6     1.5
  IWTH27  陸前高田      39.031  141.532     5     6     2             6     1.3
  YMTH13  朝日          38.470  139.761     5     4     2             6     1.1
  YMT007  東根          38.431  140.391     6     5     2             6     1.8
  AKTH06  雄勝          38.980  140.495     5     5     1             6     1.5
  CHB015  木更津        35.374  139.916     5     5     3             6     2.1
  KNG013  小田原        35.264  139.152     4     5     2             6     2.2
  NIG007  村上          38.230  139.486     5     5     2             6     1.8
  YMN009  六郷          35.496  138.463     6     4     1             6     1.8
  TKY007  新宿          35.711  139.686     4     6     2             6     1.6
  TKYH12  八王子        35.670  139.265     5     4     2             6     1.6
  SITH08  小鹿野        36.027  138.969     4     4     2             6     1.3
  NIG024  安塚          37.127  138.444     5     3     1             6     1.3
  YMT006  尾花沢        38.600  140.405     5     5     2             5     1.8
  GNM005  嬬恋          36.513  138.518     5     4     2             5     1.6
  FKS030  金山          37.453  139.513     5     4     2             5     1.4
  KNGH11  厚木          35.404  139.354     5     5     1             5     2.1
  MYGH05  小野田        38.579  140.780     5     5     3             5     1.6
  YMTH05  小国          37.988  139.802     4     5     2             5     1.6
  MYG011  牡鹿          38.305  141.504     4     5     2             5     1.2
  NIGH09  下田          37.539  139.128     5     3     2             5     1.6
  TKY020  塩浜          35.666  139.809     4     4     2             5     1.9
  CHB019  鋸南          35.111  139.835     5     4     2             5     2.1
  NIG009  新発田        37.951  139.338     5     4     1             5     1.8
  IWTH02  玉山          39.825  141.383     5     4     1             5     1.1
  KNG205  平塚ST5       34.941  139.421     5     5     1             5     1.9
  MYG009  大和          38.447  140.887     4     5     2             5     1.7
  SIT014  中津川        35.995  138.801     5     4     2             5     1.0
  SITH03  日高          35.899  139.384     4     4     2             5     1.5
  KNGH18  藤野          35.644  139.128     4     5     1             5     1.5
  IWTH26  一関東        38.969  141.001     4     4     1             5     1.2
  NIG025  直江津        37.161  138.224     4     4     2             5     1.6
  CHB016  岬            35.300  140.387     4     5     1             5     1.9
  KNG201  平塚ST1       34.596  139.918     5     4     0             5     1.8
  MYG005  鳴子          38.799  140.651     4     3     3             5     1.9
  NIG016  寺泊          37.642  138.768     4     4     1             5     1.6
  YMN002  大月          35.613  138.947     5     3     2             5     1.1
  TKY001  氷川          35.803  139.096     4     5     2             5     1.0
  KNG006  二俣川        35.454  139.539     5     3     1             5     1.6
  YMNH11  大月          35.625  138.978     4     4     2             5     1.6
  CHB022  富津          35.308  139.860     4     5     1             5     1.5
  TKY005  町田          35.578  139.416     4     4     2             5     1.6
  MYG001  気仙沼        38.901  141.568     5     4     2             5     1.3
  CHB013  茂原          35.433  140.291     3     4     2             4     1.6
  NGN014  小海          36.096  138.484     4     2     1             4     1.0
  TKY006  小金井        35.699  139.503     3     4     2             4     1.5
  IWTH04  住田          39.181  141.391     4     3     2             4     1.1
  YMTH12  立川          38.636  140.006     3     4     2             4     1.8
  NIGH05  聖籠          37.976  139.279     4     4     1             4     1.6
  CHB017  市場          35.299  140.076     4     3     2             4     1.7
  NIGH12  湯之谷        37.224  138.982     3     4     2             4     1.1
  GNM014  坂本          36.350  138.718     4     4     3             4     1.6
  TKY004  八王子        35.628  139.403     4     3     2             4     1.5
  IWT003  普代          40.008  141.886     3     4     1             4     1.6
  MYGH04  東和          38.786  141.325     3     4     1             4     0.8
  SITH04  所沢          35.803  139.535     4     3     2             4     1.5
  SIT013  所沢          35.797  139.466     3     4     2             4     1.4
  YMT003  鶴岡          38.729  139.801     3     3     1             4     1.7
  YMN005  甲府          35.655  138.568     3     3     1             4     1.6
  NIG022  塩沢          37.036  138.846     4     4     1             4     1.6
  IWTH28  一関西2       39.009  140.864     4     3     1             4     1.2
  NIG019  小千谷        37.304  138.812     4     4     2             4     1.2
  YMTH01  天童          38.384  140.381     4     4     2             4     1.6
  NIG021  十日町        37.128  138.747     3     4     2             4     1.3
  GNM004  草津          36.617  138.592     4     4     2             4     1.5
  YMN004  塩山          35.702  138.727     3     3     2             4     1.3
  NIG023  津南          37.015  138.653     4     3     1             4     1.2
  KNG004  三崎          35.144  139.622     4     3     1             4     1.5
  CHBH12  富津          35.344  139.855     3     3     1             4     1.6
  YMN001  丹波山        35.789  138.920     4     3     1             4     1.0
  NIGH14  塩沢          37.030  138.852     3     3     1             4     1.0
  KNG009  厚木          35.442  139.362     3     4     1             4     1.6
  IWT020  藪川          39.784  141.329     2     4     1             4     1.7
  SITH09  皆野          36.072  139.099     3     3     3             4     1.5
  TKYH02  府中          35.654  139.470     3     3     1             4     1.5
  NIG006  寒川          38.450  139.496     2     3     1             3     1.2
  NGN010  小諸          36.328  138.436     2     3     1             3     1.3
  CHB026  長南          35.387  140.237     3     3     2             3     1.3
  IWTH20  花巻南        39.343  141.047     3     3     1             3     1.5
  SIT012  飯能          35.840  139.321     3     3     1             3     1.0
  NIG018  柏崎          37.372  138.558     3     3     1             3     1.7
  NIG026  新井          37.023  138.251     3     2     1             3     1.0
  GNMH13  水上2         36.862  139.063     3     3     1             3     1.0
  MYGH06  田尻          38.591  141.071     3     3     2             3     1.3
  GNMH09  高山          36.621  138.907     2     3     1             3     1.3
  IWT017  門馬          39.634  141.438     3     2     1             3     0.7
  NGNH11  富士見        35.916  138.305     2     3     1             3     1.1
  NIG004  小木          37.821  138.280     3     2     1             3     1.0
  TKY002  桧原          35.730  139.145     3     2     2             3     0.6
  NGNH12  南牧          35.970  138.480     2     3     1             3     1.2
  IWT019  岩泉          39.849  141.803     3     3     1             3     1.2
  IWT013  遠野          39.337  141.538     3     3     2             3     1.0
  IWTH21  山田          39.473  141.934     2     3     1             3     0.8
  IWT014  石鳥谷        39.484  141.147     2     2     1             3     1.2
  YMT001  酒田          38.914  139.813     2     2     1             3     1.4
  KNG203  平塚ST3       34.798  139.643     2     3     1             3     1.3
  MYGH03  唐桑          38.921  141.638     2     2     1             3     0.5
  YMT017  新庄支所      38.791  140.313     2     2     1             3     1.4
  KNG204  平塚ST4       34.893  139.571     2     2     1             3     1.3
  KNG202  平塚ST2       34.740  139.839     2     3     1             3     1.4
  IWTH23  釜石          39.274  141.823     2     3     1             3    <0.5
  IWT010  一関          38.933  141.117     2     2     1             3     1.1
  NIG003  佐和田        37.998  138.323     2     2     1             3     1.1
  CHBH16  鴨川          35.138  139.965     2     2     1             3     1.4
  NGNH17  佐久          36.142  138.550     2     2     1             3     0.6
  YMTH08  八幡          38.970  140.033     2     2     1             3     1.5
  NIGH11  川西          37.173  138.744     2     2     1             3     1.2
  NGN016  富士見        35.913  138.223     2     2     1             2     1.3
  CHB020  鴨川          35.115  140.102     2     2     1             2     1.3
  GNM015  下仁田        36.229  138.758     2     2     1             2     0.6
  NIGH15  六日          37.053  138.995     2     1     1             2     0.8
  AKTH19  湯沢          39.191  140.471     2     2     1             2     1.1
  AOMH16  新郷          40.462  141.092     2     2     1             2     1.1
  IWT011  水沢          39.145  141.152     2     2     1             2     1.2
  YMNH08  西野原        35.690  138.734     2     2     1             2     1.0
  IWTH22  東和          39.334  141.302     2     2     1             2    <0.5
  NGN008  上田          36.402  138.249     2     1     1             2     1.0
  IWTH18  川井南        39.463  141.678     2     2     1             2    <0.5
  NIG017  長岡          37.442  138.843     2     2     1             2     1.1
  IWTH14  田老          39.743  141.909     2     1     1             2    <0.5
  YMT002  新庄          38.768  140.296     2     2     1             2     1.2
  YMN003  富士吉田      35.465  138.813     2     2     1             2     1.1
  SZOH42  修善寺        34.976  138.913     1     2     0             2     0.8
  NGNH16  茅野          35.947  138.185     2     2     1             2     0.7
  IWTH24  金ヶ崎        39.198  141.012     2     2     1             2     1.2
  NIGH13  牧            37.054  138.397     1     2     1             2     1.0
  NGNH19  川上          35.974  138.584     2     2     1             2     0.9
  YMN010  須玉          35.792  138.410     2     1     1             2     1.1
  CHBH11  養老          35.287  140.153     2     2     1             2     1.1
  SZO011  富士宮        35.213  138.602     2     2     1             2     1.0
  IWTH15  矢巾          39.615  141.093     2     2     1             2     0.9
  NGN015  諏訪          36.045  138.112     2     2     1             2     1.3
  KNG005  鎌倉          35.319  139.546     1     1     1             2     1.0
  IWTH08  久慈北        40.269  141.783     1     2     0             2     0.6
  NIGH18  妙高          36.943  138.259     1     2     1             2     0.8
  YMNH15  上九一色      35.532  138.605     1     2     1             2     0.5
  AKTH16  西仙北        39.545  140.348     2     1     1             2     0.9
  ISK002  正院          37.444  137.288     1     2     1             2     1.2
  SZOH35  伊東中        34.947  139.085     1     2     1             2     1.0
  NIGH19  湯沢          36.811  138.785     1     2     1             2     0.6
  CHB018  勝浦          35.158  140.322     2     1     1             2     0.8
  TKY008  岡田          34.785  139.391     1     1     1             2     0.5
  IWT002  久慈          40.182  141.764     2     1     1             2     0.9
  YMNH14  都留南        35.511  138.968     1     2     1             2    <0.5
  NGNH03  阿智2         35.479  137.735     2     1     0             2     0.6
  KNGH23  葉山          35.262  139.611     2     2     1             2     1.0
  SZO010  御殿場        35.309  138.935     2     2     1             2     1.2
  AKTH18  大森          39.355  140.387     1     1     1             2     1.1
  YMNH16  甲府2         35.742  138.565     1     2     1             2     0.7
  AKTH04  東成瀬        39.174  140.713     2     2     1             2    <0.5
  AKTH03  矢島          39.222  140.128     2     1     1             2     1.2
  KNG011  藤野          35.615  139.155     1     1     1             2     0.6
  SZO005  松崎          34.755  138.784     1     1     0             2     1.0
  KNGH20  松田          35.366  139.126     1     1     1             2     0.7
  KNG012  秦野          35.379  139.205     2     1     1             2     0.9
  NGNH33  生坂          36.460  137.964     1     1     0             1    <0.5
  AOMH13  八戸          40.579  141.445     1     1     0             1     0.9
  NIG002  両津          38.075  138.440     1     1     1             1     1.0
  AKT018  鳥海          39.194  140.190     1     1     1             1     0.8
  SZOH34  清水北        35.130  138.424     1     1     0             1    <0.5
  NGN007  杭瀬下        36.534  138.119     1     1     1             1     0.6
  YMNH10  早川北        35.535  138.309     1     1     0             1    <0.5
  YMNH12  増穂          35.562  138.449     1     1     1             1     0.6
  NGNH24  松川          35.615  137.880     1     1     1             1     0.6
  NIG005  松ヶ崎        37.920  138.498     1     1     0             1     0.6
  IWTH16  雫石          39.644  140.946     1     1     1             1     0.6
  CHBH17  勝浦東        35.171  140.340     1     1     1             1     0.7
  KNGH21  清川          35.463  139.215     1     1     1             1    <0.5
  AKTH01  西木北        39.815  140.579     1     1     1             1     0.5
  MYGH02  鳴子          38.859  140.651     1     1     1             1     0.5
  NGNH23  南木曽        35.606  137.611     1     1     0             1    <0.5
  AKTH05  鳥海          39.072  140.319     1     1     1             1    <0.5
  GIFH28  中津川        35.457  137.471     1     1     1             1     0.7
  IWTH03  岩泉          39.802  141.652     1     1     1             1    <0.5
  AKTH17  中仙          39.557  140.612     1     1     0             1     0.5
  SZOH37  芝川          35.203  138.566     1     1     0             1    <0.5
  NGNH27  信州新        36.577  138.048     1     1     0             1     0.5
  NGNH29  野沢温泉      36.910  138.441     1     1     0             1    <0.5
  IWTH17  川井北        39.644  141.598     1     1     1             1    <0.5
  AOMH17  名川          40.449  141.337     1     1     1             1    <0.5
  NGNH13  喬木          35.514  137.877     1     1     0             1    <0.5
  NGNH18  開田          35.932  137.595     1     1     0             1    <0.5
  ISKH03  内浦          37.346  137.244     1     1     0             1    <0.5
  IWTH06  二戸西        40.261  141.171     1     1     0             1    <0.5
  AOMH12  十和田湖東    40.585  141.155     1     1     0             1    <0.5
  NGNH21  伊那          35.831  137.924     1     1     1             1    <0.5
  YMNH09  早川          35.433  138.333     0     1     0             1    <0.5
  NIGH17  妙高高原      36.857  138.097     1     1     0             1     0.5
  AICH16  設楽          35.154  137.535     1     1     0             1    <0.5
  KNGH19  山北中        35.417  139.044     1     1     0             1    <0.5
  IWTH07  軽米          40.270  141.571     1     1     0             1    <0.5
  CHBH15  館山西        34.959  139.788     1     1     0             1    <0.5
  YMNH13  身延          35.351  138.420     1     1     0             1    <0.5
  CHBH20  鴨川南        35.088  140.100     0     0     0             1    <0.5
  GIFH20  下呂北        35.799  137.253     0     1     0             1    <0.5
  AKTH02  西木南        39.663  140.572     1     1     0             1    <0.5
  SZOH33  静岡南        35.015  138.353     0     0     0             1    <0.5
  ISKH01  珠洲          37.527  137.284     0     0     0             1    <0.5
  NGNH28  戸隠          36.708  138.096     1     1     1             1    <0.5
  NGNH54  飯田          35.449  138.006     1     1     0             1    <0.5
  SZOH38  函南          35.085  138.978     0     1     0             1    <0.5
  NGNH31  塩尻          36.118  137.939     1     1     0             1    <0.5
  IWTH09  久慈南        40.086  141.712     0     1     0             1    <0.5
  AICH17  豊根          35.184  137.727     1     0     0             1    <0.5
  NGNH22  長谷          35.795  138.082     1     1     0             1    <0.5
  SZOH39  西伊豆西      34.799  138.772     0     1     0             1    <0.5
  TYMH04  魚津          36.791  137.469     0     0     0             0    <0.5
  NGNH35  穂高          36.382  137.820     0     0     0             0    <0.5
  NGNH20  上松          35.787  137.717     0     0     0             0    <0.5
  SZOH32  龍山東        35.009  137.841     0     0     0             0    <0.5
  NGNH10  木祖          35.963  137.767     0     0     0             0    <0.5
  AOMH06  六ヶ所        40.966  141.374     0     0     0             0    <0.5
  NGNH34  大町中        36.533  137.820     0     0     0             0    <0.5
  AICH07  旭            35.219  137.404     0     0     0             0    <0.5
  NGNH25  南信濃        35.299  137.927     0     0     0             0    <0.5
  AICH21  南知多        34.740  136.939     0     0     0             0    <0.5
  NGNH30  奈川          36.064  137.685     0     0     0             0    <0.5
  SZOH30  水窪北        35.223  137.918     0     0     0             0    <0.5
  AOMH04  青森          40.852  140.676     0     0     0             0    <0.5
  GIFH03  根尾          35.633  136.613     0     0     0             0    <0.5
  GIFH27  美濃加茂      35.453  137.004     0     0     0             0    <0.5
  MIEH10  芸濃          34.822  136.424     0     0     0             0    <0.5
  AICH15  足助          35.139  137.336     0     0     0             0    <0.5
  SZOH53  掛川3         34.877  138.017     0     0     0             0    <0.5
  SZOH36  藤枝          34.914  138.201     0     0     0             0    <0.5
  AICH20  新城          34.898  137.488     0     0     0             0    <0.5
  GIFH11  八百津        35.486  137.246     0     0     0             0    <0.5
  MIEH01  四日市        34.985  136.456     0     0     0             0    <0.5
  AOMH01  大間          41.527  140.913     0     0     0             0    <0.5
  GIFH24  東白川        35.640  137.319     0     0     0             0    <0.5
  AICH11  春日井        35.306  137.057     0     0     0             0    <0.5