最大加速度リスト

地震発生時刻   2012/12/07-17:18:00.00
震央北緯       38.0°
震央東経       143.9°
震源深さ       49.0km
マグニチュード M7.3

  コード  観測点名      緯度    経度     最大加速度 (ガル) 三成分合成値 計測震度
　　　　　 　　         北緯    東経      N-S   E-W   U-D        (ガル)         
  IWTH02  玉山          39.825  141.383   315   207    82           343     4.8
  IBRH11  岩瀬          36.370  140.140   187   230    62           247     5.0
  MYG002  歌津          38.726  141.511   237   192    89           244     4.0
  FKS016  白河          37.123  140.191   196   195    48           220     4.5
  AOMH05  野辺地        40.856  141.103   151   147    41           207     4.3
  IWT001  種市          40.410  141.719   162   129    57           199     4.5
  TCG014  茂木          36.545  140.174   163   157    53           183     4.5
  TCGH16  芳賀          36.548  140.075   119   182    37           182     4.5
  IWT012  北上          39.321  141.138   177   148    52           179     4.7
  TCG009  今市          36.726  139.715   107   165    43           178     4.4
  IWT009  大東          39.019  141.403   167   128    52           171     3.7
  IWTH27  陸前高田      39.031  141.532   160   112   108           168     3.7
  IWTH01  二戸東        40.238  141.342   101   138    39           161     4.3
  IBR013  鉾田          36.159  140.489   109   133    64           158     4.3
  IWT026  相去          39.257  141.098   121   117    63           146     4.3
  MYG004  築館          38.729  141.022   145   100    62           146     4.0
  FKSH18  三春          37.489  140.538   130    94    49           145     4.1
  IBR005  笠間          36.385  140.237   132   120    59           143     4.5
  MYGH11  河北          38.516  141.342   139    95    50           139     3.7
  AOM011  三沢          40.680  141.367   120   104    53           135     4.2
  IWT021  西根          39.920  141.082   125   110    39           135     4.3
  FKSH20  浪江          37.491  140.987   122   129    41           131     4.5
  IBR004  大宮          36.552  140.410   121   103    40           131     3.9
  FKSH12  平田          37.217  140.570   123    93    52           130     4.2
  MYGH10  山元          37.941  140.892    91   117    39           130     4.0
  FKSH10  西郷          37.162  140.093    95   101    58           129     3.9
  IWT007  釜石          39.270  141.856   126   129    57           129     4.0
  TCGH13  馬頭          36.734  140.178   105   125    41           129     4.2
  IBR007  那珂湊        36.352  140.595   124    75    33           125     3.8
  IWTH14  田老          39.743  141.909   119    76    61           125     3.6
  IWTH20  花巻南        39.343  141.047   104   107    35           124     4.5
  AKTH14  鹿角          40.062  140.808   119    45    20           122     4.0
  MYG015  岩沼          38.105  140.870   113   117    38           121     4.5
  IWT019  岩泉          39.849  141.803   106    94    72           121     4.4
  AOM010  野辺地        40.872  141.142   106    92    40           120     4.1
  FKS004  飯舘          37.680  140.735   107    76    37           120     3.7
  IBRH12  大子          36.837  140.318   100    97    41           120     3.8
  IWT020  藪川          39.784  141.329    61   119    46           120     4.5
  MYG012  塩竈          38.318  141.019    87   100    60           119     4.1
  AOM012  八戸          40.514  141.481   102   118    41           119     4.0
  FKS019  二本松        37.603  140.437    77    98    39           116     3.9
  MYG001  気仙沼        38.901  141.568   115    97    57           116     4.1
  IBRH10  石下          36.111  139.989    77    89    40           113     4.4
  IWTH06  二戸西        40.261  141.171    80   109    40           113     3.7
  MYG007  豊里          38.588  141.251    91    86    54           112     4.0
  IBR003  日立          36.592  140.645    91   110    50           110     3.8
  IBRH16  山方          36.641  140.398   107   106    52           110     3.9
  IWT013  遠野          39.329  141.564    83    89    30           110     4.1
  IWTH22  東和          39.334  141.302    85   107    58           108     3.8
  FKS008  船引          37.436  140.567   106    85    36           108     3.8
  FKS001  相馬          37.795  140.920   105    90    55           108     4.1
  IBR006  水戸          36.369  140.453    85    86    43           106     3.8
  IBRH15  御前山        36.557  140.301    91    96    31           106     3.7
  IBR010  下妻          36.184  139.965    99   104    33           106     4.3
  FKS006  葛尾          37.503  140.759    84   100    41           106     4.1
  IWT018  盛岡          39.695  141.148    77    81    38           106     3.8
  MYG011  牡鹿          38.305  141.504   104    81    26           105     3.1
  AOMH12  十和田湖東    40.585  141.155    86    92    37           105     3.9
  IBR011  つくば        36.125  140.090    59    99    33           105     4.2
  IWTH04  住田          39.181  141.391    88   100    48           104     4.1
  MYGH04  東和          38.786  141.325    96    72    49           104     3.4
  MYG003  東和          38.735  141.311    81   102    57           104     3.6
  AOMH16  新郷          40.462  141.092    99    83    37           104     4.1
  IWTH19  花巻北        39.456  141.000    91    84    33           103     4.1
  IBRH17  霞ヶ浦        36.086  140.314    78    88    40           103     3.7
  FKS002  梁川          37.845  140.601    98    82    35           103     3.7
  IWTH26  一関東        38.969  141.001    90    92    46           102     3.9
  IWT017  門馬          39.634  141.438    82    72    40           100     3.7
  TCGH11  今市          36.708  139.769    73    97    37            98     3.7
  FKSH19  都路          37.470  140.723    84    96    36            98     3.8
  CHB003  白井          35.794  140.056    93    69    29            98     4.0
  IWTH05  藤沢          38.865  141.351    87    69    57            96     3.5
  TCG013  真岡          36.437  140.023    71    85    42            96     4.2
  IWTH23  釜石          39.274  141.823    85    81    48            96     3.3
  FKS010  広野          37.234  141.002    93    71    32            95     3.7
  IWTH12  九戸          40.153  141.424    77    75    59            94     3.7
  IWTH21  山田          39.473  141.934    88    91    43            94     3.6
  MYG010  石巻          38.429  141.282    93    70    32            93     4.2
  KNGH10  横浜          35.499  139.519    69    83    37            92     4.2
  IBR015  岩井          36.069  139.908    74    88    34            91     4.0
  IWTH18  川井南        39.463  141.678    72    89    54            91     3.3
  FKS017  須賀川        37.284  140.369    85    88    34            90     4.2
  FKSH11  矢吹          37.201  140.339    89    72    41            89     3.8
  MYG006  古川          38.580  140.965    60    89    49            89     4.1
  MYG013  仙台          38.266  140.929    79    81    37            88     4.0
  IBR001  大子          36.776  140.357    83    85    34            87     4.0
  MYG014  作並          38.318  140.636    74    72    28            86     3.9
  IBR016  取手          35.911  140.049    71    71    38            85     3.9
  AOM007  南通          41.226  141.396    66    83    26            85     4.2
  CHB001  野田          35.959  139.873    60    66    31            84     3.9
  TCGH10  大田原        36.858  140.023    58    68    37            84     3.7
  AKTH04  東成瀬        39.174  140.713    51    72    26            83     3.5
  TKCH07  豊頃          42.811  143.520    81    52    24            83     4.0
  FKS023  会津若松      37.477  139.929    59    82    18            83     4.1
  IWT025  大志田        39.517  140.830    60    75    16            82     3.6
  AOMH17  名川          40.449  141.337    79    81    40            82     3.8
  FKS005  原町          37.639  140.985    66    64    44            82     3.7
  TCGH12  氏家          36.696  139.984    78    58    30            81     3.7
  IBR008  下館          36.306  139.983    55    65    28            81     3.8
  IBR002  高萩          36.706  140.707    76    61    29            81     3.8
  FKS003  福島          37.761  140.480    78    66    33            80     3.9
  IBR017  江戸崎        35.954  140.319    75    53    36            80     3.5
  FKSH09  郡山          37.353  140.426    78    62    20            80     3.3
  IWTH28  一関西2       39.009  140.864    66    75    43            79     3.7
  FKS009  小野          37.278  140.635    67    73    33            79     3.3
  IBRH13  高萩          36.795  140.575    76    55    42            78     3.9
  IBR018  鹿嶋          35.977  140.632    61    76    24            78     3.7
  IWT014  石鳥谷        39.484  141.147    70    72    34            77     4.0
  FKS024  中野          37.396  140.132    69    67    32            77     4.4
  MYG017  角田          37.976  140.782    68    69    24            76     4.1
  AKTH17  中仙          39.557  140.612    57    75    22            76     3.8
  TCG006  小川          36.764  140.130    66    66    33            76     3.9
  KNG201  平塚ST1       34.596  139.918    73    74     5            75     4.0
  IWT016  川井          39.600  141.679    56    69    32            75     3.6
  IWTH15  矢巾          39.615  141.093    51    67    30            75     3.7
  IWT005  宮古          39.647  141.946    31    33    73            75     3.7
  HKD086  直別          42.854  143.858    63    72    28            75     3.9
  IBR012  石岡          36.190  140.287    56    72    40            74     3.9
  IBR014  土浦          36.073  140.195    65    73    33            74     3.8
  IWT024  二戸          40.263  141.290    71    64    25            74     3.6
  SITH06  川本          36.113  139.289    70    62    18            73     3.6
  AOM013  南部          40.412  141.280    44    67    15            73     3.6
  AOMH13  八戸          40.579  141.445    57    62    28            73     3.9
  IWTH03  岩泉          39.802  141.652    56    53    41            71     3.1
  FKSH17  川俣          37.664  140.597    39    68    23            71     3.7
  MYGH03  唐桑          38.921  141.638    60    60    48            71     3.0
  FKS018  郡山          37.396  140.362    53    61    30            71     3.9
  FKS011  いわき        37.091  140.904    70    59    38            71     3.7
  TCG012  小山          36.286  139.805    66    60    32            70     3.8
  SIT008  春日部        35.974  139.753    55    64    18            70     3.9
  HKD159  戸井          41.716  141.002    62    53    15            69     3.7
  IBUH01  追分          42.874  141.819    56    46    14            69     3.5
  CHB007  佐倉          35.723  140.227    67    56    28            69     3.6
  MYG005  鳴子          38.799  140.651    68    54    36            68     3.9
  KNG202  平塚ST2       34.740  139.839    53    58    23            67     3.8
  IBR019  北茨城        36.881  140.654    58    59    34            67     3.4
  SITH11  飯能          35.864  139.273    45    59    17            67     3.7
  IWTH08  久慈北        40.269  141.783    58    58    35            66     3.6
  IWT022  安代          40.101  141.052    64    53    18            66     3.6
  IBRH18  ひたちなか    36.363  140.620    60    60    34            66     3.5
  IWTH11  一戸          40.081  141.191    51    58    37            66     3.9
  FKS013  古殿          37.090  140.556    62    49    24            66     3.9
  IWT003  普代          40.008  141.886    57    55    33            66     3.9
  IWTH24  金ヶ崎        39.198  141.012    65    55    32            65     4.0
  TCG008  鹿沼          36.560  139.768    63    55    39            65     3.7
  IWT008  大船渡        39.081  141.708    65    50    26            65     3.3
  IWT010  一関          38.935  141.126    52    58    33            65     3.7
  FKS007  大熊          37.406  140.963    56    58    29            64     3.4
  SIT003  久喜          36.072  139.697    51    50    25            64     4.0
  TCGH14  粟野          36.551  139.615    53    62    19            64     3.1
  IWT011  水沢          39.145  141.152    45    60    33            63     3.7
  AOM024  蟹田          41.047  140.640    40    61    14            62     3.7
  IBRH07  江戸崎        35.952  140.330    61    34    20            61     4.5
  HKD126  鵡川          42.575  141.928    50    48     9            61     3.9
  MYG009  大和          38.447  140.887    52    57    31            60     3.7
  KNG205  平塚ST5       34.941  139.421    55    52     6            59     3.7
  HKD092  池田          42.928  143.448    53    58    13            59     3.5
  HKD091  浦幌          42.809  143.659    55    45    20            59     3.8
  TCG005  矢板          36.806  139.926    45    58    16            59     3.7
  HKD077  釧路          42.984  144.382    50    46    26            58     3.7
  FKSH14  いわき東      37.026  140.970    57    51    24            58     3.9
  GNM009  桐生          36.411  139.325    54    56    28            57     3.7
  HKD100  広尾          42.286  143.312    50    40     9            57     3.3
  AOM008  横浜          41.084  141.255    56    51    22            57     3.5
  AKT016  大曲          39.454  140.476    57    50    13            57     4.0
  FKS020  猪苗代        37.547  140.108    46    52    18            57     4.1
  GNM011  太田          36.291  139.361    49    53    16            57     3.8
  HKD109  浦河          42.168  142.767    43    45    10            56     3.6
  YMT006  尾花沢        38.600  140.405    52    46    14            56     3.7
  FKS012  勿来          36.907  140.793    47    36    25            55     3.6
  HKD127  追分          42.874  141.820    51    55     9            55     3.4
  CHB028  市川北        35.766  139.966    42    50    30            55     3.5
  IWTH09  久慈南        40.086  141.712    48    51    28            55     3.0
  FKS031  川内          37.336  140.813    51    45    27            55     3.4
  MYG016  白石          38.008  140.621    43    44    30            55     3.6
  GNMH12  神流          36.144  138.913    38    51    20            54     3.5
  YMTH06  高畠          37.963  140.184    34    53    17            54     3.6
  IWT023  葛巻          40.037  141.450    54    48    14            54     3.0
  FKSH08  長沼          37.282  140.214    46    39    21            54     3.5
  IBRH14  十王          36.692  140.548    48    41    40            54     2.8
  KSRH03  標茶北        43.385  144.628    49    44    19            54     3.2
  AOM006  川内          41.198  140.997    47    51    21            54     3.5
  KNG206  平塚ST6       35.097  139.378    49    53    13            54     3.9
  AOM014  子ノ口        40.437  140.941    47    34    26            53     3.7
  CHBH13  成田          35.831  140.298    51    43    23            53     3.6
  HKD080  弟子屈        43.508  144.448    51    37    17            53     3.2
  IWT002  久慈          40.182  141.764    42    50    17            52     3.5
  IWTH16  雫石          39.644  140.946    47    48    20            52     3.9
  IWTH07  軽米          40.270  141.571    47    36    25            52     3.3
  KSRH07  鶴居南        43.136  144.327    43    43    18            52     3.3
  NMRH05  別海西        43.390  144.802    35    51    17            52     3.3
  AOMH06  六ヶ所        40.966  141.374    41    40    16            52     3.3
  GNM012  伊勢崎        36.315  139.192    37    38    14            51     3.5
  MYGH09  白石          38.009  140.603    41    40    36            51     3.5
  TKY018  八枝          35.655  139.811    45    31    26            51     3.7
  KNG203  平塚ST3       34.798  139.643    42    40     7            50     3.3
  NMRH02  標津南        43.677  144.962    43    40    15            50     3.1
  SITH10  都幾川        35.996  139.219    40    38    13            50     3.1
  CHB004  佐原          35.901  140.490    42    41    20            49     3.4
  AKT014  角館          39.595  140.555    44    44    12            49     3.4
  TKY027  瑞江          35.693  139.891    30    40    15            48     3.6
  TKCH08  大樹          42.486  143.152    36    39    13            47     3.2
  TKCH05  本別          43.121  143.618    40    38    11            47     3.2
  MYGH08  岩沼          38.113  140.844    40    44    28            47     3.4
  AOMH11  十和田湖西    40.580  140.995    45    32    16            46     3.0
  AOM021  十和田        40.615  141.208    35    46    20            46     3.4
  HKD184  千歳          42.790  141.601    31    45    25            46     3.3
  SITH01  岩槻          35.929  139.735    36    41    12            46     3.6
  KSRH10  浜中          43.208  145.117    44    39    19            46     3.4
  AOMH18  田子          40.296  141.014    43    43    19            45     3.1
  HKD068  上西春別      43.411  144.770    42    34    15            45     3.3
  TCG003  藤原          36.814  139.715    34    40    14            44     3.1
  CHB002  松戸          35.787  139.903    41    38    25            44     3.4
  GNM013  高崎          36.318  139.018    36    41    10            44     3.6
  TKYH12  八王子        35.670  139.265    41    22    12            44     3.3
  IWTH17  川井北        39.644  141.598    39    40    24            44     2.9
  HKD128  早来          42.766  141.822    35    32    23            43     3.5
  SIT007  東松山        36.054  139.391    36    40    14            43     3.2
  TCG001  黒磯          36.942  140.083    30    39    23            43     3.5
  TCGH06  真岡          36.446  139.951    33    35    17            43     3.5
  CHBH04  下総          35.797  140.021    37    36    18            43     3.4
  KSRH02  阿寒南        43.114  144.123    31    42     8            42     3.2
  AKT011  宮田          39.813  140.580    32    39    13            42     3.2
  GNM010  館林          36.234  139.533    42    39    20            42     3.5
  IWTH13  葛巻          39.940  141.549    41    26    26            42     3.0
  SIT011  川口          35.810  139.721    37    39    10            42     3.6
  YMT015  米沢          37.904  140.100    39    40    20            42     3.6
  HKD071  厚床          43.233  145.260    38    35     9            42     3.2
  TCG011  葛生          36.387  139.614    30    34    15            41     3.0
  YMNH11  大月          35.625  138.978    33    41     9            41     3.4
  IBR009  古河          36.185  139.704    29    38    18            41     3.3
  AOM028  八甲田        40.700  140.919    30    39    17            41     3.4
  CHB012  東金          35.573  140.333    33    36    20            40     3.5
  SZO003  東伊豆        34.816  139.055    31    34    11            40     3.1
  MYGH06  田尻          38.591  141.071    30    38    31            40     3.1
  SIT006  秩父          35.995  139.071    33    34    15            40     3.3
  HKD074  納沙布        43.368  145.803    34    29    17            39     2.9
  CHB022  富津          35.308  139.860    34    37     8            39     3.0
  TCG016  北高岡        36.529  140.156    33    34    23            39     3.5
  HKD181  江別          43.116  141.546    34    37    18            39     3.6
  YMTH01  天童          38.384  140.381    37    26    13            39     3.2
  KSRH06  鶴居東        43.220  144.429    37    26    21            39     2.9
  HKD158  椴法華        41.834  141.141    38    33    22            39     3.6
  TKY022  横網          35.687  139.796    37    36    19            39     3.7
  YMTH02  山形          38.269  140.258    26    29    10            39     3.3
  IBUH06  室蘭          42.412  141.002    27    39    16            39     3.3
  IWT015  川尻          39.318  140.779    37    29    19            39     3.3
  KNG009  厚木          35.442  139.362    38    35    16            38     3.4
  AKTH16  西仙北        39.545  140.348    38    29    17            38     3.4
  YMTH04  上山          38.081  140.298    35    37    14            38     2.7
  SRCH09  栗山          43.059  141.806    29    33    12            38     3.3
  TKY024  奥戸          35.740  139.862    29    29    15            38     3.4
  AOM027  脇野沢        41.145  140.822    25    35    15            38     3.4
  YMTH07  米沢          37.896  140.028    34    31    12            38     3.4
  KSRH05  鶴居西        43.256  144.234    35    28    11            38     2.6
  KSRH09  白糠南        42.986  143.984    36    26    16            38     3.2
  CHB008  浦安          35.654  139.902    25    30    15            38     3.5
  TCG015  芹沼          36.749  139.714    33    33    21            38     3.2
  HKD066  標津          43.662  145.131    36    35    11            38     3.4
  SIT004  長瀞          36.118  139.105    38    36    11            38     2.8
  CHB006  成田          35.780  140.307    31    33    23            38     3.3
  AOM005  むつ          41.295  141.197    30    33    13            37     3.3
  AKTH19  湯沢          39.191  140.471    31    30     9            37     3.3
  HKD078  塘路          43.149  144.498    30    37    17            37     3.2
  CHB019  鋸南          35.111  139.835    35    24    14            37     3.7
  TKY025  篠崎          35.714  139.897    27    32    11            37     3.4
  GNM003  沼田          36.658  139.078    33    23    13            37     3.2
  HDKH07  様似          42.133  142.916    22    37     9            37     3.2
  SIT009  川越          35.903  139.483    34    29    14            37     3.1
  KNG002  横浜          35.437  139.634    25    33    16            36     3.5
  FKS014  矢祭          36.868  140.430    34    33    17            36     3.1
  TKY013  砂町          35.660  139.834    30    27    12            36     3.4
  TKY023  八広          35.725  139.825    28    29    15            36     3.5
  TCG010  足尾          36.635  139.438    32    28    14            36     2.9
  TCG007  宇都宮        36.569  139.886    26    35    14            35     3.0
  YMT007  東根          38.431  140.391    28    28    20            35     3.2
  CHB014  姉崎          35.477  140.049    29    30    17            35     3.5
  IBRH19  つくば        36.214  140.089    28    30    19            35     2.9
  TKY017  辰巳          35.647  139.809    35    29    19            35     3.5
  HKD084  阿寒          43.114  144.123    30    34     8            34     3.1
  YMTH11  最上          38.713  140.554    24    34    14            34     3.0
  NMRH03  中標津        43.551  144.966    34    31    12            34     3.0
  NMRH04  別海東        43.398  145.122    31    26    12            34     3.0
  TKY021  猿江          35.688  139.819    32    28    13            34     3.5
  AOM002  福浦          41.328  140.813    32    34     8            34     3.0
  HKD089  足寄          43.244  143.554    32    29     9            34     2.8
  TKY026  宇喜田        35.670  139.863    30    31    13            34     3.4
  CHB029  行徳          35.695  139.918    33    31    12            34     3.6
  HKD085  白糠          42.958  144.070    27    32    10            34     3.3
  HKD097  生花          42.618  143.421    29    20     8            34     3.0
  FKSH04  会津高田      37.451  139.813    30    29    11            34     3.3
  HKD063  相泊          44.106  145.248    33    18     6            34     3.1
  AOM003  大畑          41.405  141.169    33    28    16            34     3.3
  HKD090  本別          43.121  143.618    31    30    10            33     3.0
  KNG013  小田原        35.264  139.152    26    32    24            33     3.6
  AKTH02  西木南        39.663  140.572    32    24     9            33     2.9
  TKY015  東白鬚        35.731  139.812    32    33    16            33     3.4
  TKY005  町田          35.578  139.416    28    24    12            33     3.2
  SIT010  大宮          35.907  139.648    24    27    16            33     3.6
  HKD099  新得          43.074  142.839    25    31    11            33     3.1
  CHB015  木更津        35.374  139.916    31    24    17            33     3.5
  HKD125  穂別          42.761  142.135    23    32     8            32     3.2
  YMT005  肘折          38.607  140.162    24    26    27            32     3.1
  CHB017  市場          35.299  140.076    28    20    11            32     3.1
  TKY014  亀戸          35.689  139.835    25    27    11            32     3.4
  IBRH20  波崎2         35.828  140.732    28    30    10            32     3.3
  HKD073  根室          43.333  145.600    27    28    10            32     2.6
  TKY003  青梅          35.797  139.291    27    31     9            32     3.3
  SITH05  神泉          36.151  139.050    22    31     8            32     2.5
  IKRH02  新篠津        43.220  141.652    28    26     8            32     3.5
  IWTH10  安代          40.139  140.953    28    24    11            32     2.8
  AOM023  中里          40.968  140.433    18    31     8            31     3.3
  SIT002  熊谷          36.148  139.388    25    23    11            31     3.3
  HKD069  別海          43.394  145.117    30    27    11            31     3.0
  HKD072  落石          43.195  145.521    28    25     7            31     2.9
  TKY008  岡田          34.785  139.391    30    22    11            31     2.8
  KNG204  平塚ST4       34.893  139.571    23    26     8            31     3.1
  AKTH13  阿仁          39.982  140.407    26    23     7            31     2.5
  KNG001  川崎          35.529  139.706    25    28    17            30     3.3
  HKD110  様似          42.131  142.935    27    26     8            30     3.3
  KNGH18  藤野          35.644  139.128    22    25    11            30     3.0
  CHB009  千葉          35.608  140.102    28    17    13            29     3.2
  AKT012  田沢湖        39.699  140.718    28    25    10            29     2.9
  HKD083  鶴居          43.233  144.325    24    28    12            29     2.7
  GNM008  前橋          36.348  139.137    26    20     9            29     3.1
  AKT023  椿台          39.146  140.717    24    20    14            29     3.0
  TKY028  越中島        35.669  139.789    29    28    13            29     3.4
  IKRH03  千歳          42.888  141.640    16    27     5            29     3.0
  TKY004  八王子        35.628  139.403    25    25    10            29     3.1
  HKD103  幌毛志        42.727  142.297    22    21    11            29     3.1
  HKD129  苫小牧        42.634  141.606    20    28     9            28     3.1
  AKT006  鹿角          40.215  140.787    25    24    11            28     3.0
  HDKH03  門別東        42.593  142.352    22    27     6            28     2.8
  TKCH04  新得南        43.174  142.918    24    27     8            28     3.0
  CHB010  八日市場      35.708  140.568    25    22    10            28     3.2
  AKTH18  大森          39.355  140.387    23    21    14            28     3.2
  FKS015  棚倉          37.022  140.377    25    25    12            27     3.0
  KNG004  三崎          35.144  139.622    22    26     8            27     2.9
  KNGH11  厚木          35.404  139.354    25    27     8            27     3.4
  HKD112  えりも岬      41.937  143.240    20    25     6            27     2.7
  SIT005  小川          36.056  139.263    19    25    10            26     2.9
  HKD067  中標津        43.555  144.973    26    24    11            26     2.9
  MYGH02  鳴子          38.859  140.651    24    25    13            26     2.8
  YMN009  六郷          35.496  138.463    24    18     7            26     3.2
  CHB024  稲毛          35.633  140.078    26    23    12            26     3.2
  GNM001  片品          36.772  139.225    24    20    14            26     2.2
  AOM009  六ヶ所        40.967  141.373    24    25    15            25     3.1
  TCGH07  栗山西        36.882  139.453    16    24     7            25     2.5
  YMT008  中村          38.386  139.992    13    25    13            25     3.0
  SIT001  本庄          36.243  139.194    20    17     7            25     3.1
  TKY016  東雲          35.648  139.799    20    24    14            25     3.3
  HKD180  札幌          43.139  141.351    18    21     6            25     2.9
  HKD098  大樹          42.498  143.279    22    22    16            25     2.9
  YMT011  上山          38.150  140.267    23    22    11            25     3.3
  CHB005  銚子          35.736  140.830    24    20    10            25     3.0
  YMTH14  西川西        38.386  139.992    13    24    13            24     3.0
  SZO011  富士宮        35.213  138.602    15    23     6            24     2.8
  FKS022  西会津        37.600  139.647    19    17    10            24     3.2
  CHB020  鴨川          35.115  140.102    19    24    13            24     3.2
  TCGH09  矢板          36.862  139.836    23    20    16            24     2.8
  GNM016  万場          36.116  138.925    24    14     5            24     2.4
  HKD135  壮瞥          42.553  140.887    16    18     9            24     2.8
  KNG008  相模原        35.575  139.327    23    21    13            24     2.8
  AKT001  小坂          40.328  140.743    23    19     6            24     2.6
  CHBH19  蓮沼          35.594  140.511    19    19    11            24     3.1
  HKD132  室蘭          42.348  141.032    21    23     7            24     3.1
  CHB011  蓮沼          35.602  140.501    19    23    10            23     3.1
  HKD076  厚岸          43.051  144.850    15    23    10            23     3.1
  TKY020  塩浜          35.666  139.809    19    23    13            23     3.2
  HKD108  三石          42.253  142.564    23    19     6            23     2.8
  SITH07  名栗          35.912  139.149    17    23     7            23     2.5
  HKD185  支笏湖畔      42.776  141.402    20    21    11            23     2.8
  SITH08  小鹿野        36.027  138.969    21    20     7            23     2.8
  AOM004  尻屋          41.409  141.449    20    13     6            22     2.3
  HKD121  美唄          43.333  141.855    17    18     4            22     2.8
  HDKH06  静内          42.350  142.357    19    19    11            22     3.1
  SIT013  所沢          35.797  139.466    20    22     9            22     2.9
  YMN002  大月          35.613  138.947    22    19     8            22     2.6
  SZO002  伊東          34.965  139.103    17    19     9            22     2.7
  AKT002  大館          40.268  140.566    15    21     6            22     3.0
  AOMH03  川内          41.234  140.990    19    16    15            22     2.8
  KKWH08  占冠          43.041  142.656    20    18     5            22     2.9
  HKD075  浜中          43.077  145.130    13    20    10            22     2.3
  TCG002  塩原          36.990  139.803    16    20     7            22     2.8
  HKD106  静内          42.341  142.369    21    15     6            21     2.9
  GNM007  渋川          36.464  139.009    18    17     8            21     3.0
  KNG014  山北          35.361  139.083    17    21     8            21     2.8
  SZOH42  修善寺        34.976  138.913    18    21     6            21     2.9
  CHB018  勝浦          35.158  140.322    21    15     9            21     2.6
  YMT014  下屋地        37.921  139.870    12    14    14            21     2.6
  HKD095  帯広          42.931  143.214    17    17     7            21     2.7
  HKD134  大滝          42.671  141.079    15    18     6            21     2.6
  FKS025  下郷          37.308  139.900    16    15    18            21     2.5
  GNM006  吾妻          36.510  138.752    17    19    11            20     2.5
  AOM022  東田沢        40.992  140.916    19    15     8            20     2.7
  TKY006  小金井        35.699  139.503    18    18    10            20     3.0
  AKT018  鳥海          39.194  140.190    20    17    12            20     2.8
  YMN004  塩山          35.702  138.727    18    19     8            20     2.8
  HKD182  広島          42.992  141.552    14    17     7            20     2.7
  KSRH08  白糠北        43.160  143.894    14    18     6            20     2.6
  HKD105  門別          42.483  142.054    17    18     8            20     3.0
  HDKH04  門別西        42.513  142.038    15    20     7            20     3.0
  HKD070  本別海        43.385  145.284    19    17     8            20     2.7
  AKTH12  五城目        39.916  140.222    12    17     6            20     2.7
  CHB016  岬            35.300  140.387    19    19     7            19     3.1
  TCG004  湯元          36.806  139.420    13    16    11            19     2.5
  HKD079  標茶          43.303  144.600    14    14    11            19     2.5
  HKD124  由仁          42.999  141.790    18    13     4            19     2.5
  FKS029  桧枝岐        37.016  139.380    17    17     3            19     1.9
  YMTH15  西川東        38.426  140.125    16    16    14            19     3.0
  GNMH11  富岡          36.286  138.921    18    13     7            19     2.5
  AKT013  協和          39.607  140.321    18    12     9            19     2.9
  HKD087  二股          43.150  143.892    14    18     7            19     2.4
  CHBH10  千葉          35.546  140.242    15    18     9            19     2.8
  HKD157  南茅部        41.905  140.970    18    13     5            19     2.3
  CHBH14  銚子中        35.734  140.823    18    15     8            19     2.9
  FKSH03  高郷          37.608  139.753    17    14     9            19     3.1
  KNG006  二俣川        35.454  139.539    17    18     6            19     2.8
  GNMH14  みどり        36.493  139.322    15    15    11            19     2.4
  AKTH01  西木北        39.815  140.579    12    15    10            19     2.8
  SITH03  日高          35.899  139.384    16    14     8            19     3.0
  CHBH16  鴨川          35.138  139.965    15    17     6            19     2.9
  TKYH13  檜原南        35.702  139.127    13    18     7            18     2.0
  ABSH13  留辺蘂        43.742  143.451    17    16     9            18     2.9
  YMT013  小国          38.062  139.757    14    18     7            18     2.8
  HKD120  月形          43.344  141.663    17    13     6            18     2.6
  AOM020  青森          40.819  140.750    18    16     9            18     3.1
  FKS027  滝原          37.070  139.681    15    14     6            18     2.0
  SZO013  清水          35.041  138.476    13    18     7            18     3.1
  ABSH07  白滝          43.849  143.086    18    15     8            18     2.7
  CHB013  茂原          35.433  140.291    12    16     8            18     2.8
  ABSH12  小清水        43.857  144.457    16    16     4            18     2.6
  TKCH06  芽室          42.892  143.060    16    17     8            18     2.7
  YMT003  鶴岡          38.729  139.801    12    14     6            18     2.9
  HKD131  登別          42.421  141.081    15    12     8            18     2.4
  CHB026  長南          35.387  140.237    15    14     9            18     2.7
  TKCH11  清水          42.874  142.883    16    16     9            17     2.4
  NGNH11  富士見        35.916  138.305    13    17     6            17     2.7
  HKD088  陸別          43.472  143.748    15    17     4            17     2.6
  AOMH09  岩木          40.620  140.350     8    16     3            17     2.6
  YMN005  甲府          35.655  138.568    15    15     6            17     2.9
  YMT017  新庄支所      38.791  140.313    14    13    11            17     2.8
  HKD160  函館          41.770  140.738    17    13     9            17     3.0
  AOMH04  青森          40.852  140.676    16    16     6            17     2.8
  KNGH20  松田          35.366  139.126    12    15     7            17     2.5
  TKCH01  陸別          43.468  143.683    14    17     8            17     2.6
  TCGH08  栗山東        36.883  139.646    13    13    10            17     2.3
  KNG010  平塚          35.336  139.350    15    15     8            17     3.0
  HKD179  当別          43.224  141.517    12    16     4            17     2.9
  AKTH03  矢島          39.222  140.128    15    12     7            17     2.9
  IBUH05  白老          42.563  141.350    15     9     6            17     2.3
  YMT010  山形          38.260  140.349    16    14    12            16     2.7
  YMTH08  八幡          38.970  140.033    12    12     9            16     2.7
  AKT015  本荘          39.383  140.050    14    13     6            16     2.9
  SZOH35  伊東中        34.947  139.085    12    16     7            16     2.7
  SZO001  熱海          35.142  139.079    16    15     4            16     1.9
  TKY009  波浮港        34.687  139.441    15    16     9            16     2.4
  CHBH12  富津          35.344  139.855    15    14     5            16     2.7
  CHB021  白浜          34.908  139.898    11    15     5            16     2.3
  NGN016  富士見        35.913  138.223    13    12     5            16     3.0
  HKD133  伊達          42.473  140.866    16    13     5            16     2.7
  AKTH10  大館          40.300  140.581    15     8     4            16     2.6
  HDKH02  平取東        42.706  142.405    16    14     8            16     2.8
  TKY010  新島          34.378  139.257    14    10     6            16     2.6
  AKT017  横手          39.297  140.563    15    15    11            16     2.7
  YMN001  丹波山        35.789  138.920    12    11     5            16     2.1
  GNM002  水上          36.782  138.970    15    13     3            16     2.0
  AKTH06  雄勝          38.980  140.495    15    13    10            16     2.4
  YMT009  寒河江        38.390  140.274    14    15     8            16     2.7
  AKTH15  協和          39.688  140.407    14    14     8            16     2.4
  YMTH12  立川          38.636  140.006    13    11     9            16     2.7
  HDKH01  平取西        42.703  142.230    14    13     4            16     2.6
  KSRH01  阿寒北        43.436  144.084    14    12     6            15     2.7
  YMN003  富士吉田      35.465  138.813    11    14     7            15     2.6
  GNMH08  嬬恋          36.492  138.524    13    13     7            15     2.8
  IBUH07  大滝          42.648  141.064    12    13     5            15     2.8
  GNMH07  利根          36.700  139.210    12    14     7            15     2.3
  NIG012  鹿瀬          37.686  139.477    14    13     7            15     2.9
  AKT022  玉川          39.774  140.667    14    13     7            15     2.5
  AKT010  秋田          39.722  140.100    12    11     5            15     2.7
  HKD176  四番川        43.532  141.592    11    14     3            15     2.5
  YMT012  長井          38.107  140.043    12    13     7            15     2.6
  YMNH08  西野原        35.690  138.734    12    13     6            15     2.6
  YMNH14  都留南        35.511  138.968    11    15     6            15     2.0
  YMT002  新庄          38.768  140.296    13    13     9            14     2.6
  HKD093  糠平          43.319  143.305    12    10     7            14     2.4
  AOM025  今別          41.179  140.480    11    14     5            14     2.6
  FKS026  南郷          37.266  139.539    12    14     7            14     2.5
  KNG012  秦野          35.379  139.205    13    12     6            14     2.5
  AOM026  小泊          41.128  140.311    13    13     3            14     2.7
  HKD053  留辺蘂        43.785  143.607    11    13     6            14     2.4
  NGNH19  川上          35.974  138.584    14    10     6            14     2.4
  SZO010  御殿場        35.309  138.935    11    12     7            14     2.9
  HKD130  白老          42.563  141.350    12     8     6            14     2.2
  HKD064  羅臼          44.020  145.189    13    13     8            14     2.5
  SIT012  飯能          35.840  139.321     8    10     5            14     2.1
  TKCH03  足寄西        43.271  143.432    13    11     6            14     2.3
  HKD096  中札内        42.697  143.136    12    13     6            14     2.5
  SITH04  所沢          35.803  139.535    13    12     6            14     2.5
  HKD113  目黒          42.129  143.315    10    11     4            13     2.0
  HKD122  岩見沢        43.197  141.775    12    13     8            13     2.8
  HKD038  南富良野      43.167  142.566    13    11     5            13     2.5
  AKT019  雄勝          39.038  140.451    11    10     7            13     2.3
  HKD062  富士見        43.675  143.309    12     9     3            13     2.0
  SIT014  中津川        35.995  138.801    11    11     5            13     2.0
  HKD094  士幌          43.169  143.241    12    13     8            13     2.3
  AOMH01  大間          41.527  140.913    12    11     4            13     2.4
  HKD056  置戸          43.671  143.578     8    13     4            13     1.9
  NGNH12  南牧          35.970  138.480    10    11     7            13     2.7
  GNMH13  水上2         36.862  139.063    13    11     4            13     2.3
  NGNH37  御代田        36.331  138.497    10    11     5            13     2.4
  YMT001  酒田          38.914  139.813    12    11     5            13     2.8
  NGN015  諏訪          36.045  138.112    11    12     5            13     3.0
  TKY001  氷川          35.803  139.096     9    12     6            12     2.0
  NGN014  小海          36.096  138.484    12     7     4            12     2.1
  NIG011  新津          37.801  139.144    12     8     5            12     2.7
  HKD082  阿寒湖畔      43.437  144.085    11    10     6            12     2.7
  TKCH02  足寄東        43.382  143.898    12    11     6            12     2.2
  HKD162  福島          41.486  140.247     9    10     4            12     2.1
  NMRH01  標津北        43.785  145.025    11    12     6            12     2.2
  TKY002  桧原          35.730  139.145    10    12     5            12     2.0
  AOM015  碇ヶ関        40.474  140.631     8    11     6            12     2.4
  AKT005  能代          40.203  140.029    12    10     4            12     2.9
  NIGH04  関川          38.131  139.543    11     8     6            12     2.7
  NGNH16  茅野          35.947  138.185    10    10     5            12     2.3
  AOM016  弘前          40.602  140.499    10     9     4            12     2.7
  KNG007  藤沢          35.339  139.490    11    11     7            12     2.6
  GNM005  嬬恋          36.513  138.518     9     9     5            12     2.6
  ABSH14  美幌          43.723  144.184    10     9     4            12     2.3
  YMN006  本栖          35.468  138.607     8    11     4            12     2.4
  AKTH07  小坂          40.456  140.839    10    11     7            12     2.5
  ABSH09  斜里南        43.927  144.807     8    11     5            12     2.0
  HKD156  七飯          41.900  140.696     8    10     3            11     2.2
  SBSH07  真狩          42.763  140.808    10    10     5            11     2.5
  GNM014  坂本          36.350  138.718     9    11     6            11     2.5
  YMTH05  小国          37.988  139.802    11    10    10            11     2.5
  SRCH07  三笠          43.230  141.898    11    10     3            11     2.3
  AOM019  五所川原      40.815  140.447    11     9     5            11     2.7
  AKTH09  田代          40.276  140.460    10     9     6            11     2.6
  YMTH03  南陽          38.103  140.155     9    11     6            11     2.0
  SRCH08  砂川          43.514  141.909    10     8     7            11     2.6
  AOMH14  西目屋        40.549  140.273     8    10     3            11     2.3
  ABSH15  置戸東        43.635  143.510     9    11     6            11     2.1
  KNG003  横須賀        35.273  139.658    11    10     6            11     2.2
  AKT020  象潟          39.202  139.909    10     9     6            11     2.7
  CHBH11  養老          35.287  140.153    10    10     7            11     2.6
  GNM004  草津          36.617  138.592    10     9     6            11     2.5
  HKD055  美幌          43.824  144.109     9     6     3            11     2.4
  NIGH08  津川          37.671  139.465    10     8     6            11     2.8
  TKY012  八丈          33.119  139.799     9    11     5            11     2.2
  HKD065  薫別          43.794  145.056     9     8     4            11     2.0
  SBSH08  喜茂別        42.768  140.977    10     9     4            11     2.4
  AKT008  飯田川        39.883  140.072    10     9     4            11     2.7
  FKS028  只見          37.349  139.314     8     9     4            11     2.6
  KNGH21  清川          35.463  139.215     9     8     6            11     2.0
  SZOH34  清水北        35.130  138.424    11     9     4            11     2.4
  SRCH10  夕張          42.993  142.008    11     8     3            11     2.4
  HKD048  湧別          44.220  143.615     8     9     3            11     2.5
  HKD155  鹿部          42.044  140.806     9    10     4            11     2.2
  AKTH05  鳥海          39.072  140.319    10     9     5            10     1.9
  FKSH21  只見          37.342  139.315     7     9     3            10     2.3
  SZO028  川奈          34.952  139.138     6     9     5            10     2.1
  YMN010  須玉          35.792  138.410     9     9     6            10     2.5
  TKCH10  新得北        43.334  142.945     9     6     3            10     1.9
  KNG005  鎌倉          35.319  139.546     9     9     5            10     2.3
  NIGH06  加茂          37.653  139.068     8     9     4            10     2.1
  HKD161  木古内        41.679  140.433     8     8     5            10     2.5
  AKT003  藤里          40.278  140.263     9     9     6            10     2.7
  HKD146  ニセコ        42.808  140.688    10     8     4            10     2.5
  HKD061  ウトロ        44.070  144.997    10     6     3            10     1.7
  KNGH23  葉山          35.262  139.611     8     6     4            10     2.2
  CHBH17  勝浦東        35.171  140.340     7     9     6            10     2.0
  HKD123  夕張          42.993  142.008    10     8     3            10     2.4
  NIG007  村上          38.230  139.486     9     8     5            10     2.6
  HKD178  石狩          43.172  141.305    10     7     3            10     2.4
  FKSH02  熱塩加納      37.732  139.882     9     8     6            10     2.3
  CHB025  千倉          34.971  139.946     9     8     5            10     2.2
  NIGH02  朝日          38.280  139.549     9     9     7            10     2.6
  HKD059  小清水        43.856  144.463     9     9     4             9     2.2
  HKD118  滝川          43.552  141.917     8     9     3             9     2.5
  HKD154  森            42.096  140.563     8     8     4             9     2.0
  KKWH14  中富良野      43.384  142.524     9     7     5             9     2.1
  HKD060  斜里          43.914  144.666     6     9     3             9     2.2
  HKD081  川湯          43.643  144.390     9     9     6             9     2.1
  SZO008  沼津          35.096  138.866     7     8     4             9     2.2
  ABSH11  女満別        43.914  144.191     8     6     4             9     2.2
  OSMH02  上磯          41.837  140.633     9     7     4             9     2.5
  SZOH38  函南          35.085  138.978     7     7     4             9     1.9
  HKD057  津別          43.706  144.027     8     8     3             9     2.1
  HDKH05  新冠          42.598  142.545     8     7     3             9     2.1
  AKTH08  藤里          40.319  140.234     9     6     3             9     2.3
  ABSH06  湧別北        44.215  143.620     8     7     2             9     2.3
  YMNH15  上九一色      35.532  138.605     7     8     4             9     1.9
  TKY029  三宅          34.075  139.479     5     8     3             9     2.2
  SZO005  松崎          34.755  138.784     8     7     3             9     2.4
  OSMH01  知内          41.598  140.421     8     9     4             9     2.6
  NIG013  巻            37.764  138.883     9     5     2             9     2.4
  AOM001  大間          41.527  140.924     6     8     3             9     2.1
  FKSH06  伊南          37.172  139.520     8     6     4             9     1.8
  NIG008  中条          38.053  139.405     9     7     4             9     2.3
  KNG011  藤野          35.615  139.155     7     8     4             8     2.0
  HKD136  豊浦          42.589  140.644     7     8     3             8     1.9
  NIGH03  荒川          38.133  139.429     8     7     3             8     2.4
  AOMH15  大鰐          40.484  140.556     6     8     4             8     2.1
  YMNH12  増穂          35.562  138.449     8     7     4             8     2.1
  AOMH08  鰺ヶ沢        40.762  140.312     8     8     3             8     2.2
  SZO014  静岡          34.965  138.374     7     7     1             8     2.4
  HKD102  日高          42.877  142.448     8     7     4             8     2.4
  HKD169  木間内        41.935  140.369     7     7     4             8     2.4
  FKS021  喜多方        37.654  139.863     7     8     5             8     2.4
  SZOH37  芝川          35.203  138.566     8     7     2             8     1.9
  KKWH11  和寒          43.975  142.283     6     8     1             8     2.1
  NGNH18  開田          35.932  137.595     6     7     2             8     1.9
  NGN024  飯田          35.523  137.837     6     7     3             8     2.3
  AKT009  男鹿          39.888  139.847     6     7     3             8     2.5
  RMIH05  小平西        44.025  141.788     4     7     1             8     2.0
  SZO012  蒲原          35.127  138.621     7     7     2             8     2.1
  SRCH06  深川南        43.695  142.078     5     6     3             8     2.1
  HKD054  北見          43.800  143.901     7     5     4             8     2.2
  ISK005  穴水          37.231  136.904     3     8     4             8     1.9
  GNMH09  高山          36.621  138.907     5     7     5             8     2.3
  HKD022  増毛          43.852  141.528     5     8     4             8     2.4
  CHB027  勝浦北        35.181  140.266     7     7     4             8     2.1
  HKD111  えりも        42.017  143.149     5     7     4             8     1.9
  HKD145  喜茂別        42.798  140.936     7     5     3             7     1.9
  HKD107  農屋          42.419  142.499     6     6     4             7     2.1
  AOM029  西目屋        40.576  140.297     7     5     3             7     2.2
  HKD142  赤井川        43.085  140.820     6     6     2             7     2.2
  NGNH21  伊那          35.831  137.924     6     7     4             7     2.3
  NGNH24  松川          35.615  137.880     6     6     4             7     2.3
  KNGH19  山北中        35.417  139.044     6     7     3             7     1.8
  HKD040  占冠          42.980  142.399     7     7     4             7     2.2
  HKD104  平取          42.589  142.131     7     6     5             7     2.0
  YMNH10  早川北        35.535  138.309     7     5     3             7     1.8
  HKD023  雄冬          43.773  141.369     5     5     2             7     1.9
  GNM015  下仁田        36.229  138.758     7     7     3             7     1.5
  NIG010  新潟          37.915  139.011     6     6     4             7     2.2
  AKT007  琴丘          40.038  140.092     5     6     2             7     2.3
  SZO007  修善寺        34.977  138.947     7     7     2             7     1.3
  NIG014  三条          37.641  138.956     6     6     2             7     2.4
  NIGH10  上川          37.544  139.365     7     4     3             7     2.0
  FKSH07  檜枝岐        37.010  139.375     5     7     2             7     1.2
  HKD116  沼田          43.801  141.934     6     5     5             7     2.4
  HKD144  倶知安        42.906  140.767     5     5     3             7     2.2
  CHBH20  鴨川南        35.088  140.100     5     4     4             7     2.2
  NIGH19  湯沢          36.811  138.785     6     5     3             7     1.9
  YMNH16  甲府2         35.742  138.565     5     6     4             7     1.8
  NIG006  寒川          38.450  139.496     6     6     2             7     1.8
  NGN008  上田          36.402  138.249     5     6     2             7     2.5
  AKT021  阿仁          39.995  140.403     5     6     3             7     2.0
  HKD139  余市          43.197  140.782     6     5     3             7     1.8
  NIG028  長岡支所      37.426  138.886     5     5     3             7     2.0
  NIG009  新発田        37.951  139.338     6     5     3             6     2.2
  SBSH03  赤井川        43.084  140.820     5     5     3             6     2.2
  HKD177  厚田          43.400  141.435     6     6     3             6     2.0
  CHBH15  館山西        34.959  139.788     6     6     3             6     1.9
  YMTH13  朝日          38.470  139.761     5     5     4             6     1.6
  SZOH39  西伊豆西      34.799  138.772     4     6     2             6     1.7
  YMT016  清川          38.789  140.018     6     5     5             6     2.0
  HKD039  富良野        43.342  142.385     5     5     3             6     2.3
  NGN010  小諸          36.328  138.436     5     6     3             6     2.2
  SZOH54  初島2         35.042  139.168     6     4     3             6     1.7
  HKD058  網走          44.020  144.273     4     6     2             6     2.1
  ABSH08  斜里北        44.064  144.994     5     6     2             6     1.4
  KKWH07  富良野        43.370  142.341     5     6     2             6     1.9
  NGN022  南木曽        35.608  137.613     6     4     2             6     1.9
  FKS030  金山          37.453  139.513     6     4     3             6     1.9
  HKD119  芦別          43.520  142.191     4     5     4             6     2.0
  HKD117  深川          43.724  142.053     4     6     2             6     2.2
  NIGH11  川西          37.173  138.744     5     6     3             6     2.3
  HKD151  長万部        42.494  140.354     5     5     2             6     2.0
  SZO016  焼津          34.857  138.311     6     4     2             6     2.4
  HKD021  留萌          43.941  141.637     4     5     2             6     1.9
  HKD041  天人峡        43.625  142.684     5     4     4             6     2.1
  NIG022  塩沢          37.036  138.846     5     5     2             6     2.1
  AOM018  鯵ヶ沢        40.778  140.198     4     5     2             6     2.2
  NGN021  駒ヶ根        35.730  137.934     6     4     3             6     2.1
  NIG025  直江津        37.161  138.224     5     4     2             5     2.0
  SZO018  榛原          34.740  138.224     5     5     2             5     2.2
  NGN020  伊那          35.828  137.953     4     4     3             5     2.1
  NGN017  楢川          35.975  137.826     5     3     2             5     1.6
  NGNH23  南木曽        35.606  137.611     5     4     2             5     1.9
  HKD175  浜益          43.602  141.388     5     4     3             5     1.8
  GIFH28  中津川        35.457  137.471     4     5     2             5     2.3
  NGNH03  阿智2         35.479  137.735     4     5     2             5     1.9
  NIG021  十日町        37.201  138.778     5     5     2             5     2.2
  NIG018  柏崎          37.372  138.558     4     5     2             5     2.3
  NIGH05  聖籠          37.976  139.279     4     4     3             5     2.2
  HKD165  今金          42.429  140.018     5     4     1             5     1.7
  ABSH10  佐呂間        44.081  143.946     4     4     1             5     1.5
  HYMH02  厚沢部        41.986  140.309     5     5     3             5     1.8
  HKD101  トムラウシ    43.334  142.947     4     4     3             5     1.7
  GIF007  高根          36.038  137.486     3     5     1             5     1.3
  SZO009  裾野          35.197  138.913     4     4     3             5     2.0
  HKD148  黒松内        42.668  140.305     4     4     3             5     1.8
  SZOH33  静岡南        35.015  138.353     4     3     2             5     1.8
  HKD163  松前          41.434  140.112     3     4     2             5     1.6
  HKD167  熊石          42.130  139.982     4     4     2             5     1.4
  TCGH17  藤原2         36.985  139.692     4     4     3             5     1.4
  HKD049  遠軽          44.092  143.534     4     5     2             5     1.4
  YMN007  南部          35.279  138.465     3     4     2             5     1.7
  FKSH01  西会津        37.757  139.715     3     4     3             5     1.5
  HKD140  小樽          43.191  140.994     4     4     2             5     1.6
  HKD052  常呂          44.120  144.071     3     5     2             5     1.7
  HKD051  佐呂間        44.019  143.775     4     4     2             5     1.5
  NIG020  小出          37.233  138.962     4     4     3             5     2.0
  NIG019  小千谷        37.304  138.812     4     4     3             5     2.0
  NGN025  天龍          35.281  137.857     4     4     2             5     1.7
  NIGH14  塩沢          37.030  138.852     4     3     1             4     1.8
  HKD044  興部          44.480  143.128     4     3     1             4     1.9
  NGNH13  喬木          35.514  137.877     4     3     2             4     1.8
  ISKH03  内浦          37.346  137.244     3     4     3             4     1.5
  SZOH40  河津          34.783  138.970     4     4     3             4     1.4
  NIGH09  下田          37.539  139.128     3     3     2             4     1.8
  SZO006  土肥          34.911  138.794     4     2     2             4     1.4
  NIG015  村松          37.694  139.189     3     3     3             4     1.9
  YMN011  芦安          35.638  138.383     3     4     2             4     1.5
  KKWH12  美瑛東        43.504  142.601     4     3     2             4     1.7
  NGN023  大鹿          35.579  138.034     3     4     1             4     1.5
  YMN008  早川          35.432  138.332     4     4     2             4     1.6
  NGN002  信濃          36.807  138.207     4     4     3             4     2.1
  NGN012  松本          36.256  137.978     4     3     2             4     2.0
  YMT004  温海          38.628  139.589     2     4     3             4     1.4
  AOMH07  深浦          40.745  140.023     4     3     2             4     1.8
  YMNH09  早川          35.433  138.333     4     4     2             4     1.6
  HKD153  上の湯        42.124  140.376     4     4     2             4     1.6
  NIG003  佐和田        37.998  138.323     3     3     2             4     1.8
  NGNH32  松本          36.258  137.990     3     3     2             4     1.7
  GIF018  中津川        35.489  137.500     3     3     2             4     1.8
  HKD168  江差          41.869  140.127     3     3     2             4     1.7
  ISK004  能都          37.308  137.147     4     3     2             4     1.5
  SZO023  天竜          34.874  137.816     3     2     1             4     1.5
  HKD173  青苗          42.066  139.452     3     3     2             4     1.9
  ISK002  正院          37.444  137.288     3     3     2             4     2.0
  NIG017  長岡          37.442  138.843     4     3     2             4     1.7
  NGNH10  木祖          35.963  137.767     4     2     2             4     1.5
  GIFH09  羽島          35.277  136.700     4     3     1             4     1.9
  AICH12  幡豆          34.788  137.106     3     3     1             4     1.7
  NGNH54  飯田          35.449  138.006     2     3     1             4     1.5
  AIC003  津島          35.173  136.740     3     2     1             4     1.9
  SZO027  西伊豆        34.790  138.801     3     3     1             4     1.3
  HKD036  旭川          43.773  142.365     3     3     2             4     1.6
  NGN001  飯山          36.851  138.366     3     3     2             4     1.9
  NGNH22  長谷          35.795  138.082     3     3     2             4     1.6
  NIG023  津南          37.015  138.653     3     3     2             3     1.7
  SBSH05  倶知安        42.950  140.822     3     3     1             3     1.4
  YMNH13  身延          35.351  138.420     3     3     2             3     1.6
  SZO021  本川根        35.097  138.133     2     3     1             3     1.6
  HKD032  和寒          44.023  142.412     3     3     1             3     1.5
  NGN007  杭瀬下        36.534  138.119     3     3     2             3     1.7
  AIC010  作手          34.976  137.424     2     3     1             3     1.3
  SZO004  南伊豆        34.647  138.819     3     3     1             3     1.6
  NGNH26  上山田        36.466  138.147     3     3     2             3     1.6
  HKD147  蘭越          42.805  140.530     3     3     1             3     1.4
  HKD050  白滝          43.879  143.175     2     3     2             3     1.2
  ISK003  輪島          37.392  136.908     2     2     3             3     1.4
  HKD143  岩内          42.979  140.509     3     3     1             3     1.5
  SBSH06  蘭越          42.831  140.483     3     3     2             3     1.5
  AICH17  豊根          35.184  137.727     3     3     1             3     1.1
  SZO015  梅ヶ島        35.243  138.341     2     3     2             3     1.3
  SZO025  湖西          34.719  137.531     3     2     1             3     1.6
  HKD037  美瑛          43.589  142.468     3     3     1             3     1.5
  AICH13  清洲          35.218  136.851     3     3     2             3     1.8
  HKD183  定山渓        42.972  141.165     3     3     1             3     0.8
  SZOH41  南伊豆        34.675  138.834     2     3     1             3     1.3
  NGNH28  戸隠          36.708  138.096     2     3     3             3     1.8
  NGNH25  南信濃        35.299  137.927     3     2     1             3     1.3
  SZO022  佐久間        35.092  137.814     2     3     1             3     1.2
  GIF010  下呂          35.803  137.245     3     3     1             3     1.4
  AIC009  豊田          35.081  137.146     3     2     1             3     1.7
  NIG002  両津          38.075  138.440     2     3     2             3     1.7
  NGNH31  塩尻          36.118  137.939     3     3     1             3     1.7
  SRCH05  深川北        43.824  142.159     3     3     1             3     1.2
  NGNH29  野沢温泉      36.910  138.441     2     3     1             3     1.4
  NGNH27  信州新        36.577  138.048     2     3     3             3     1.7
  NIG024  安塚          37.127  138.444     3     3     1             3     1.6
  AOM017  深浦          40.636  139.928     3     2     2             3     1.5
  GIF014  付知          35.658  137.426     2     3     2             3     1.7
  AIC015  豊橋          34.755  137.405     3     2     1             3     1.7
  NGN019  木曽福島      35.856  137.708     3     2     2             3     1.2
  NGN018  王滝          35.813  137.530     2     3     1             3     1.2
  AIC001  尾西          35.298  136.750     2     3     1             3     1.7
  ISK015  大町          37.227  136.909     1     2     3             3     1.1
  GIFH20  下呂北        35.799  137.253     2     3     2             3     1.4
  NGN011  長門          36.256  138.267     2     2     1             3     1.6
  HKD171  小砂子        41.649  139.998     3     2     2             3     0.9
  HKD024  達布          44.049  141.857     2     2     1             3     1.2
  NIGH12  湯之谷        37.224  138.982     3     3     2             3     1.4
  TYM002  氷見          36.866  136.975     2     3     1             3     1.8
  AICH16  設楽          35.154  137.535     3     2     1             3     1.4
  HKD152  八雲          42.259  140.264     2     3     1             3     1.6
  FKIH05  敦賀          35.639  136.030     2     3     1             3     1.5
  NIGH07  村松          37.666  139.261     2     3     2             3     1.1
  TYMH03  富山          36.729  137.263     2     2     1             3     1.6
  ABSH05  滝上南        44.115  143.011     3     3     1             3     1.0
  AKT004  八森          40.389  139.983     3     2     1             3     1.6
  NGN004  長野          36.649  138.194     2     2     2             3     1.4
  SBSH04  共和          42.976  140.622     2     3     1             3     0.9
  AICH09  豊橋          34.664  137.390     3     2     1             3     1.6
  ISKH04  富来          37.190  136.718     2     2     1             3     1.0
  HKD047  紋別          44.356  143.354     2     2     1             3     1.2
  GIF023  土岐          35.388  137.216     2     2     1             3     1.3
  SZO019  掛川          34.770  137.998     2     2     1             3     1.4
  KYTH05  網野          35.681  135.027     2     2     1             2     1.6
  SBSH09  黒松内        42.610  140.484     2     2     1             2     1.0
  SZO024  浜松          34.710  137.720     2     2     1             2     1.4
  NIGH13  牧            37.054  138.397     2     2     1             2     1.5
  NIGH15  六日          37.053  138.995     2     2     1             2     1.2
  SZOH28  浜松          34.668  137.744     2     2     1             2     1.5
  HKD115  幌加内        44.007  142.148     2     2     1             2     1.4
  HKD150  島牧          42.701  140.062     2     2     1             2     1.0
  OSKH02  此花          34.663  135.390     2     2     1             2     1.5
  NGNH20  上松          35.787  137.717     2     2     1             2     1.2
  HKD019  羽幌          44.361  141.698     2     2     1             2     1.6
  NIG016  寺泊          37.642  138.768     2     2     2             2     1.4
  AIC012  安城          34.912  137.045     2     2     1             2     1.5
  ABSH03  興部東        44.384  143.241     2     2     1             2     0.8
  GIF019  恵那          35.450  137.404     2     1     1             2     1.2
  FKI007  敦賀          35.645  136.058     2     2     1             2     1.1
  HKD138  積丹          43.292  140.601     2     2     1             2     1.0
  SZO017  浜岡          34.637  138.128     2     2     1             2     1.4
  AIC008  設楽          35.101  137.576     2     2     1             2     0.8
  NGNH30  奈川          36.064  137.685     2     2     1             2     1.2
  NIG001  岩谷口        38.258  138.434     2     2     1             2     1.2
  NIG026  新井          37.023  138.251     2     2     1             2     1.3
  HYMH01  北檜山        42.485  139.968     2     2     1             2     1.2
  AIC004  名古屋        35.063  136.974     2     2     1             2     1.3
  ABSH02  興部西        44.423  143.026     2     2     1             2     0.8
  SIG007  近江八幡      35.134  136.096     2     2     1             2     1.4
  KKWH04  名寄          44.438  142.406     2     2     1             2     1.3
  NGN013  安曇          36.183  137.785     1     2     1             2     1.3
  HKD020  港町          44.149  141.664     1     2     1             2     1.2
  SOYH02  猿払南        45.216  142.225     2     2     1             2     1.5
  GIFH26  各務原        35.412  136.876     2     2     1             2     1.1
  SRCH02  幌加内中      44.116  142.141     2     1     1             2     1.1
  ISKH05  穴水          37.222  136.969     1     2     1             2     0.5
  KKWH15  上川          43.855  142.766     2     2     1             2     0.8
  GIF020  岐阜          35.425  136.757     2     2     1             2     1.3
  KYTH07  久御山        34.898  135.746     2     1     1             2     1.3
  ISK008  羽咋          36.892  136.778     2     2     1             2     1.4
  MIE003  四日市        34.970  136.636     2     2     1             2     1.3
  NGNH33  生坂          36.460  137.964     1     2     2             2     1.1
  HKD028  名寄          44.360  142.455     2     2     1             2     1.3
  HKD034  上川          43.854  142.769     1     2     1             2     0.8
  FKI003  福井          36.044  136.228     2     2     1             2     1.3
  NGN009  穂高          36.338  137.869     2     1     1             2     1.3
  NAR002  奈良          34.668  135.835     1     2     1             2     1.3
  ISK001  大谷          37.500  137.176     1     1     1             2     0.8
  HKD114  朱鞠内        44.281  142.161     1     1     1             2     1.0
  SIG005  彦根          35.249  136.242     2     2     1             2     1.3
  TYMH04  魚津          36.791  137.469     1     1     2             2     1.1
  RMIH04  小平東        44.097  141.962     2     2     1             2     1.2
  HKD029  下川          44.311  142.642     1     2     1             2     1.1
  HKD170  湯ノ岱        41.749  140.251     2     1     1             2     0.7
  SIG008  永源寺        35.070  136.295     1     1     1             2     1.3
  NGN006  大町          36.509  137.851     1     2     1             2     1.2
  HKD174  北島歌        42.595  139.829     1     1     1             2    <0.5
  HKD018  正修          44.545  141.965     1     2     1             2     1.1
  SZOH36  藤枝          34.914  138.201     1     1     1             2     1.0
  GIFH15  高山          36.134  137.221     2     1     1             2     1.0
  HKD030  士別          44.182  142.394     1     1     1             2     1.1
  GIF021  美濃加茂      35.443  137.000     1     1     1             2     1.1
  OSK003  豊中          34.767  135.468     2     1     1             2     1.2
  NGNH07  中野          36.743  138.376     2     1     1             2     0.9
  HKD033  愛別          43.909  142.570     1     1     1             2     0.9
  SZOH25  新居          34.691  137.560     1     1     1             2     1.2
  SZOH30  水窪北        35.223  137.918     1     1     1             2     0.9
  GIF024  明智          35.301  137.387     1     1     1             2     0.9
  SOYH09  歌登北        44.857  142.487     1     1     1             2     0.8
  AICH22  豊橋北        34.785  137.439     1     1     1             2     0.8
  SBSH02  泊            43.053  140.502     1     1     1             1     0.6
  NIG027  糸魚川        37.023  137.862     1     1     1             1     0.9
  OSKH05  大阪          34.716  135.520     1     1     1             1     1.1
  SZOH32  龍山東        35.009  137.841     1     1     1             1     0.9
  MIE008  名張          34.629  136.107     1     1     0             1    <0.5
  SZOH31  川根          34.940  138.077     1     1     1             1     0.7
  SZO026  春野          34.982  137.898     1     1     1             1     0.8
  AICH21  南知多        34.740  136.939     1     1     1             1     0.9
  NGNH34  大町中        36.533  137.820     1     1     1             1     1.1
  GIFH19  朝日南        36.022  137.391     1     1     1             1     0.8
  SIG011  信楽          34.878  136.059     1     1     0             1     0.8
  SOYH10  歌登南        44.743  142.604     1     1     1             1     1.0
  GIFH03  根尾          35.633  136.613     1     1     1             1     0.8
  FKI010  高浜          35.490  135.551     1     1     0             1     0.9
  SBSH10  島牧          42.780  140.156     1     1     1             1     0.7
  MIE001  藤原          35.172  136.494     1     1     1             1     1.1
  AIC002  小牧          35.298  136.915     1     1     1             1     0.6
  NAR001  生駒          34.715  135.727     1     1     1             1     0.9
  NIG005  松ヶ崎        37.920  138.498     1     1     1             1     0.7
  SZOH53  掛川3         34.877  138.017     1     1     1             1     0.8
  GIFH11  八百津        35.486  137.246     1     1     1             1     0.7
  ISK014  加賀          36.303  136.315     1     1     0             1     0.9
  AICH07  旭            35.219  137.404     1     1     1             1     0.9
  GIFH18  馬瀬          35.899  137.149     1     1     0             1     0.7
  AICH15  足助          35.139  137.336     1     1     1             1     0.6
  MIEH10  芸濃          34.822  136.424     1     1     0             1     0.7
  TYMH06  八尾          36.571  137.160     1     1     1             1     0.8
  KKWH02  美深東        44.551  142.574     1     1     1             1     0.7
  GIFH27  美濃加茂      35.453  137.004     1     1     1             1     0.7
  GIFH24  東白川        35.640  137.319     1     1     1             1     0.6
  AICH18  岡崎          34.964  137.238     1     1     1             1     0.5
  SOYH06  豊富          45.102  141.783     1     1     0             1     0.6
  GIFH25  谷汲          35.521  136.613     1     1     0             1    <0.5
  GIFH21  美並          35.666  136.962     1     1     1             1     0.7
  MIEH01  四日市        34.985  136.456     1     1     0             1     0.7
  TYMH07  利賀          36.441  137.039     1     1     0             1    <0.5
  AICH20  新城          34.898  137.488     1     1     1             1     0.5
  KKWH10  中川          44.662  142.053     1     1     0             1     0.6
  GIFH17  高鷲          35.951  136.873     1     1     0             1    <0.5
  RMIH01  幌延          45.017  142.079     1     1     0             1     0.6
  GIFH16  朝日北        36.094  137.344     1     1     0             1    <0.5
  KKWH09  音威子府      44.775  142.254     1     1     0             1    <0.5
  NARH06  山添          34.641  136.051     1     1     0             1    <0.5
  GIFH08  大和          35.832  136.962     1     1     0             1     0.5
  AICH11  春日井        35.306  137.057     1     1     0             1     0.6
  GIFH12  坂内          35.603  136.413     1     1     0             1    <0.5
  FKIH07  小浜          35.457  135.727     1     1     0             1    <0.5
  GIFH13  白川          36.274  136.898     1     1     1             1     0.5
  ISKH07  金沢          36.515  136.636     1     1     1             1    <0.5
  ABSH01  雄武          44.528  142.844     1     1     1             1    <0.5
  KKWH03  美深西        44.473  142.273     1     0     0             1    <0.5
  SZOH24  引佐          34.834  137.662     1     1     0             1    <0.5
  AICH19  作手          34.951  137.411     1     1     1             1    <0.5
  GIFH14  上宝          36.249  137.517     0     1     0             1    <0.5
  GIFH23  板取          35.724  136.785     1     0     0             1    <0.5
  GIFH10  神岡          36.378  137.372     0     1     0             1    <0.5
  SOYH08  中頓別        44.939  142.225     1     1     0             1    <0.5
  KYTH01  野田川        35.524  135.124     0     1     0             1    <0.5
  HYGH10  加古川        34.816  134.808     1     0     0             1    <0.5
  SOYH04  稚内東        45.230  141.881     1     0     0             1    <0.5
  KKWH06  下川東        44.321  142.766     0     0     0             1    <0.5
  MIEH07  志摩          34.254  136.822     0     0     0             0    <0.5
  TTRH06  河原          35.395  134.199     0     0     0             0    <0.5
  FKIH01  永平寺        36.096  136.362     0     0     0             0    <0.5
  MIEH05  尾鷲          34.064  136.169     0     0     0             0    <0.5
  MIEH02  大山田        34.766  136.284     0     0     0             0    <0.5
  MIEH09  紀宝          33.764  135.997     0     0     0             0    <0.5
  MIEH04  度会          34.353  136.587     0     0     0             0    <0.5
  SOYH01  猿払北        45.335  142.119     0     0     0             0    <0.5
  KYTH02  伊根          35.710  135.250     0     0     0             0    <0.5
  MIEH06  宮川          34.358  136.329     0     0     0             0    <0.5
  MIEH08  松阪          34.542  136.503     0     0     0             0    <0.5
  TKSH05  海南          33.663  134.316     0     0     0             0    <0.5
  ISKH09  尾口          36.267  136.717     0     0     0             0    <0.5
  WKYH07  上富田        33.689  135.440     0     0     0             0    <0.5
  SMNH16  加茂          35.342  132.899     0     0     0             0    <0.5
  TTRH07  関金          35.365  133.749     0     0     0             0    <0.5
  SOYH07  浜頓別        45.100  142.431     0     0     0             0    <0.5
  MIEH03  嬉野          34.547  136.369     0     0     0             0    <0.5
  HYGH08  加美          35.101  134.904     0     0     0             0    <0.5
  KYTH04  美山          35.269  135.551     0     0     0             0    <0.5
  NARH03  川上          34.292  136.002     0     0     0             0    <0.5
  MYZH13  都城南        31.730  131.079     0     0     0             0    <0.5
  TKSH04  徳島          33.990  134.534     0     0     0             0    <0.5
  NARH04  黒滝          34.306  135.837     0     0     0             0    <0.5
  KYTH03  福知山        35.313  135.133     0     0     0             0    <0.5
  HYGH14  出石          35.457  134.862     0     0     0             0    <0.5
  EHMH12  宇和          33.427  132.506     0     0     0             0    <0.5
  MYZH10  国富          32.022  131.290     0     0     0             0    <0.5
  WKYH10  印南          33.825  135.217     0     0     0             0    <0.5
  HYGH07  夢前          35.032  134.670     0     0     0             0    <0.5