最大加速度リスト

地震発生時刻   2011/04/11-22:05:00.00
震央北緯       37.0°
震央東経       140.7°
震源深さ       11.0km
マグニチュード M4.7

  コード  観測点名      緯度    経度     最大加速度 (ガル) 三成分合成値 計測震度
　　　　　 　　         北緯    東経      N-S   E-W   U-D        (ガル)         
  IBR019  北茨城        36.881  140.654   289   178   102           323     3.8
  FKS012  勿来          36.907  140.793   135   158    38           159     3.5
  FKS016  白河          37.123  140.191    41    81    30            82     2.9
  TCG014  茂木          36.545  140.174    44    60     9            71     3.4
  IBRH12  大子          36.837  140.318    60    38    21            61     2.8
  IBR003  日立          36.592  140.645    56    52    31            58     3.0
  IBR013  鉾田          36.159  140.489    49    47    31            57     3.3
  IBR005  笠間          36.385  140.237    33    52    18            56     3.0
  FKS015  棚倉          37.022  140.377    52    37    12            53     2.3
  IBR004  大宮          36.552  140.410    48    39    17            49     2.8
  IBRH11  岩瀬          36.370  140.140    39    36    16            48     3.0
  IBR007  那珂湊        36.352  140.595    43    29    12            48     2.9
  FKSH10  西郷          37.162  140.093    46    32    27            48     2.9
  IBRH13  高萩          36.795  140.575    41    47    18            47     3.0
  FKSH12  平田          37.217  140.570    40    35    24            47     2.9
  IBRH16  山方          36.641  140.398    38    36    15            46     2.9
  IBR001  大子          36.776  140.357    29    42    17            46     3.0
  FKS013  古殿          37.090  140.556    29    40    17            41     3.3
  IBRH18  ひたちなか    36.363  140.620    15    38    11            38     2.6
  FKS014  矢祭          36.868  140.430    13    30    10            31     1.9
  TCGH10  大田原        36.858  140.023    26    16    13            27     2.2
  FKSH11  矢吹          37.201  140.339    23    23    13            27     2.3
  TCGH13  馬頭          36.734  140.178    22    22     8            25     2.5
  FKSH09  郡山          37.353  140.426    17    19     7            25     1.5
  TCGH16  芳賀          36.548  140.075    19    23     4            24     2.6
  FKS009  小野          37.278  140.635    15    17    11            22     1.8
  IBR002  高萩          36.706  140.707    22    19     8            22     2.6
  IBRH14  十王          36.692  140.548    18    20    11            22     1.8
  FKS018  郡山          37.396  140.362    11    20    10            20     2.1
  IBR006  水戸          36.369  140.453    13    18     8            20     2.0
  IBRH15  御前山        36.557  140.301    16    16     7            20     2.1
  FKS010  広野          37.234  141.002    18     8     4            18     1.8
  IBRH17  霞ヶ浦        36.086  140.314    15    17     9            18     2.1
  TCG009  今市          36.726  139.715    14    18     5            18     2.4
  FKS008  船引          37.436  140.567    15    15     7            17     1.5
  FKS027  滝原          37.070  139.681    15    13     4            17     1.2
  FKS004  飯舘          37.680  140.735    16    10    11            16     1.4
  IBR014  土浦          36.073  140.195    15    15     7            16     2.1
  TCG006  小川          36.764  140.130    15     9     5            16     1.8
  IBR015  岩井          36.069  139.908    12    10     5            16     2.0
  TCGH12  氏家          36.696  139.984    13    14     6            15     1.8
  IBRH10  石下          36.111  139.989    10    14     7            15     2.1
  IBR017  江戸崎        35.954  140.319    14    11     7            14     1.9
  FKS006  葛尾          37.503  140.759    10    14     6            14     1.8
  IBR016  取手          35.911  140.049    12    14     5            14     2.0
  FKSH19  都路          37.470  140.723    13    12     9            14     1.5
  IBR012  石岡          36.190  140.287    11    13     6            13     2.0
  IBRH21  つくば南      35.981  140.105    11     9     7            12     1.9
  TCGH06  真岡          36.446  139.951    12     5     2            12     1.6
  IBR018  鹿嶋          35.977  140.632     8    12     2            12     1.8
  IBR011  つくば        36.125  140.090    11    11     4            12     2.1
  TCG013  真岡          36.437  140.023     8    11     5            12     1.8
  TCGH14  粟野          36.551  139.615     8    11     3            11     1.4
  FKS019  二本松        37.603  140.437    10    10     5            11     1.5
  FKSH08  長沼          37.282  140.214     9     7     5            11     1.1
  FKS025  下郷          37.308  139.900     9     8     8            11     1.3
  FKSH18  三春          37.489  140.538     9     7     5            10     1.5
  FKS023  会津若松      37.477  139.929     7     7     3             9     2.0
  FKS002  梁川          37.845  140.601     8     7     2             9     1.1
  CHB007  佐倉          35.723  140.227     9     5     4             9     1.7
  CHB003  白井          35.794  140.056     6     8     3             9     1.7
  FKS005  原町          37.639  140.985     8     6     2             9     1.1
  FKS017  須賀川        37.284  140.369     7     8     6             9     1.9
  FKS001  相馬          37.795  140.920     6     8     3             8     1.3
  FKSH14  いわき東      37.026  140.970     8     8     4             8     1.9
  CHB001  野田          35.959  139.873     8     8     3             8     1.7
  FKS031  川内          37.336  140.813     8     7     4             8     1.1
  IBR008  下館          36.306  139.983     8     8     3             8     1.6
  TCG008  鹿沼          36.560  139.768     8     8     4             8     1.7
  FKS022  西会津        37.600  139.647     8     7     4             8     1.5
  IBR010  下妻          36.184  139.965     7     6     4             8     1.7
  TCG015  芹沼          36.749  139.714     5     6     3             8     0.9
  TCG016  北高岡        36.529  140.156     7     7     2             8     1.1
  FKSH04  会津高田      37.451  139.813     7     6     2             7     1.4
  TCGH11  今市          36.708  139.769     7     7     4             7     1.4
  FKS003  福島          37.761  140.480     7     5     3             7     1.0
  TCG001  黒磯          36.942  140.083     7     6     3             7     1.2
  FKS011  いわき        37.091  140.904     6     6     5             7     1.4
  TCG005  矢板          36.806  139.926     7     7     2             7     1.4
  MYG015  岩沼          38.105  140.870     5     7     2             7     1.5
  CHB004  佐原          35.901  140.490     7     5     3             7     1.4
  CHB006  成田          35.780  140.307     7     5     4             7     1.3
  FKSH17  川俣          37.664  140.597     4     6     4             7     1.1
  TCG003  藤原          36.814  139.715     6     6     2             7     1.1
  GNM009  桐生          36.411  139.325     4     6     2             7     1.0
  YMTH04  上山          38.081  140.298     4     7     2             7     0.8
  FKS024  中野          37.396  140.132     6     6     5             7     1.7
  TCG012  小山          36.286  139.805     4     6     2             6     1.2
  MYGH10  山元          37.941  140.892     5     6     2             6     1.1
  IBRH19  つくば        36.214  140.089     5     4     2             6     1.1
  CHB028  市川北        35.766  139.966     4     5     4             6     1.3
  TCG007  宇都宮        36.569  139.886     5     4     2             5     1.1
  SIT008  春日部        35.974  139.753     5     4     3             5     1.4
  CHBH13  成田          35.831  140.298     5     4     2             5     1.4
  SITH11  飯能          35.864  139.273     3     5     1             5     1.1
  CHBH04  下総          35.797  140.021     3     4     2             5     1.1
  CHB002  松戸          35.787  139.903     4     4     3             5     0.9
  GNM011  太田          36.291  139.361     4     4     1             5     1.3
  TCG002  塩原          36.990  139.803     3     5     2             5     0.8
  SITH01  岩槻          35.929  139.735     4     4     2             5     1.4
  FKS020  猪苗代        37.547  140.108     4     4     4             5     1.5
  TCGH09  矢板          36.862  139.836     3     4     2             4     0.6
  CHB012  東金          35.573  140.333     3     4     3             4     1.3
  TKY027  瑞江          35.693  139.891     3     4     2             4     1.0
  SITH06  川本          36.113  139.289     4     3     2             4     0.8
  TKY026  宇喜田        35.670  139.863     4     3     1             4     0.8
  GNM010  館林          36.234  139.533     4     2     2             4     0.8
  MYG017  角田          37.976  140.782     4     3     1             4     1.2
  IBRH07  江戸崎        35.952  140.330     4     3     3             4     1.7
  TCG011  葛生          36.387  139.614     3     4     2             4     0.8
  YMTH02  山形          38.269  140.258     3     3     1             4     1.0
  CHB024  稲毛          35.633  140.078     3     3     2             4     0.9
  MYG016  白石          38.008  140.621     3     3     1             4     1.0
  GNMH12  神流          36.144  138.913     3     3     1             3     1.0
  SIT004  長瀞          36.118  139.105     2     3     1             3    <0.5
  IBRH20  波崎2         35.828  140.732     2     3     1             3     0.9
  SIT010  大宮          35.907  139.648     3     3     1             3     1.3
  CHB011  蓮沼          35.602  140.501     3     3     1             3     0.8
  KNGH10  横浜          35.499  139.519     3     2     1             3     1.2
  FKSH06  伊南          37.172  139.520     2     3     1             3    <0.5
  GNM003  沼田          36.658  139.078     3     2     1             3    <0.5
  SIT003  久喜          36.072  139.697     3     2     2             3     1.0
  TKY025  篠崎          35.714  139.897     2     3     1             3     0.8
  FKS021  喜多方        37.654  139.863     3     3     1             3    <0.5
  FKSH16  福島          37.764  140.377     3     3     1             3    <0.5
  TKY015  東白鬚        35.731  139.812     2     3     1             3     0.6
  CHB029  行徳          35.695  139.918     3     2     1             3     1.0
  MYGH09  白石          38.009  140.603     2     3     2             3     0.9
  FKS029  桧枝岐        37.016  139.380     3     3     1             3    <0.5
  YMTH06  高畠          37.963  140.184     2     3     1             3     0.7
  IBR009  古河          36.185  139.704     2     3     1             3     0.6
  FKSH07  檜枝岐        37.010  139.375     2     2     1             3    <0.5
  FKSH03  高郷          37.608  139.753     3     2     1             3     0.8
  TKY014  亀戸          35.689  139.835     2     2     1             3     0.6
  SITH10  都幾川        35.996  139.219     2     3     1             3    <0.5
  CHB008  浦安          35.654  139.902     2     2     1             3     0.7
  SIT007  東松山        36.054  139.391     2     2     1             2    <0.5
  TKY023  八広          35.725  139.825     2     2     1             2     0.6
  NIGH08  津川          37.671  139.465     2     2     1             2     0.8
  CHBH10  千葉          35.546  140.242     2     2     1             2     0.6
  GNMH14  みどり        36.493  139.322     2     2     1             2    <0.5
  FKSH01  西会津        37.757  139.715     2     2     0             2    <0.5
  TCGH17  藤原2         36.985  139.692     2     2     1             2    <0.5
  YMT011  上山          38.150  140.267     2     2     1             2     0.9
  TKY021  猿江          35.688  139.819     2     2     1             2     0.6
  MYGH08  岩沼          38.113  140.844     2     2     1             2     0.6
  TKY017  辰巳          35.647  139.809     2     2     2             2     0.7
  NIG011  新津          37.801  139.144     2     2     1             2     0.8
  SITH05  神泉          36.151  139.050     2     2     0             2    <0.5
  SIT002  熊谷          36.148  139.388     1     2     1             2     0.5
  YMTH13  朝日          38.470  139.761     2     1     0             2    <0.5
  SIT006  秩父          35.995  139.071     2     2     0             2    <0.5
  FKS026  南郷          37.266  139.539     2     1     1             2    <0.5
  GNMH05  伊勢崎        36.314  139.185     1     2     1             2     0.5
  NIGH07  村松          37.666  139.261     1     2     0             2    <0.5
  TKYH11  江東          35.611  139.812     2     2     1             2     0.7
  TKY013  砂町          35.660  139.834     2     1     1             2     0.5
  NIGH10  上川          37.544  139.365     2     1     1             2    <0.5
  NIGH06  加茂          37.653  139.068     1     1     1             2     0.5
  SITH07  名栗          35.912  139.149     1     2     0             2    <0.5
  SIT001  本庄          36.243  139.194     1     1     1             2    <0.5
  YMT008  中村          38.386  139.992     1     2     1             2     0.7
  YMTH14  西川西        38.386  139.992     1     1     1             2     0.7
  GNMH07  利根          36.700  139.210     1     1     1             2    <0.5
  CHBH14  銚子中        35.734  140.823     1     1     1             1    <0.5
  GNMH11  富岡          36.286  138.921     1     1     0             1    <0.5
  SITH08  小鹿野        36.027  138.969     1     1     0             1    <0.5
  YMTH15  西川東        38.426  140.125     1     1     0             1     0.6
  KNGH18  藤野          35.644  139.128     1     1     0             1    <0.5
  YMTH03  南陽          38.103  140.155     1     1     0             1    <0.5
  TKYH12  八王子        35.670  139.265     1     1     1             1    <0.5
  IWTH27  陸前高田      39.031  141.532     1     1     0             1    <0.5
  GNMH08  嬬恋          36.492  138.524     1     1     0             1    <0.5
  NIGH09  下田          37.539  139.128     1     1     0             1    <0.5
  TKYH02  府中          35.654  139.470     1     1     0             1    <0.5
  NIGH01  長岡          37.427  138.888     1     1     0             1    <0.5
  NIGH12  湯之谷        37.224  138.982     1     0     0             1    <0.5
  SITH03  日高          35.899  139.384     1     1     0             1    <0.5
  NIGH02  朝日          38.280  139.549     1     0     0             1    <0.5
  YMTH12  立川          38.636  140.006     0     0     0             1    <0.5
  NIGH14  塩沢          37.030  138.852     0     0     0             1    <0.5
  NIGH05  聖籠          37.976  139.279     0     0     0             0    <0.5