最大加速度リスト

地震発生時刻   2011/03/09-11:57:00.00
震央北緯       38.3°
震央東経       143.4°
震源深さ       12.0km
マグニチュード M6.2

  コード  観測点名      緯度    経度     最大加速度 (ガル) 三成分合成値 計測震度
　　　　　 　　         北緯    東経      N-S   E-W   U-D        (ガル)         
  MYG010  石巻          38.428  141.281     6     5     2             6     2.2
  MYG006  古川          38.580  140.965     5     5     2             6     2.2
  IWT012  北上          39.321  141.138     6     4     2             6     1.9
  FKSH20  浪江          37.491  140.987     5     5     1             5     2.0
  IWTH20  花巻南        39.343  141.047     5     4     2             5     2.0
  IWT026  相去          39.257  141.098     4     4     2             5     2.0
  MYGH01  仙台          38.240  140.997     4     4     2             5     1.8
  AOMH16  新郷          40.462  141.092     4     3     1             5     1.9
  FKS001  相馬          37.795  140.920     4     4     1             4     1.6
  FKSH14  いわき東      37.026  140.970     3     4     2             4     1.6
  MYG001  気仙沼        38.901  141.568     4     3     2             4     1.1
  IWT003  普代          40.008  141.886     3     3     1             4     1.6
  AOMH13  八戸          40.579  141.445     4     4     1             4     2.0
  IWT014  石鳥谷        39.484  141.147     3     4     1             4     1.6
  MYG008  北上          38.577  141.451     3     4     2             4     1.3
  IWT013  遠野          39.337  141.538     4     2     1             4     1.4
  IWT007  釜石          39.270  141.856     3     3     1             4     1.2
  MYG007  豊里          38.588  141.251     3     3     1             4     1.5
  IBRH11  岩瀬          36.370  140.140     3     3     1             3     1.3
  IWT006  山田          39.481  141.965     3     2     1             3     1.2
  IWTH24  金ヶ崎        39.198  141.012     3     2     2             3     1.7
  MYGH10  山元          37.941  140.892     3     3     2             3     1.7
  FKSH19  都路          37.470  140.723     2     3     1             3     1.1
  IWTH27  陸前高田      39.031  141.532     3     3     1             3     0.8
  AOM007  南通          41.226  141.396     3     2     1             3     1.3
  MYGH05  小野田        38.579  140.780     3     3     1             3     1.7
  AOM014  子ノ口        40.437  140.941     3     2     1             3     1.6
  MYG004  築館          38.729  141.022     3     3     2             3     1.5
  YMTH02  山形          38.269  140.258     2     3     1             3     1.6
  AOM012  八戸          40.514  141.481     2     2     1             3     1.5
  FKS013  古殿          37.090  140.556     3     2     1             3     1.0
  IWTH16  雫石          39.644  140.946     3     3     2             3     1.7
  IWTH04  住田          39.181  141.391     2     3     1             3     1.0
  IWTH28  一関西2       39.009  140.864     3     2     1             3     1.3
  IWTH11  一戸          40.081  141.191     2     2     1             3     1.5
  YMTH01  天童          38.384  140.381     2     2     1             3     1.6
  IWTH15  矢巾          39.615  141.093     2     2     1             3     1.5
  FKSH18  三春          37.489  140.538     3     2     1             3     1.0
  AOMH12  十和田湖東    40.585  141.155     2     2     1             3     1.5
  IWT011  水沢          39.145  141.152     2     2     1             3     1.4
  MYG002  歌津          38.726  141.511     2     2     1             2    <0.5
  IWT005  宮古          39.647  141.946     2     2     2             2     1.5
  AOM011  三沢          40.680  141.367     2     2     1             2     1.4
  MYGH09  白石          38.009  140.603     2     2     1             2     1.4
  IWTH12  九戸          40.153  141.424     1     2     1             2     0.8
  IWTH26  一関東        38.969  141.001     2     2     1             2     1.4
  MYGH11  河北          38.516  141.342     2     2     1             2     0.7
  AOMH17  名川          40.449  141.337     2     2     1             2     1.4
  IWT010  一関          38.933  141.117     2     2     1             2     1.0
  FKSH17  川俣          37.664  140.597     2     2     1             2     0.9
  AOM020  青森          40.819  140.750     2     2     1             2     1.5
  IWTH05  藤沢          38.865  141.351     2     2     1             2     0.6
  IWT009  大東          39.019  141.403     2     2     1             2    <0.5
  MYG013  仙台          38.266  140.929     2     2     1             2     1.1
  AKTH17  中仙          39.557  140.612     1     2     1             2     1.3
  IWTH01  二戸東        40.238  141.342     2     2     1             2     1.2
  IWTH02  玉山          39.825  141.383     2     2     1             2     0.6
  FKS018  郡山          37.396  140.362     2     2     1             2     1.1
  FKSH12  平田          37.217  140.570     1     2     1             2     0.7
  IBRH13  高萩          36.795  140.575     1     2     0             2     0.7
  IWTH22  東和          39.334  141.302     1     2     1             2     0.6
  YMT001  酒田          38.914  139.813     1     2     1             2     1.3
  TCGH10  大田原        36.858  140.023     1     2     1             2     1.0
  IWT002  久慈          40.182  141.764     2     1     2             2     1.3
  AOMH05  野辺地        40.856  141.103     2     1     0             2     0.9
  AKTH04  東成瀬        39.174  140.713     2     2     1             2     0.9
  IWT022  安代          40.101  141.052     2     1     1             2     1.2
  MYGH04  東和          38.786  141.325     1     2     1             2     0.6
  IWTH06  二戸西        40.261  141.171     1     1     1             2     1.3
  TCGH13  馬頭          36.734  140.178     2     1     0             2     0.6
  MYG003  東和          38.735  141.311     2     2     1             2     0.7
  MYGH08  岩沼          38.113  140.844     2     1     1             2     1.1
  AOM028  八甲田        40.700  140.919     1     1     1             2     1.3
  YMTH07  米沢          37.896  140.028     2     1     1             2     1.0
  AKTH16  西仙北        39.545  140.348     2     1     1             2     1.3
  IWT016  川井          39.600  141.679     2     1     1             2     0.6
  MYGH06  田尻          38.591  141.071     1     2     1             2     1.1
  AKTH19  湯沢          39.191  140.471     2     1     1             2     1.0
  HKD072  落石          43.195  145.521     1     1     0             2    <0.5
  YMTH14  西川西        38.386  139.992     1     1     1             2     1.1
  FKSH10  西郷          37.162  140.093     1     1     1             2     0.9
  IWTH08  久慈北        40.269  141.783     1     1     0             2     0.7
  IBRH16  山方          36.641  140.398     1     1     0             2    <0.5
  IWTH14  田老          39.743  141.909     1     1     1             2    <0.5
  FKSH16  福島          37.764  140.377     1     1     1             2     1.0
  IWT015  川尻          39.318  140.779     1     1     1             1     0.9
  IWTH21  山田          39.473  141.934     1     1     1             1     0.5
  IWT017  門馬          39.634  141.438     1     1     0             1    <0.5
  AKTH14  鹿角          40.062  140.808     1     1     0             1     0.6
  MYGH02  鳴子          38.859  140.651     1     1     1             1     0.9
  AKTH03  矢島          39.222  140.128     1     1     1             1     1.1
  YMTH15  西川東        38.426  140.125     1     1     0             1     0.9
  TCG006  小川          36.764  140.130     1     1     1             1     1.1
  FKS016  白河          37.123  140.191     1     1     1             1     0.5
  AOMH04  青森          40.852  140.676     1     1     1             1     1.0
  AKTH18  大森          39.355  140.387     1     1     0             1     0.9
  FKSH04  会津高田      37.451  139.813     1     1     1             1     0.8
  YMTH08  八幡          38.970  140.033     1     1     1             1     1.0
  IWTH23  釜石          39.274  141.823     1     1     1             1    <0.5
  IWTH07  軽米          40.270  141.571     1     1     1             1     0.8
  MYGH03  唐桑          38.921  141.638     1     1     1             1    <0.5
  IBRH12  大子          36.837  140.318     1     1     0             1    <0.5
  IWTH09  久慈南        40.086  141.712     1     1     1             1     0.8
  AKTH02  西木南        39.663  140.572     1     1     1             1     0.8
  MYGH12  志津川        38.642  141.443     1     1     1             1    <0.5
  FKSH09  郡山          37.353  140.426     1     1     1             1    <0.5
  AOMH08  鰺ヶ沢        40.762  140.312     1     1     0             1     0.7
  AOMH06  六ヶ所        40.966  141.374     1     1     0             1     0.7
  IBRH15  御前山        36.557  140.301     1     1     0             1    <0.5
  IWTH18  川井南        39.463  141.678     1     1     1             1    <0.5
  YMTH12  立川          38.636  140.006     1     1     0             1     0.8
  NIGH02  朝日          38.280  139.549     1     1     1             1     0.8
  AKTH01  西木北        39.815  140.579     1     1     1             1     0.6
  SBSH07  真狩          42.763  140.808     1     0     1             1    <0.5
  FKSH08  長沼          37.282  140.214     1     1     1             1     0.6
  AKTH09  田代          40.276  140.460     1     1     1             1     0.7
  FKSH03  高郷          37.608  139.753     1     1     0             1     0.7
  IWTH03  岩泉          39.802  141.652     1     1     1             1    <0.5
  AOMH03  川内          41.234  140.990     1     1     1             1     0.6
  NIGH04  関川          38.131  139.543     1     1     0             1     0.7
  IWTH17  川井北        39.644  141.598     1     1     1             1    <0.5
  IWTH10  安代          40.139  140.953     1     1     0             1    <0.5
  NMRH04  別海東        43.398  145.122     0     1     0             1    <0.5
  IKRH03  千歳          42.888  141.640     1     1     0             1    <0.5
  KSRH07  鶴居南        43.136  144.327     1     1     0             1    <0.5
  AKTH06  雄勝          38.980  140.495     0     1     0             1    <0.5
  TKCH06  芽室          42.892  143.060     0     1     0             1     0.5
  OSMH01  知内          41.598  140.421     1     1     0             1    <0.5
  AKTH07  小坂          40.456  140.839     1     1     0             1    <0.5
  HDKH06  静内          42.350  142.357     1     1     0             1    <0.5
  AOMH01  大間          41.527  140.913     1     0     1             1    <0.5
  AOMH18  田子          40.296  141.014     1     1     0             1    <0.5
  AOMH11  十和田湖西    40.580  140.995     1     1     0             1    <0.5
  AOMH10  黒石          40.609  140.665     1     1     0             1    <0.5
  AOMH14  西目屋        40.549  140.273     0     0     0             1    <0.5
  TCGH09  矢板          36.862  139.836     1     1     0             1    <0.5
  OSMH02  上磯          41.837  140.633     1     1     0             1    <0.5
  KSRH03  標茶北        43.385  144.628     0     1     0             1    <0.5
  AKTH08  藤里          40.319  140.234     0     1     0             1    <0.5
  IBRH14  十王          36.692  140.548     1     0     0             1    <0.5
  NMRH05  別海西        43.390  144.802     0     0     0             1    <0.5
  NMRH02  標津南        43.677  144.962     0     0     0             1    <0.5
  AKTH15  協和          39.688  140.407     0     0     0             0    <0.5
  AOMH15  大鰐          40.484  140.556     0     0     0             0    <0.5
  NMRH03  中標津        43.551  144.966     0     0     0             0    <0.5
  HDKH07  様似          42.133  142.916     0     0     0             0    <0.5
  IBUH01  追分          42.874  141.819     0     0     0             0    <0.5
  IBUH05  白老          42.563  141.350     0     0     0             0    <0.5
  AKTH05  鳥海          39.072  140.319     0     0     0             0    <0.5
  YMTH03  南陽          38.103  140.155     0     0     0             0    <0.5
  AKTH13  阿仁          39.982  140.407     0     0     0             0    <0.5
  AOMH07  深浦          40.745  140.023     0     0     0             0    <0.5
  SRCH08  砂川          43.514  141.909     0     0     0             0    <0.5
  ABSH11  女満別        43.914  144.191     0     0     0             0    <0.5
  SRCH04  沼田          43.820  141.940     0     0     0             0    <0.5
  SBSH06  蘭越          42.831  140.483     0     0     0             0    <0.5
  HDKH01  平取西        42.703  142.230     0     0     0             0    <0.5
  HYMH02  厚沢部        41.986  140.309     0     0     0             0    <0.5
  NMRH01  標津北        43.785  145.025     0     0     0             0    <0.5
  FKSH01  西会津        37.757  139.715     0     0     0             0    <0.5