最大加速度リスト

地震発生時刻   2018/06/19-00:31:00.00
震央北緯       34.9°
震央東経       135.6°
震源深さ       10.0km
マグニチュード M4.1

  コード  観測点名      緯度    経度     最大加速度 (ガル) 三成分合成値 計測震度
　　　　　 　　         北緯    東経      N-S   E-W   U-D        (ガル)         
  KYTH07  久御山        34.898  135.746   149    80    43           151     3.4
  KYT011  亀岡          35.017  135.564    65    33    32            69     2.6
  KYT012  京都          34.996  135.819    39    29    10            40     2.0
  OSK002  高槻          34.857  135.596    39    24    20            39     2.4
  OSK001  能勢          34.971  135.390    24    29    24            32     2.3
  KYTH08  京都          35.009  135.730    22    27     9            32     2.0
  KYT013  宇治          34.878  135.805    17    21    20            23     2.4
  OSKH04  交野          34.763  135.705     9    19    10            21     1.2
  KYT009  日吉          35.164  135.502    15    20     7            20     1.7
  SIG010  大津          34.972  135.897    11    14     9            19     2.0
  HYG015  三田          34.952  135.271    15    17     7            19     2.0
  NAR001  生駒          34.715  135.727    18    12    11            18     2.1
  OSK004  四條畷        34.740  135.639    11    11     6            13     1.9
  NARH06  山添          34.641  136.051     6     9     3            11     1.4
  OSKH05  大阪          34.716  135.520     7     8     6            10     1.3
  OSK003  豊中          34.767  135.468     8     9     4            10     1.8
  HYG008  生野          35.148  134.788     6     9     4             9     0.9
  OSK005  大阪          34.725  135.510     7     8     5             9     1.3
  SIGH03  信楽          34.853  136.032     8     7     4             9     1.5
  HYG010  丹南          35.059  135.178     6     7     3             8     1.2
  NAR002  奈良          34.668  135.835     6     8     2             8     1.0
  NAR004  榛原          34.528  135.951     6     4     2             8     0.7
  HYGH04  篠山          35.071  135.281     7     6     3             8     0.9
  MIEH03  嬉野          34.547  136.369     6     4     3             7     0.6
  MIE004  亀山          34.857  136.449     5     7     3             7     1.4
  SIG011  信楽          34.878  136.059     7     6     4             7     1.4
  KYTH04  美山          35.269  135.551     6     7     2             7     0.6
  SIG012  甲賀          34.904  136.231     4     5     3             6     0.8
  SIG009  甲西          35.005  136.085     4     6     3             6     1.3
  SIG006  志賀          35.200  135.921     5     4     2             6     0.8
  KYT015  広河原        35.250  135.767     4     5     1             6    <0.5
  KYT008  本庄          35.261  135.397     4     5     2             6     0.6
  SIG002  今津          35.422  136.024     5     4     2             6     0.9
  SIG007  近江八幡      35.134  136.096     5     3     1             5     1.1
  GIF012  東杉原        35.636  136.488     4     4     1             5     0.8
  MIE008  名張          34.629  136.107     4     4     3             5     1.0
  HYGH13  香住          35.621  134.657     2     4     1             5     1.1
  GIFH03  根尾          35.633  136.613     3     4     1             4     0.6
  HYGH08  加美          35.101  134.904     4     3     2             4     0.6
  KYT014  南山城        34.773  135.992     4     3     2             4     0.8
  MIE007  白山          34.644  136.337     4     3     2             4     0.7
  HYG018  姫路          34.814  134.687     2     4     2             4    <0.5
  MIE005  上野          34.768  136.115     3     4     2             4     0.8
  HYG022  西宮          34.746  135.350     3     3     3             4     1.2
  HYGH11  山東          35.292  134.907     4     2     2             4     0.8
  OKYH12  大原          35.100  134.319     2     4     1             4    <0.5
  SIG004  朽木          35.348  135.918     3     3     1             4     0.5
  OSKH02  此花          34.663  135.390     3     2     3             4     0.6
  GIFH07  春日          35.418  136.435     4     2     1             4    <0.5
  HYGH09  東条          34.908  135.084     3     3     4             4     0.8
  GIF026  美山          35.591  136.741     4     2     1             4    <0.5
  HYG023  明石          34.644  135.000     2     3     2             4     0.6
  HYG009  黒井          35.169  135.104     2     3     1             3     0.9
  NAR006  川上          34.338  135.954     3     3     2             3    <0.5
  MIE018  椿世          34.870  136.455     3     3     3             3     0.7
  HYG003  出石          35.462  134.876     2     3     1             3    <0.5
  KYT007  芦生          35.306  135.713     3     2     1             3    <0.5
  MIE017  宮川          34.362  136.335     2     3     1             3    <0.5
  NAR003  大和高田      34.517  135.719     3     3     2             3     0.5
  HYGH03  波賀          35.219  134.524     2     3     2             3    <0.5
  HYGH14  出石          35.457  134.862     2     2     1             3    <0.5
  SIG005  彦根          35.249  136.242     3     2     1             3     0.6
  MIE009  松阪          34.575  136.530     2     3     1             3     0.7
  MIEH02  大山田        34.766  136.284     1     2     3             3    <0.5
  MIE001  藤原          35.172  136.494     2     3     1             3    <0.5
  FKI010  高浜          35.490  135.551     3     3     1             3    <0.5
  HYG014  西脇          35.002  135.000     2     3     1             3    <0.5
  SIG008  永源寺        35.070  136.295     3     2     3             3     0.5
  GIF007  高根          36.038  137.486     3     2     1             3     0.6
  KYT004  宮津          35.535  135.196     2     2     1             3    <0.5
  KGW002  内海          34.473  134.314     2     2     1             3     0.5
  HYG024  東浦          34.533  134.990     2     2     1             3     0.6
  GIFH26  各務原        35.412  136.876     2     1     2             3     0.6
  KYT006  福知山        35.276  135.183     2     2     1             2    <0.5
  MIEH05  尾鷲          34.064  136.169     2     2     1             2    <0.5
  MIEH10  芸濃          34.822  136.424     2     2     1             2     0.5
  NAR007  大塔          34.221  135.737     1     2     1             2    <0.5
  KYTH01  野田川        35.524  135.124     2     2     1             2     0.5
  HYG005  和田山        35.341  134.862     2     2     1             2    <0.5
  FKI007  敦賀          35.645  136.058     2     2     1             2     0.5
  KYTH03  福知山        35.313  135.133     2     2     1             2    <0.5
  FKI006  今庄          35.773  136.200     1     1     0             2    <0.5
  FKIH02  織田          35.948  136.056     2     2     1             2    <0.5
  HYG020  三木          34.798  134.990     1     2     2             2    <0.5
  AICH21  南知多        34.740  136.939     1     2     1             2     0.7
  MIE003  四日市        34.970  136.636     1     2     1             2     0.5
  KYT002  久美浜        35.604  134.894     2     2     1             2    <0.5
  GIF022  上石津        35.283  136.471     2     1     1             2    <0.5
  AIC009  豊田          35.081  137.146     2     1     1             2    <0.5
  GIFH27  美濃加茂      35.453  137.004     1     1     0             2    <0.5
  FKI008  三方          35.548  135.908     1     2     1             2    <0.5
  FKIH04  三方          35.559  135.869     1     1     1             2    <0.5
  HYG021  神戸          34.690  135.158     2     1     1             2    <0.5
  GIF020  岐阜          35.425  136.757     1     1     0             2    <0.5
  AICH18  岡崎          34.964  137.238     1     1     0             2    <0.5
  GIFH09  羽島          35.277  136.700     1     1     1             1    <0.5
  MIEH06  宮川          34.358  136.329     1     1     1             1    <0.5
  AIC002  小牧          35.298  136.915     1     1     1             1    <0.5
  AICH12  幡豆          34.788  137.106     1     1     1             1     0.5
  GIFH23  板取          35.724  136.785     1     1     0             1    <0.5
  FKIH05  敦賀          35.639  136.030     1     1     1             1    <0.5
  NARH03  川上          34.292  136.002     1     1     1             1    <0.5
  HYGH12  新宮          34.931  134.542     1     1     1             1    <0.5
  OKY001  湯原          35.170  133.731     1     1     0             1    <0.5
  OSKH01  田尻          34.398  135.284     1     1     1             1    <0.5
  OKYH11  勝央          35.073  134.116     1     1     0             1    <0.5
  HYGH02  南光          35.067  134.423     1     0     0             1    <0.5
  GIFH18  馬瀬          35.899  137.149     1     1     0             1    <0.5
  MIEH07  志摩          34.254  136.822     0     1     0             1    <0.5
  WKYH09  和歌山        34.287  135.071     1     0     0             1    <0.5