最大加速度リスト

地震発生時刻   2016/04/14-20:58:00.00
震央北緯       35.7°
震央東経       139.6°
震源深さ       45.0km
マグニチュード M3.6

  コード  観測点名      緯度    経度     最大加速度 (ガル) 三成分合成値 計測震度
　　　　　 　　         北緯    東経      N-S   E-W   U-D        (ガル)         
  SITH04  所沢          35.803  139.535     6    13    27            27     0.7
  KNG001  川崎          35.529  139.706    17    24    11            24     2.1
  TKY005  町田          35.580  139.414    20    15     8            20     1.5
  CHB028  市川北        35.766  139.966    19     9     8            19     1.7
  TKY004  八王子        35.628  139.403    12    19    13            19     1.6
  TKY022  横網          35.687  139.796    16    15     6            18     1.9
  KNG008  相模原        35.575  139.327     7    17     8            18     1.6
  TKY013  砂町          35.660  139.834    15     9     7            17     1.6
  TKY026  宇喜田        35.670  139.863    15     8     6            17     1.5
  KNGH10  横浜          35.499  139.519    13     8     6            14     2.3
  TKY007  新宿          35.711  139.686    13    10    13            13     1.5
  TKY025  篠崎          35.714  139.897     7    13     5            13     1.3
  TKY027  瑞江          35.693  139.891    12     7     3            13     1.2
  TKY018  八枝          35.655  139.811    10     7     5            11     1.6
  TKY021  猿江          35.688  139.819     7    10     3            10     1.4
  TKY017  辰巳          35.647  139.809     8     9     5            10     1.2
  TKY020  塩浜          35.666  139.809     9     4     4             9     1.0
  TKY006  小金井        35.699  139.503     3     5     9             9     0.9
  KNG009  厚木          35.442  139.362     8     5     2             8     1.3
  SZO001  熱海          35.142  139.079     7     7     3             8    <0.5
  TKY014  亀戸          35.689  139.835     7     7     3             8     1.0
  CHB002  松戸          35.787  139.903     7     7     4             8     1.1
  TKY023  八広          35.725  139.825     5     7     4             7     1.1
  SIT010  大宮          35.907  139.648     2     1     7             7    <0.5
  TKY015  東白鬚        35.731  139.812     6     5     3             7     0.9
  TKYH12  八王子        35.670  139.265     4     6     5             7     0.8
  TKY028  越中島        35.669  139.789     6     5     5             7     1.0
  KNG006  二俣川        35.454  139.539     5     4     3             6     1.3
  SITH11  飯能          35.864  139.273     5     6     3             6     1.3
  KNG206  平塚ST6       35.097  139.378     3     5     1             6     1.3
  KNG203  平塚ST3       34.798  139.643     2     5     0             5     0.7
  TKY016  東雲          35.648  139.799     4     2     3             5     0.6
  SIT009  川越          35.903  139.483     3     2     5             5     0.6
  SIT011  川口          35.810  139.721     4     5     4             5     0.7
  SIT004  長瀞          36.118  139.105     3     2     3             5    <0.5
  CHB008  浦安          35.654  139.902     4     3     3             5     0.8
  TKY003  青梅          35.797  139.291     4     3     3             4     1.0
  TKYH13  檜原南        35.702  139.127     3     4     2             4    <0.5
  GNM001  片品          36.772  139.225     2     2     3             4    <0.5
  CHBH04  下総          35.797  140.021     3     4     2             4     0.5
  KNG012  秦野          35.379  139.205     3     3     3             4    <0.5
  CHB029  行徳          35.695  139.918     3     3     2             4     0.8
  SITH01  岩槻          35.929  139.735     1     1     4             4    <0.5
  KNG205  平塚ST5       34.941  139.421     2     3     1             4     0.7
  SITH06  川本          36.113  139.289     2     4     2             4    <0.5
  TKY002  桧原          35.730  139.145     3     3     2             3    <0.5
  SIT003  久喜          36.072  139.697     1     3     3             3     0.5
  IBR016  取手          35.911  140.049     3     2     3             3     0.6
  KNG005  鎌倉          35.319  139.546     2     3     3             3    <0.5
  SITH10  都幾川        35.996  139.219     3     3     2             3     0.5
  KNG204  平塚ST4       34.893  139.571     2     3     1             3    <0.5
  CHB014  姉崎          35.477  140.049     3     3     2             3     0.6
  SITH07  名栗          35.912  139.149     2     2     2             2    <0.5
  SIT008  春日部        35.983  139.746     2     2     1             2     0.5
  SIT012  飯能          35.840  139.321     2     1     2             2    <0.5
  KNGH21  清川          35.463  139.215     2     2     2             2    <0.5
  YMNH11  大月          35.625  138.978     2     2     1             2    <0.5
  SIT005  小川          36.056  139.263     1     2     1             2    <0.5
  SITH08  小鹿野        36.027  138.969     2     2     1             2    <0.5
  CHBH12  富津          35.344  139.855     1     1     1             2    <0.5
  IBR017  江戸崎        35.954  140.319     2     1     1             2    <0.5
  SIT007  東松山        36.054  139.391     1     2     1             2    <0.5
  GNMH12  神流          36.144  138.913     1     2     2             2    <0.5
  KNGH18  藤野          35.644  139.128     1     1     1             2    <0.5
  CHBH10  千葉          35.546  140.242     1     1     1             2    <0.5
  IBR011  つくば        36.125  140.090     1     1     1             1    <0.5
  IBRH10  石下          36.111  139.989     1     1     1             1    <0.5
  SZOH54  初島2         35.042  139.168     1     1     1             1    <0.5
  NGNH19  川上          35.974  138.584     1     1     1             1    <0.5
  GNMH05  伊勢崎        36.314  139.185     1     1     1             1    <0.5
  CHBH11  養老          35.287  140.153     1     1     1             1    <0.5
  IBRH07  江戸崎        35.952  140.330     1     0     1             1    <0.5
  IBRH19  つくば        36.214  140.089     1     0     0             1    <0.5
  NGNH24  松川          35.615  137.880     0     0     0             0    <0.5