最大加速度リスト

地震発生時刻   2020/09/27-13:13:00.00
震央北緯       35.1°
震央東経       137.8°
震源深さ       50.0km
マグニチュード M5.3

  コード  観測点名      緯度    経度     最大加速度 (ガル) 三成分合成値 計測震度
　　　　　 　　         北緯    東経      N-S   E-W   U-D        (ガル)         
  AIC006  稲武          35.216  137.509   154    85    26           166     3.6
  SZO026  春野          34.982  137.898   115   101    22           115     3.6
  SZOH28  浜松          34.668  137.744    76    73    33            93     3.7
  AICH10  鳳来          35.000  137.624    61    91    26            92     3.2
  AICH20  新城          34.898  137.488    73    78    31            85     3.3
  AICH22  豊橋北        34.785  137.439    80    60    23            84     3.9
  AIC015  豊橋          34.755  137.405    62    73    23            84     3.6
  SZO019  掛川          34.770  137.998    34    82    17            82     3.2
  NGNH25  南信濃        35.299  137.927    51    74    19            80     2.8
  AIC008  設楽          35.101  137.576    51    65    24            79     3.2
  NGNH14  平谷          35.309  137.626    63    64    24            73     3.2
  AICH19  作手          34.951  137.411    53    51    17            71     2.7
  SZOH34  清水北        35.130  138.424    69    23    13            70     3.4
  SZOH31  川根          34.940  138.077    62    47    13            65     3.4
  SZO021  本川根        35.097  138.133    53    37    18            60     3.2
  SZOH32  龍山東        35.009  137.841    52    54    24            59     3.3
  SZO023  天竜          34.874  137.816    49    47    38            56     3.5
  NGN025  天龍          35.286  137.857    38    42     9            54     2.6
  NGNH23  南木曽        35.606  137.611    49    27     9            54     2.6
  AICH16  設楽          35.154  137.535    19    49    15            52     2.9
  GIF023  土岐          35.388  137.216    39    29    17            47     3.0
  SZOH24  引佐          34.834  137.662    35    31    23            46     2.8
  AICH18  岡崎          34.964  137.238    28    41    16            45     2.6
  AIC010  作手          34.980  137.430    41    37    16            43     2.9
  SZO025  湖西          34.719  137.531    38    38    16            42     3.5
  SZO022  佐久間        35.092  137.814    26    35    18            41     3.0
  SZO018  榛原          34.740  138.224    35    37    10            40     3.3
  AIC013  長篠          34.934  137.576    33    35    11            37     2.5
  AIC005  藤岡          35.198  137.206    24    35     7            35     2.1
  SZOH53  掛川3         34.877  138.017    31    33    12            35     2.5
  AICH15  足助          35.139  137.336    27    28    26            34     2.4
  AICH07  旭            35.219  137.404    22    31    10            33     2.1
  SZO016  焼津          34.857  138.311    25    26     7            33     3.0
  AIC009  豊田          35.081  137.146    26    20     9            33     2.6
  SZO013  清水          35.041  138.476    29    21    16            32     3.2
  NGNH03  阿智2         35.479  137.735    22    27     9            32     2.3
  SZOH30  水窪北        35.223  137.918    26    29    13            31     2.5
  GIF024  明智          35.301  137.387    25    29     5            31     2.3
  SZO020  川根          35.008  138.147    21    23     9            31     2.3
  NGN024  飯田          35.523  137.837    27    22    13            27     2.7
  SZOH36  藤枝          34.914  138.201    25    20     9            25     2.6
  NGN022  南木曽        35.608  137.613    21    17     6            24     2.0
  AIC014  蒲郡          34.826  137.220    22    21     8            24     2.5
  GIF018  中津川        35.489  137.500    20    24     8            24     2.6
  AICH09  豊橋          34.664  137.390    22    16    15            24     2.8
  SZO005  松崎          34.755  138.784    22    12     4            23     2.0
  GIFH11  八百津        35.486  137.246    19    16     7            23     2.0
  GIFH28  中津川        35.457  137.471    21    18     9            23     2.7
  GIF019  恵那          35.450  137.404    22    20     7            22     2.2
  AICH12  幡豆          34.788  137.106    18    20     7            22     3.0
  SZOH25  新居          34.691  137.560    19    17    18            22     2.5
  SZO015  梅ヶ島        35.243  138.341    19    19    10            21     2.2
  SZO024  浜松          34.710  137.720    15    16    16            20     2.5
  GIF013  金山          35.664  137.162    17    16     5            20     1.3
  GIF010  下呂          35.803  137.245    13    13    11            20     2.5
  YMN009  六郷          35.496  138.463    19    15     9            20     3.0
  AIC002  小牧          35.298  136.915    18    12     4            19     2.6
  NGNH54  飯田          35.449  138.006    18    14    10            19     2.3
  GIF016  七宗          35.542  137.119    14    15     3            18     1.6
  GIF021  美濃加茂      35.443  137.000    16    18     5            18     1.9
  NGN023  大鹿          35.579  138.034    13    18     6            18     2.3
  AIC012  安城          34.912  137.045     9    16    15            18     2.2
  SZOH39  西伊豆西      34.799  138.772    16    12     5            16     1.8
  GIF015  美濃          35.545  136.907    15    11     4            15     1.7
  AICH11  春日井        35.306  137.057    12    11     7            15     1.6
  SZO011  富士宮        35.213  138.602    12    13     5            14     2.2
  NGN019  木曽福島      35.856  137.708    11    13     4            14     2.0
  NGN016  富士見        35.913  138.223    11    11     5            14     2.5
  AIC017  田原          34.673  137.261    13    13     8            14     2.5
  NGNH24  松川          35.615  137.880    11    13     7            13     2.5
  SZOH42  修善寺        34.976  138.913    12     9     4            13     2.1
  AICH04  安城          34.932  137.057    13    10     7            13     2.3
  YMN007  南部          35.279  138.465    12    12     5            13     1.9
  AIC001  尾西          35.298  136.750    12     8     4            13     2.3
  NGNH20  上松          35.787  137.717    10    11     4            12     1.7
  SZO003  東伊豆        34.816  139.055    10     8     6            12     2.0
  GIFH26  各務原        35.412  136.876    11    10     5            12     2.3
  YMN008  早川          35.432  138.332     8    10     7            11     1.6
  SZO014  静岡          34.965  138.374    10    10     4            11     2.2
  GIFH24  東白川        35.640  137.319     9    10     3            11     1.3
  SZO017  浜岡          34.637  138.128     8     7     7            11     2.1
  AIC016  美浜          34.779  136.909     9     8     3            10     2.0
  NGN021  駒ヶ根        35.730  137.934     8     8     2            10     1.8
  SZOH38  函南          35.085  138.978     9     6     3            10     1.5
  YMNH10  早川北        35.535  138.309     4    10     3            10     1.3
  GIFH09  羽島          35.277  136.700     9     8     2            10     2.4
  GIFH18  馬瀬          35.899  137.149     8     5     2             9     1.5
  NGNH18  開田          35.932  137.595     8     9     4             9     1.8
  GIFH22  金山          35.668  137.105     8     7     4             9     1.3
  AIC004  名古屋        35.063  136.974     7     6     8             9     1.6
  NGN018  王滝          35.813  137.530     8     7     4             9     1.8
  SZOH37  芝川          35.203  138.566     7     7     2             8     1.6
  YMNH15  上九一色      35.532  138.605     6     8     2             8     1.7
  GIF007  高根          36.038  137.486     7     6     5             8     1.6
  AICH13  清洲          35.218  136.851     6     7     4             8     2.0
  KNGH10  横浜          35.499  139.519     6     6     3             8     2.0
  AIC011  知多          34.996  136.864     7     7     7             8     1.8
  NGN015  諏訪          36.045  138.112     7     6     3             8     2.2
  GIF026  美山          35.591  136.741     7     5     2             7     1.0
  NGN020  伊那          35.828  137.953     5     7     3             7     1.7
  GIF011  八幡          35.759  136.981     3     7     3             7     1.0
  NGN014  小海          36.096  138.484     7     5     2             7     1.4
  GIFH03  根尾          35.633  136.613     4     7     2             7     1.3
  GNMH12  神流          36.144  138.913     5     6     2             7     1.5
  SZO004  南伊豆        34.647  138.819     5     6     2             7     1.2
  SZO027  西伊豆        34.790  138.801     5     7     3             7     1.3
  GIF014  付知          35.658  137.426     4     7     4             7     1.5
  YMN005  甲府          35.655  138.568     6     6     3             7     1.9
  GIFH12  坂内          35.603  136.413     7     5     2             7     1.1
  NGNH10  木祖          35.963  137.767     6     3     2             7     1.5
  KNG014  山北          35.361  139.083     6     4     3             6     1.5
  YMN004  塩山          35.702  138.727     5     6     2             6     1.5
  YMNH12  増穂          35.562  138.449     6     5     4             6     1.7
  YMNH11  大月          35.625  138.978     6     5     2             6     1.7
  GIFH21  美並          35.666  136.962     4     5     1             6     1.1
  GIF012  東杉原        35.636  136.488     4     5     1             6     0.8
  GIFH25  谷汲          35.521  136.613     5     5     2             6     1.5
  SIT014  中津川        35.995  138.801     3     6     1             6     1.0
  SZO012  蒲原          35.127  138.621     5     5     3             6     1.8
  SZOH41  南伊豆        34.675  138.834     5     5     2             6     1.0
  GIF008  小坂          35.952  137.260     5     3     2             5     1.2
  NGN017  楢川          35.975  137.826     4     4     3             5     1.1
  KNGH18  藤野          35.644  139.128     4     3     1             5     1.3
  GIFH23  板取          35.724  136.785     3     4     2             5     0.8
  NGNH15  辰野          36.009  137.930     4     5     2             5     1.0
  NGNH31  塩尻          36.118  137.939     3     5     2             5     1.0
  SIG011  信楽          34.878  136.059     2     5     1             5     1.7
  SIG005  彦根          35.249  136.242     4     3     2             5     1.5
  YMN002  大月          35.613  138.947     4     4     2             5     1.2
  GIFH08  大和          35.832  136.962     4     3     2             5     0.8
  MIE004  亀山          34.857  136.449     4     5     2             5     1.1
  GIF020  岐阜          35.425  136.757     3     4     2             4     1.5
  SIG003  長浜          35.377  136.264     4     3     1             4     1.5
  AIC018  渥美          34.622  137.108     3     4     2             4     1.0
  NGNH30  奈川          36.064  137.685     3     4     2             4     0.9
  SZOH35  伊東中        34.947  139.085     3     3     3             4     1.4
  SIG008  永源寺        35.070  136.295     3     4     2             4     1.2
  AIC003  津島          35.173  136.740     4     4     2             4     1.6
  KNG206  平塚ST6       35.097  139.378     4     4     1             4     1.4
  SITH08  小鹿野        36.027  138.969     3     3     2             4     1.4
  YMNH14  都留南        35.511  138.968     3     4     2             4     0.7
  SITH11  飯能          35.864  139.273     3     4     1             4     1.3
  TKY003  青梅          35.797  139.291     3     4     1             4     1.4
  TKY010  新島          34.378  139.257     4     3     2             4     1.1
  SZO006  土肥          34.911  138.794     4     4     2             4     0.8
  SZO007  修善寺        34.977  138.947     4     3     1             4     0.5
  SZO001  熱海          35.142  139.079     3     4     3             4     0.6
  YMN010  須玉          35.792  138.410     3     4     2             4     1.2
  YMNH16  甲府2         35.742  138.565     3     3     2             4     1.1
  SIGH01  多賀          35.238  136.360     3     3     2             4     1.1
  SZO002  伊東          34.965  139.103     3     3     2             3     1.0
  GIFH15  高山          36.134  137.221     3     2     2             3     1.2
  GIFH07  春日          35.418  136.435     2     3     1             3     0.5
  KNG205  平塚ST5       34.941  139.421     3     3     0             3     1.2
  SIG007  近江八幡      35.134  136.096     3     3     1             3     1.4
  YMN006  本栖          35.468  138.607     3     3     3             3     1.0
  KNGH19  山北中        35.417  139.044     3     3     2             3     0.7
  GIFH16  朝日北        36.094  137.344     1     3     1             3     0.5
  YMN011  芦安          35.638  138.383     2     3     1             3     1.0
  TKYH12  八王子        35.670  139.265     3     2     1             3     1.1
  NGNH17  佐久          36.142  138.550     2     2     1             3    <0.5
  SZO009  裾野          35.197  138.913     3     3     3             3     0.8
  YMN003  富士吉田      35.465  138.813     3     3     2             3     1.1
  SIG002  今津          35.422  136.024     2     2     1             3     0.9
  GIF017  揖斐川        35.483  136.571     3     2     2             3     1.1
  FKIH05  敦賀          35.639  136.030     3     2     1             3     1.2
  SIGH03  信楽          34.853  136.032     2     3     1             3     1.3
  MIE017  宮川          34.362  136.335     3     2     1             3    <0.5
  MIE013  南島          34.278  136.500     2     2     1             3     1.3
  GIFH06  高富          35.504  136.794     2     2     2             3     0.8
  SITH06  川本          36.113  139.289     3     2     1             3     0.9
  MIE007  白山          34.644  136.337     2     2     1             3    <0.5
  GNM014  坂本          36.347  138.721     2     2     1             2     1.0
  NARH06  山添          34.641  136.051     2     2     1             2    <0.5
  FKI007  敦賀          35.645  136.058     2     2     1             2     1.0
  MIE009  松阪          34.575  136.530     2     2     1             2     0.6
  MIE003  四日市        34.970  136.636     2     2     1             2     1.0
  SIG012  甲賀          34.904  136.231     2     2     1             2     0.9
  MIE018  椿世          34.870  136.455     2     2     1             2     0.6
  KNGH11  厚木          35.404  139.354     2     2     1             2     1.1
  YMN001  丹波山        35.789  138.920     2     2     1             2     0.6
  NGN013  安曇          36.183  137.785     2     2     1             2     0.7
  MIEH01  四日市        34.985  136.456     2     2     1             2     0.7
  MIE001  藤原          35.172  136.494     2     2     1             2     0.9
  SIT002  熊谷          36.148  139.388     1     2     1             2     0.8
  GNM016  万場          36.116  138.925     2     2     1             2     0.6
  MIE010  伊勢          34.491  136.733     2     2     1             2     0.6
  SIT004  長瀞          36.118  139.105     2     2     1             2    <0.5
  MIE005  上野          34.768  136.115     2     2     1             2     0.8
  SIT006  秩父          35.995  139.071     2     2     1             2     1.0
  GIFH17  高鷲          35.951  136.873     2     2     1             2     0.6
  MIE008  名張          34.629  136.107     2     2     1             2     0.8
  SITH07  名栗          35.912  139.149     2     2     1             2    <0.5
  SZO010  御殿場        35.313  138.906     2     2     1             2     0.7
  TCGH12  氏家          36.696  139.984     1     1     2             2    <0.5
  KNGH21  清川          35.463  139.215     2     2     1             2     0.5
  MIEH10  芸濃          34.822  136.424     2     2     1             2     0.6
  MIEH03  嬉野          34.547  136.369     2     1     1             2    <0.5
  GIF022  上石津        35.283  136.471     2     1     1             2     0.7
  TKY001  氷川          35.803  139.096     1     2     1             2    <0.5
  KNG012  秦野          35.379  139.205     1     1     1             2    <0.5
  SIG001  余呉          35.540  136.207     2     2     1             2     0.8
  TKY005  町田          35.580  139.414     2     2     1             2     0.7
  SZO028  川奈          34.952  139.138     1     2     1             2    <0.5
  FKI008  三方          35.548  135.908     2     2     1             2     1.1
  GIFH19  朝日南        36.022  137.391     2     1     1             2    <0.5
  FKI009  小浜          35.496  135.752     1     2     1             2     0.9
  FKI011  和泉          35.910  136.668     2     2     1             2    <0.5
  NGNH32  松本          36.258  137.990     2     1     1             2     0.5
  GIF005  高山          36.154  137.251     1     1     1             2     0.5
  SIGH04  日野          34.964  136.261     1     1     0             2    <0.5
  GIF009  白鳥          35.922  136.831     2     1     1             2    <0.5
  SIT010  大宮          35.907  139.648     1     1     0             2     0.9
  TKYH13  檜原南        35.702  139.127     1     1     1             2    <0.5
  NGN012  松本          36.256  137.978     2     1     1             2     0.7
  GIF002  河合          36.273  137.025     1     1     0             2    <0.5
  KNG010  平塚          35.334  139.345     1     1     1             2     0.7
  SIT008  春日部        35.983  139.746     1     1     0             1     0.8
  ISK014  加賀          36.303  136.315     1     1     1             1     0.9
  OSK004  四條畷        34.740  135.639     1     1     1             1     0.8
  SZOH54  初島2         35.042  139.168     1     1     1             1     0.5
  GNMH11  富岡          36.286  138.921     1     1     1             1     0.7
  CHB019  鋸南          35.111  139.835     1     1     1             1     0.7
  GNMH08  嬬恋          36.492  138.524     1     1     0             1     0.6
  IBRH11  岩瀬          36.370  140.140     1     1     0             1    <0.5
  OSK002  高槻          34.857  135.596     1     1     1             1     0.8
  MIEH07  志摩          34.254  136.822     1     1     1             1    <0.5
  MIEH02  大山田        34.766  136.284     1     1     0             1    <0.5
  KYTH01  野田川        35.524  135.124     1     1     0             1    <0.5
  MIEH06  宮川          34.358  136.329     1     1     1             1    <0.5
  GIFH14  上宝          36.249  137.517     1     1     0             1    <0.5
  FKIH01  永平寺        36.096  136.362     1     1     0             1    <0.5
  TCGH16  芳賀          36.548  140.075     1     1     0             1    <0.5
  NARH03  川上          34.292  136.002     1     1     1             1    <0.5
  KYTH08  京都          35.009  135.730     1     1     0             1    <0.5
  SITH04  所沢          35.803  139.535     1     1     0             1    <0.5
  NGNH34  大町中        36.533  137.820     1     1     0             1    <0.5
  TCGH10  大田原        36.858  140.023     1     0     0             1    <0.5
  TYMH07  利賀          36.441  137.039     0     0     0             1    <0.5
  NGNH28  戸隠          36.708  138.096     0     1     0             1    <0.5
  GIFH10  神岡          36.378  137.372     0     0     0             1    <0.5
  NGNH27  信州新        36.577  138.048     0     0     0             1    <0.5
  NARH02  十津川東      33.969  135.857     0     0     0             1    <0.5
  KYTH04  美山          35.269  135.551     0     0     0             0    <0.5
  NIGH17  妙高高原      36.857  138.097     0     0     0             0    <0.5
  HYGH09  東条          34.908  135.084     0     0     0             0    <0.5
  ISKH04  富来          37.190  136.718     0     0     0             0    <0.5
  TCGH06  真岡          36.446  139.951     0     0     0             0    <0.5
  MIEH09  紀宝          33.764  135.997     0     0     0             0    <0.5
  TCGH09  矢板          36.862  139.836     0     0     0             0    <0.5
  TCGH14  粟野          36.551  139.615     0     0     0             0    <0.5
  GNMH14  みどり        36.493  139.322     0     0     0             0    <0.5
  IBRH15  御前山        36.557  140.301     0     0     0             0    <0.5
  GNMH09  高山          36.621  138.907     0     0     0             0    <0.5