最大加速度リスト

地震発生時刻   2011/04/27-19:27:00.00
震央北緯       36.8°
震央東経       138.6°
震源深さ       0.0km
マグニチュード M4.6

  コード  観測点名      緯度    経度     最大加速度 (ガル) 三成分合成値 計測震度
　　　　　 　　         北緯    東経      N-S   E-W   U-D        (ガル)         
  NIGH19  湯沢          36.811  138.785    56    38    19            66     3.0
  GNM004  草津          36.617  138.592    28    61    15            62     3.0
  NGN003  山ノ内        36.740  138.413    30    42    21            42     2.2
  NGNH29  野沢温泉      36.910  138.441    37    40    21            41     2.8
  NGN001  飯山          36.851  138.366    34    31    16            36     2.6
  NIG023  津南          37.015  138.653    29    20    13            34     2.6
  GNMH13  水上2         36.862  139.063    25     9     4            26     2.2
  NIGH18  妙高          36.943  138.259    14    11     7            16     2.3
  GNM005  嬬恋          36.513  138.518     9    11     4            14     1.8
  GNMH08  嬬恋          36.492  138.524    13    11     5            14     2.0
  NGN002  信濃          36.807  138.207     8    10     5            13     1.9
  NIG024  安塚          37.127  138.444    12    11     4            12     1.9
  NIG019  小千谷        37.304  138.812     9    11     2            11     1.7
  GNM003  沼田          36.658  139.078    11     7     5            11     1.5
  GNM002  水上          36.782  138.970     7    10     4            10     1.3
  NGNH26  上山田        36.466  138.147    10     7     5            10     1.0
  NIG021  十日町        37.128  138.747     6     9     2             9     1.7
  NGNH07  中野          36.743  138.376     7     7     7             9     1.6
  NIGH11  川西          37.173  138.744     8     8     3             9     1.8
  NIGH14  塩沢          37.030  138.852     5     4     8             8     1.2
  NIG022  塩沢          37.036  138.846     5     7     5             8     1.7
  GNM006  吾妻          36.510  138.752     6     7     6             8     1.6
  NIG018  柏崎          37.372  138.558     5     7     2             7     1.2
  NIGH13  牧            37.054  138.397     6     6     3             6     1.3
  NIGH06  加茂          37.653  139.068     6     5     2             6     1.6
  NIG026  新井          37.023  138.251     5     4     1             5     1.2
  NGN007  杭瀬下        36.534  138.119     5     4     2             5     0.9
  GNM001  片品          36.772  139.225     4     2     4             5    <0.5
  NIG025  直江津        37.161  138.224     3     3     4             5     1.4
  GNM015  下仁田        36.229  138.758     2     4     1             4    <0.5
  GNM014  坂本          36.350  138.718     4     3     3             4     0.8
  NGN008  上田          36.402  138.249     3     3     1             4    <0.5
  TCG004  湯元          36.806  139.420     3     3     1             4     0.8
  NIGH15  六日          37.053  138.995     3     3     2             4    <0.5
  NIG017  長岡          37.442  138.843     3     3     1             4     0.9
  NIG027  糸魚川        37.023  137.862     4     2     1             4     0.8
  NGNH17  佐久          36.142  138.550     3     4     2             4    <0.5
  GNMH11  富岡          36.286  138.921     2     3     1             3     0.5
  NGN004  長野          36.649  138.194     3     3     2             3     0.6
  SIT014  中津川        35.995  138.801     3     3     1             3    <0.5
  NIGH01  長岡          37.427  138.888     2     3     1             3     1.0
  NIG028  長岡支所      37.426  138.886     2     3     1             3     0.9
  NIGH12  湯之谷        37.224  138.982     2     3     3             3    <0.5
  NGN014  小海          36.096  138.484     3     1     2             3    <0.5
  FKSH21  只見          37.342  139.315     2     2     1             3     0.6
  NIGH17  妙高高原      36.857  138.097     2     2     1             3     1.0
  NGNH28  戸隠          36.708  138.096     2     1     1             2     0.7
  NIGH10  上川          37.544  139.365     2     2     1             2    <0.5
  NGNH33  生坂          36.460  137.964     2     2     1             2    <0.5
  YMTH02  山形          38.269  140.258     2     1     0             2     0.7
  YMN009  六郷          35.496  138.463     2     2     0             2     0.8
  NIGH09  下田          37.539  139.128     2     2     1             2    <0.5
  SZOH37  芝川          35.203  138.566     2     1     0             2    <0.5
  NIGH07  村松          37.666  139.261     1     1     1             2    <0.5
  SITH08  小鹿野        36.027  138.969     2     2     0             2    <0.5
  FKS028  只見          37.349  139.314     2     1     1             2     0.6
  NIG005  松ヶ崎        37.920  138.498     1     2     1             2    <0.5
  NIG020  小出          37.233  138.962     2     1     1             2    <0.5
  GNMH09  高山          36.621  138.907     2     1     1             2    <0.5
  NIGH08  津川          37.671  139.465     1     1     0             2    <0.5
  NGN010  小諸          36.328  138.436     1     1     1             1    <0.5
  NGN006  大町          36.509  137.851     1     1     1             1    <0.5
  NGNH35  穂高          36.382  137.820     1     1     1             1    <0.5
  YMNH10  早川北        35.535  138.309     1     1     0             1    <0.5
  YMNH16  甲府2         35.742  138.565     1     1     0             1    <0.5
  GNMH05  伊勢崎        36.314  139.185     1     1     1             1    <0.5
  ISKH03  内浦          37.346  137.244     1     1     0             1    <0.5
  NGNH27  信州新        36.577  138.048     1     1     1             1    <0.5
  YMNH08  西野原        35.690  138.734     1     1     0             1    <0.5
  NGNH34  大町中        36.533  137.820     0     1     1             1    <0.5
  YMNH09  早川          35.433  138.333     0     1     0             1    <0.5
  ISKH01  珠洲          37.527  137.284     1     0     0             1    <0.5