最大加速度リスト

地震発生時刻   2019/05/27-04:04:00.00
震央北緯       36.7°
震央東経       140.7°
震源深さ       11.0km
マグニチュード M4.3

  コード  観測点名      緯度    経度     最大加速度 (ガル) 三成分合成値 計測震度
　　　　　 　　         北緯    東経      N-S   E-W   U-D        (ガル)         
  IBR003  日立          36.592  140.645   287   172   109           313     3.6
  IBRH13  高萩          36.795  140.575    69    26    31            69     2.8
  IBRH14  十王          36.692  140.548    30    36    19            46     1.9
  IBRH06  北茨城2       36.881  140.655    36    26    16            38     2.5
  IBR004  大宮          36.552  140.410    36    16    23            36     1.9
  IBR002  高萩          36.706  140.707    22    30    16            34     2.4
  IBRH15  御前山        36.557  140.301    23    24     7            30     2.0
  TCG014  茂木          36.545  140.174    19    18     6            27     2.3
  IBRH16  山方          36.641  140.398    16    15    13            20     1.9
  TCGH13  馬頭          36.734  140.178    17    14     9            19     2.0
  IBR007  那珂湊        36.352  140.595    15    16     6            18     1.8
  IBR006  水戸          36.367  140.454    15    15     8            18     1.7
  TCGH16  芳賀          36.548  140.075    15    16     6            18     2.0
  IBR013  鉾田          36.159  140.489    17    14     8            18     1.8
  FKS016  白河          37.123  140.191    10    15     4            16     1.8
  TCGH12  氏家          36.696  139.984     8    16     5            16     1.5
  FKSH10  西郷          37.162  140.093    13    15    10            16     2.0
  FKS013  古殿          37.090  140.556    14    12     9            16     2.0
  IBRH12  大子          36.837  140.318    12    15     6            16     1.9
  IBR001  大子          36.776  140.357    15     9     8            15     1.7
  FKSH08  長沼          37.282  140.214     7    14     4            15     1.3
  FKSH12  平田          37.217  140.570    13    11     8            14     2.1
  IBRH18  ひたちなか    36.363  140.620     8    10     9            12     1.5
  FKS014  矢祭          36.886  140.417     8    11     3            12     1.5
  IBR015  岩井          36.069  139.908    12     6     5            12     1.5
  FKS006  葛尾          37.503  140.759     7    11     5            11     1.9
  FKSH11  矢吹          37.201  140.339     8     9     6            11     1.5
  TCG009  今市          36.726  139.715    11    10     5            11     2.0
  IBRH11  岩瀬          36.370  140.140     9     9     5            10     1.6
  IBR005  笠間          36.385  140.237     9     8     5            10     1.6
  IBR014  土浦          36.073  140.195     9     7     4            10     1.4
  TCGH14  粟野          36.551  139.615     6     9     2            10     1.1
  IBR010  下妻          36.184  139.965     9     8     3             9     1.7
  FKS024  中野          37.396  140.132     5     8     2             9     1.6
  IBRH17  霞ヶ浦        36.086  140.314     9     6     4             9     1.3
  FKS009  小野          37.278  140.635     8     5     2             8     0.9
  TCG008  鹿沼          36.560  139.768     8     4     4             8     1.7
  IBR016  取手          35.911  140.049     7     7     4             8     1.5
  TCGH10  大田原        36.858  140.023     7     7     4             8     1.1
  TCGH11  今市          36.708  139.769     5     7     2             8     1.1
  FKS029  桧枝岐        37.016  139.380     7     4     1             8     0.6
  FKS019  二本松        37.603  140.437     6     7     3             8     1.1
  FKS012  勿来          36.907  140.793     7     7     6             7     1.5
  FKS018  郡山          37.396  140.362     4     7     3             7     1.2
  FKS008  船引          37.436  140.567     6     7     3             7     1.0
  IBR012  石岡          36.195  140.271     6     6     3             7     1.1
  FKSH09  郡山          37.353  140.426     5     7     3             7     0.9
  FKSH19  都路          37.470  140.723     6     7     3             7     1.2
  FKS015  棚倉          37.022  140.377     6     5     3             7     1.0
  IBRH10  石下          36.111  139.989     6     6     4             7     1.5
  FKS017  須賀川        37.284  140.369     6     6     3             7     1.5
  TCG013  真岡          36.437  140.023     4     6     3             7     1.2
  FKSH18  三春          37.489  140.538     4     6     3             6     1.2
  IBR017  江戸崎        35.954  140.319     5     6     4             6     1.1
  FKS004  飯舘          37.680  140.735     6     6     2             6     1.1
  IBR008  下館          36.306  139.983     3     6     2             6     0.8
  TCG006  小川          36.764  140.130     5     4     3             6     0.9
  IBR018  鹿嶋          35.977  140.632     4     5     2             5     0.9
  IBR011  つくば        36.125  140.090     5     4     2             5     1.0
  TCG015  芹沼          36.749  139.714     4     3     3             5     0.7
  TCG005  矢板          36.806  139.926     5     4     1             5     1.0
  TCG016  北高岡        36.529  140.156     3     4     1             4    <0.5
  TCG003  藤原          36.814  139.715     3     3     2             4     0.7
  GNM002  水上          36.782  138.970     3     3     1             4     0.5
  FKS023  会津若松      37.477  139.929     3     3     1             4     1.1
  GNM009  桐生          36.411  139.325     3     3     2             4     0.5
  MYG015  岩沼          38.105  140.870     3     3     1             3     0.9
  FKS010  広野          37.234  141.002     3     3     1             3     0.7
  MYGH07  川崎          38.180  140.641     3     3     1             3     0.7
  FKS003  福島          37.761  140.480     3     3     1             3     0.6
  GNM003  沼田          36.658  139.078     3     2     1             3     0.7
  IBRH07  江戸崎        35.952  140.330     2     2     3             3     0.8
  IBRH19  つくば        36.214  140.089     3     2     2             3    <0.5
  GNM001  片品          36.772  139.225     3     3     2             3    <0.5
  TCGH06  真岡          36.446  139.951     3     2     1             3     0.5
  TCG007  宇都宮        36.569  139.886     1     3     1             3    <0.5
  MYGH10  山元          37.941  140.892     2     3     1             3     0.5
  FKS002  梁川          37.845  140.601     3     3     1             3     0.6
  TCG001  黒磯          36.942  140.083     3     3     2             3    <0.5
  FKSH14  いわき東      37.026  140.970     3     3     2             3     0.7
  TCGH09  矢板          36.862  139.836     2     2     1             3    <0.5
  FKS020  猪苗代        37.547  140.108     3     2     1             3     0.6
  FKS011  いわき        37.091  140.904     2     2     2             3     0.5
  CHBH13  成田          35.831  140.298     2     3     1             3    <0.5
  FKSH17  川俣          37.664  140.597     2     3     1             3     0.6
  TCG010  足尾          36.635  139.438     2     3     1             3    <0.5
  SIT008  春日部        35.983  139.746     2     2     1             3     0.8
  FKS031  川内          37.336  140.813     2     2     1             2    <0.5
  FKSH02  熱塩加納      37.732  139.882     2     2     1             2    <0.5
  CHBH06  匝瑳          35.721  140.505     2     2     1             2    <0.5
  FKS001  相馬          37.795  140.920     2     2     1             2     0.7
  TCG011  葛生          36.387  139.614     2     2     1             2    <0.5
  IBR009  古河          36.185  139.704     2     2     1             2     0.5
  SITH01  岩槻          35.929  139.735     2     1     1             2     0.5
  FKSH05  下郷          37.254  139.873     2     1     1             2    <0.5
  YMTH06  高畠          37.963  140.184     2     2     1             2    <0.5
  FKSH20  浪江          37.491  140.987     1     2     1             2    <0.5
  CHBH04  下総          35.797  140.021     2     2     1             2    <0.5
  CHB002  松戸          35.787  139.903     2     1     1             2    <0.5
  GNMH14  みどり        36.493  139.322     1     2     1             2    <0.5
  CHB012  東金          35.573  140.333     1     2     1             2    <0.5
  FKS021  喜多方        37.654  139.863     1     2     0             2    <0.5
  TKY027  瑞江          35.693  139.891     1     2     1             2    <0.5
  SIT003  久喜          36.072  139.697     2     1     1             2     0.5
  MYG016  白石          38.008  140.621     1     2     1             2    <0.5
  TCGH08  栗山東        36.883  139.646     2     2     1             2    <0.5
  MYGH14  利府          38.340  140.955     2     1     1             2     0.5
  FKS028  只見          37.304  139.362     2     1     0             2    <0.5
  SIT001  本庄          36.243  139.194     1     1     0             2    <0.5
  GNMH07  利根          36.700  139.210     1     1     1             2    <0.5
  MYG017  角田          37.976  140.782     1     2     1             2    <0.5
  TKY025  篠崎          35.714  139.897     1     1     1             2    <0.5
  GNMH05  伊勢崎        36.314  139.185     1     1     0             1    <0.5
  GNM014  坂本          36.347  138.721     1     1     1             1    <0.5
  MYGH09  白石          38.009  140.603     1     1     1             1    <0.5
  YMTH02  山形          38.269  140.258     1     1     0             1    <0.5
  CHBH10  千葉          35.546  140.242     1     1     1             1    <0.5
  MYGH08  岩沼          38.113  140.844     1     1     0             1    <0.5
  GNMH11  富岡          36.286  138.921     1     1     0             1    <0.5
  YMTH07  米沢          37.896  140.028     0     1     0             1    <0.5