最大加速度リスト

地震発生時刻   2020/11/22-19:06:00.00
震央北緯       36.6°
震央東経       141.1°
震源深さ       40.0km
マグニチュード M5.8

  コード  観測点名      緯度    経度     最大加速度 (ガル) 三成分合成値 計測震度
　　　　　 　　         北緯    東経      N-S   E-W   U-D        (ガル)         
  IBR004  大宮          36.552  140.410   291   170    69           291     4.1
  IBRH11  岩瀬          36.370  140.140   151   231    85           260     4.4
  IBR003  日立          36.592  140.645   162   222    80           245     4.0
  TCG014  茂木          36.545  140.174   170   165    65           220     4.5
  IBR013  鉾田          36.159  140.489   211   153    75           219     4.3
  IBR005  笠間          36.385  140.237   134   171    48           190     4.5
  IBR002  高萩          36.706  140.707   102   188    65           188     4.3
  IBR006  水戸          36.367  140.454   133   110    48           158     3.8
  IBRH15  御前山        36.557  140.301   132    99    35           146     3.7
  IBRH18  ひたちなか    36.363  140.620    70   145    40           146     4.1
  IBR007  那珂湊        36.352  140.595   130    90    58           142     4.0
  TCGH13  馬頭          36.734  140.178   130   134    35           141     4.0
  FKSH12  平田          37.217  140.570   129    46    34           129     3.6
  IBRH06  北茨城2       36.881  140.655    90    99    68           126     3.5
  IBRH14  十王          36.692  140.548    93    93    31           121     3.1
  IBR001  大子          36.776  140.357   108    64    28           112     4.1
  IBR014  土浦          36.073  140.195    66   112    26           112     3.6
  FKS008  船引          37.436  140.567    59    99    19           105     3.4
  TCGH16  芳賀          36.548  140.075    85    89    31            94     3.9
  FKS016  白河          37.123  140.191    61    89    30            93     3.6
  FKSH09  郡山          37.353  140.426    90    81    18            92     3.2
  FKS014  矢祭          36.886  140.417    68    83    16            84     3.4
  IBRH16  山方          36.641  140.398    64    58    48            81     3.2
  FKSH10  西郷          37.162  140.093    72    67    48            78     3.4
  IBRH13  高萩          36.795  140.575    59    70    43            71     3.6
  FKSH11  矢吹          37.201  140.339    63    63    23            71     3.5
  IBR012  石岡          36.195  140.271    60    66    32            71     3.3
  FKS024  中野          37.396  140.132    61    47    19            69     3.6
  FKS017  須賀川        37.284  140.369    57    44    26            68     3.7
  FKS018  郡山          37.396  140.362    46    63    19            67     3.9
  TCG006  小川          36.764  140.130    61    37    18            66     3.3
  FKS011  いわき        37.091  140.904    64    39    25            65     3.3
  IBR018  鹿嶋          35.977  140.632    41    63    12            63     3.1
  TCG013  真岡          36.437  140.023    44    61    28            62     3.2
  FKS012  勿来          36.907  140.793    40    55    24            59     3.5
  IBR016  取手          35.911  140.049    41    36    21            54     2.9
  FKS006  葛尾          37.503  140.759    26    53    13            53     3.3
  FKSH18  三春          37.489  140.538    49    43    17            53     3.2
  TCGH10  大田原        36.858  140.023    50    35    21            53     3.1
  FKS023  会津若松      37.477  139.929    48    36     9            52     3.6
  IBR011  つくば        36.125  140.090    33    48    12            52     3.1
  FKS015  棚倉          37.022  140.377    50    26    12            52     2.7
  IBR017  江戸崎        35.954  140.319    39    34    23            52     2.9
  FKS013  古殿          37.090  140.556    48    37    30            50     3.3
  FKS009  小野          37.278  140.635    43    45    13            50     2.9
  FKS019  二本松        37.603  140.437    35    42    19            47     3.0
  IBR010  下妻          36.184  139.965    32    42    17            46     3.1
  TCGH12  氏家          36.696  139.984    40    31    26            46     2.9
  TCG009  今市          36.726  139.715    44    37    18            46     3.3
  IBRH17  霞ヶ浦        36.086  140.314    39    40    25            45     3.0
  FKS007  大熊          37.406  140.963    27    43    14            45     2.9
  FKSH08  長沼          37.282  140.214    37    40    11            43     2.8
  FKSH19  都路          37.470  140.723    27    39    17            42     2.9
  CHB007  佐倉          35.723  140.227    41    22    13            42     3.1
  FKS004  飯舘          37.680  140.735    36    36    14            40     2.7
  MYG015  岩沼          38.105  140.870    23    35    10            38     3.0
  TCGH06  真岡          36.446  139.951    30    35     7            37     2.7
  TCG012  小山          36.286  139.805    32    30    13            37     3.1
  FKS010  広野          37.234  141.002    24    32    11            36     2.9
  TCGH11  今市          36.708  139.769    31    29    10            35     2.5
  IBR015  岩井          36.069  139.908    32    25    15            35     2.9
  IBR008  下館          36.306  139.983    30    34    15            35     2.9
  FKSH14  いわき東      37.026  140.970    32    30    14            34     3.3
  TCG016  北高岡        36.529  140.156    29    32    15            34     2.7
  IBRH07  江戸崎        35.952  140.330    27    24    23            34     3.2
  FKSH20  浪江          37.491  140.987    22    33    11            34     3.4
  CHBH06  匝瑳          35.721  140.505    32    31    15            33     2.9
  IBRH10  石下          36.111  139.989    30    29    18            33     3.0
  CHB003  白井          35.794  140.056    30    25    17            33     3.0
  TCGH14  粟野          36.551  139.615    31    23     7            31     2.1
  CHB004  佐原          35.901  140.490    24    30    14            30     2.7
  IBRH19  つくば        36.214  140.089    22    22    11            30     2.4
  SIT008  春日部        35.983  139.746    15    27     6            29     2.9
  FKS029  桧枝岐        37.016  139.380    21    21     3            29     1.8
  CHB001  野田          35.959  139.873    26    28    14            28     2.8
  FKS031  川内          37.336  140.813    15    24    11            28     2.6
  FKSH17  川俣          37.664  140.597    27    21     6            28     2.8
  MYGH07  川崎          38.180  140.641    19    25     7            27     2.4
  MYGH10  山元          37.941  140.892    19    24     6            26     2.5
  MYGH13  南三陸        38.699  141.418    26     9     6            26     2.8
  FKS020  猪苗代        37.547  140.108    23    16     5            26     3.0
  GNM011  太田          36.291  139.361    22    21     6            25     2.7
  FKS003  福島          37.761  140.480    17    21     9            24     3.0
  SIT004  長瀞          36.118  139.105    16    23     5            24     2.0
  GNM009  桐生          36.411  139.325    19    23     8            23     2.5
  TCG001  黒磯          36.942  140.083    17    23    18            23     2.7
  TCG015  芹沼          36.749  139.714    19    23     8            23     2.1
  SITH06  川本          36.113  139.289    22    17     5            22     2.3
  CHBH13  成田          35.831  140.298    16    19    11            22     2.7
  TCG003  藤原          36.814  139.715    21    20    10            21     2.2
  GNMH12  神流          36.144  138.913    19    14    12            21     2.5
  TCG008  鹿沼          36.560  139.768    16    12    10            21     2.4
  TCG005  矢板          36.806  139.926    19    16     4            20     2.3
  CHB002  松戸          35.787  139.903    18    14    10            20     2.2
  CHB006  成田          35.780  140.307    12    19    11            20     2.3
  FKS005  原町          37.639  140.985    18    15     6            19     2.2
  CHB028  市川北        35.766  139.966    18    16    14            18     2.4
  TKY027  瑞江          35.693  139.891    14    16     5            18     2.3
  GNM002  水上          36.782  138.970    16     9     3            17     1.6
  GNM001  片品          36.772  139.225    16    13     6            16     1.8
  FKSH16  福島          37.764  140.377    12    11     4            16     2.2
  GNM012  伊勢崎        36.315  139.192    12    16     7            16     2.4
  TCGH09  矢板          36.862  139.836    14    15     5            15     1.8
  CHB012  東金          35.573  140.333    12    15     7            15     2.3
  CHBH04  下総          35.797  140.021    13    15     9            15     2.3
  MYGH14  利府          38.340  140.955    13     9     7            15     2.3
  GNM010  館林          36.234  139.533    15    12     6            15     2.1
  CHB009  千葉          35.608  140.102    10    14     8            15     2.1
  CHB010  八日市場      35.708  140.568    15    13     5            15     2.2
  FKS001  相馬          37.795  140.920    14    14     7            15     2.3
  SITH11  飯能          35.864  139.273    14    14     6            15     2.2
  SIT011  川口          35.810  139.721    14    11     4            14     2.3
  FKS002  梁川          37.845  140.601    14    12     4            14     2.1
  SIT006  秩父          35.995  139.071    14    11     4            14     2.1
  TCG010  足尾          36.635  139.438    13    10     6            14     1.9
  TCG007  宇都宮        36.569  139.886    11    11     8            14     1.7
  YMTH06  高畠          37.963  140.184     8    13     3            14     2.3
  SIT003  久喜          36.072  139.697    11    13    11            14     2.5
  TCG011  葛生          36.387  139.614     9    13     7            14     1.8
  FKS027  滝原          37.070  139.681     8    13     4            13     1.2
  SITH05  神泉          36.151  139.050    12    11     3            13     1.6
  MYGH08  岩沼          38.113  140.844     7    13     4            13     2.2
  SITH08  小鹿野        36.027  138.969    12    12     2            13     1.8
  KNGH10  横浜          35.499  139.519    11    11     7            13     2.5
  MYG017  角田          37.976  140.782    12    11     5            13     2.5
  SIT009  川越          35.903  139.483    10    12     7            13     2.1
  SIT007  東松山        36.054  139.391    11    11     4            12     1.9
  FKS025  下郷          37.308  139.900     9    10     7            12     1.7
  IBR009  古河          36.185  139.704    11    11     5            12     2.0
  MYG014  作並          38.318  140.636     9    12     4            12     2.3
  IBRH20  波崎2         35.828  140.732    10    12     4            12     2.0
  CHB029  行徳          35.695  139.918     9     8     4            12     2.2
  GNM003  沼田          36.658  139.078    12    10     4            12     1.9
  TKYH12  八王子        35.670  139.265    11     6     4            12     1.8
  TCGH07  栗山西        36.882  139.453    11    12     5            12     2.0
  TKY007  新宿          35.711  139.686     9    12     7            12     1.9
  TKY026  宇喜田        35.670  139.863     9    11     5            12     2.1
  TKY018  八枝          35.655  139.811     8     8     8            11     2.1
  TKY003  青梅          35.797  139.291    10    11     3            11     2.2
  GNM016  万場          36.116  138.925    10    10     3            11     1.7
  MYG002  歌津          38.726  141.511     8    11     3            11     1.2
  TKY017  辰巳          35.647  139.809     9     8     8            11     2.1
  FKS022  西会津        37.600  139.647    10     8     3            11     2.3
  MYG016  白石          38.008  140.621     9     8     5            11     2.0
  FKSH05  下郷          37.254  139.873     8    11     3            11     1.9
  TKY021  猿江          35.688  139.819     7    10     4            11     2.3
  CHB011  蓮沼          35.588  140.497     6    10     3            11     1.9
  TKY025  篠崎          35.714  139.897     6     9     4            10     1.9
  TKY024  奥戸          35.740  139.862     8     8     7            10     2.1
  MYG012  塩竈          38.329  141.013     9     6     3            10     1.8
  TKY023  八広          35.725  139.825     6     8     4            10     2.1
  CHB024  稲毛          35.633  140.078     8    10     4            10     2.1
  GNMH14  みどり        36.493  139.322     5     9     5             9     1.2
  CHBH10  千葉          35.546  140.242     9     7     5             9     1.7
  SIT005  小川          36.056  139.263     9     9     3             9     1.7
  GNM006  吾妻          36.510  138.752     9     7     5             9     1.6
  YMT011  上山          38.150  140.267     9     6     3             9     2.2
  SITH07  名栗          35.912  139.149     6     9     2             9     1.2
  SIT010  大宮          35.907  139.648     7     8     4             9     2.3
  KNG206  平塚ST6       35.097  139.378     6     9     2             9     2.3
  CHBH19  蓮沼          35.594  140.511     9     7     4             9     1.9
  TKY013  砂町          35.660  139.834     7     7     5             9     2.0
  IWT012  北上          39.321  141.138     9     8     2             9     1.9
  MYG006  古川          38.566  140.977     7     9     3             9     2.2
  TKY022  横網          35.687  139.796     8     8     4             9     2.1
  TCGH08  栗山東        36.883  139.646     8     8     4             9     1.6
  GNM013  高崎          36.318  139.018     9     7     3             9     2.1
  KNG008  相模原        35.575  139.327     7     6     4             8     1.8
  TKY014  亀戸          35.689  139.835     6     8     5             8     1.9
  MYG010  石巻          38.429  141.282     8     6     2             8     2.1
  CHB008  浦安          35.654  139.902     7     6     4             8     2.1
  TKY015  東白鬚        35.731  139.812     7     6     5             8     1.9
  KNG001  川崎          35.529  139.706     6     7     5             8     1.9
  TCG004  湯元          36.806  139.420     5     7     6             8     1.5
  YMT015  米沢          37.904  140.100     5     8     2             8     2.1
  MYGH09  白石          38.009  140.603     5     6     4             8     1.8
  GNMH07  利根          36.700  139.210     7     7     3             8     1.2
  TKY028  越中島        35.669  139.789     6     7     4             7     2.1
  FKSH02  熱塩加納      37.732  139.882     7     6     4             7     1.6
  KNGH18  藤野          35.644  139.128     4     7     2             7     1.6
  TKY004  八王子        35.628  139.403     5     7     2             7     1.7
  SIT002  熊谷          36.148  139.388     7     5     4             7     1.8
  MYG013  仙台          38.266  140.929     6     7     4             7     1.9
  FKS026  南郷          37.266  139.539     4     6     2             7     1.3
  GNM014  坂本          36.347  138.721     6     6     3             7     1.5
  KNG002  横浜          35.437  139.634     7     4     3             7     1.9
  TCG002  塩原          36.990  139.803     6     6     4             7     1.6
  YMTH04  上山          38.081  140.298     6     7     2             7     1.2
  FKSH06  伊南          37.172  139.520     4     6     2             7     1.0
  CHB005  銚子          35.736  140.830     7     5     3             7     1.7
  FKS028  只見          37.304  139.362     5     6     2             7     1.4
  TKY005  町田          35.580  139.414     6     5     2             6     1.7
  IWT007  釜石          39.270  141.856     6     5     2             6     1.4
  KNGH11  厚木          35.404  139.354     5     5     1             6     2.1
  TKYH13  檜原南        35.702  139.127     5     6     2             6     1.0
  MYGH11  河北          38.516  141.342     5     5     3             6     1.1
  SIT013  所沢          35.797  139.466     5     5     3             6     1.6
  MYG008  北上          38.568  141.427     6     5     2             6     1.2
  GNM008  前橋          36.348  139.137     5     6     3             6     1.8
  YMNH11  大月          35.625  138.978     5     5     2             6     1.8
  TKY016  東雲          35.648  139.799     4     5     5             6     1.7
  FKS021  喜多方        37.654  139.863     6     5     2             6     1.7
  MYG003  東和          38.735  141.311     6     5     2             6     1.1
  GNM007  渋川          36.464  139.009     6     5     2             6     1.5
  SITH04  所沢          35.803  139.535     5     3     2             6     1.3
  TKY001  氷川          35.803  139.096     4     5     2             6     0.9
  MYG004  築館          38.732  141.027     5     5     2             6     1.6
  YMN009  六郷          35.496  138.463     6     4     1             6     1.9
  MYG007  豊里          38.588  141.251     5     6     3             6     1.5
  CHB022  富津          35.308  139.860     3     5     1             6     1.4
  YMTH02  山形          38.269  140.258     5     5     2             6     1.7
  KNG009  厚木          35.442  139.362     5     5     2             6     1.8
  SIT014  中津川        35.995  138.801     5     5     1             6     1.0
  TKY006  小金井        35.699  139.503     5     5     3             5     1.7
  IWTH27  陸前高田      39.031  141.532     4     5     1             5     1.2
  IWTH05  藤沢          38.865  141.351     5     4     2             5     1.2
  IWTH02  玉山          39.825  141.383     4     5     1             5     1.2
  NIG012  鹿瀬          37.686  139.477     5     4     2             5     1.8
  IWT020  藪川          39.784  141.329     3     5     2             5     1.8
  KNG205  平塚ST5       34.941  139.421     5     4     1             5     1.7
  TKY020  塩浜          35.666  139.809     5     4     3             5     1.8
  CHB015  木更津        35.374  139.916     4     4     3             5     1.8
  IWTH04  住田          39.181  141.391     4     5     1             5     1.3
  IWT026  相去          39.257  141.098     4     4     3             5     1.4
  MYG011  牡鹿          38.305  141.504     3     4     1             5     0.9
  IWT009  大東          39.019  141.403     4     4     1             5     0.7
  KNG013  小田原        35.264  139.152     3     4     4             5     1.9
  IWT003  普代          40.008  141.886     4     4     1             5     1.8
  CHB017  市場          35.299  140.076     4     3     2             5     1.5
  CHB013  茂原          35.433  140.291     4     5     2             5     1.4
  GNMH13  水上2         36.862  139.063     4     4     1             5     1.3
  NIGH02  朝日          38.280  139.549     2     5     2             5     1.8
  NGN014  小海          36.096  138.484     4     2     1             5     1.0
  KNG202  平塚ST2       34.740  139.839     4     4     2             4     1.4
  GNM004  草津          36.617  138.592     4     3     2             4     1.2
  IWTH20  花巻南        39.343  141.047     3     4     1             4     1.4
  MYG001  気仙沼        38.901  141.568     3     4     2             4     1.1
  GNMH08  嬬恋          36.492  138.524     4     3     2             4     1.4
  SIT001  本庄          36.243  139.194     4     3     2             4     1.5
  FKSH07  檜枝岐        37.010  139.375     4     4     1             4     0.5
  GNMH11  富岡          36.286  138.921     4     4     2             4     1.1
  YMN005  甲府          35.655  138.568     3     4     1             4     1.6
  MYG009  大和          38.447  140.887     4     4     2             4     1.6
  IWTH26  一関東        38.969  141.001     3     4     2             4     1.1
  KNG201  平塚ST1       34.596  139.918     1     4     0             4     1.4
  KNG004  三崎          35.144  139.622     3     3     1             4     1.2
  CHB019  鋸南          35.111  139.835     3     3     1             4     2.0
  KNG010  平塚          35.334  139.345     3     4     1             4     1.8
  KNG006  二俣川        35.454  139.539     4     4     1             4     1.3
  NIG011  新津          37.801  139.144     3     4     1             4     1.5
  YMN001  丹波山        35.789  138.920     4     3     1             4     0.8
  YMN002  大月          35.613  138.947     3     3     1             4     1.2
  MYGH05  小野田        38.579  140.780     4     4     2             4     1.5
  SIT012  飯能          35.840  139.321     3     2     1             4     0.8
  YMTH07  米沢          37.896  140.028     3     2     1             4     1.3
  IWT004  田老          39.736  141.967     4     4     2             4     1.3
  CHB016  岬            35.300  140.387     3     4     1             4     1.6
  GNM015  下仁田        36.229  138.758     3     3     1             4     0.5
  YMT007  東根          38.431  140.391     3     3     1             4     1.2
  IWT014  石鳥谷        39.484  141.147     2     3     1             4     1.2
  IWT013  遠野          39.329  141.564     3     3     1             3     1.2
  KNG203  平塚ST3       34.798  139.643     3     3     1             3     1.1
  YMT014  下屋地        37.921  139.870     3     3     1             3     1.0
  IWTH21  山田          39.473  141.934     3     3     1             3     0.7
  NIGH06  加茂          37.653  139.068     3     2     1             3     1.2
  IWTH28  一関西2       39.009  140.864     3     3     1             3     1.1
  SZO003  東伊豆        34.816  139.055     3     3     1             3     1.0
  GNM005  嬬恋          36.513  138.518     3     3     1             3     0.9
  CHB026  長南          35.387  140.237     3     2     2             3     1.1
  MYGH04  東和          38.786  141.325     3     3     1             3     0.6
  YMN004  塩山          35.702  138.727     3     3     1             3     1.3
  AOMH16  新郷          40.462  141.092     3     2     1             3     1.2
  IWT017  門馬          39.634  141.438     2     3     1             3     0.7
  YMT008  中村          38.386  139.992     2     3     1             3     1.5
  NGN016  富士見        35.913  138.223     3     3     1             3     1.4
  MYG018  伊里前        38.719  141.523     3     2     1             3     0.6
  YMTH14  西川西        38.386  139.992     3     3     1             3     1.4
  NGN015  諏訪          36.045  138.112     3     2     1             3     1.7
  CHB018  勝浦          35.158  140.322     3     1     1             3     0.9
  NIGH08  津川          37.671  139.465     3     2     2             3     1.5
  IWT021  西根          39.920  141.082     3     2     1             3     1.0
  MYG019  鳴子温泉      38.751  140.723     2     3     1             3     0.9
  SZOH42  修善寺        34.976  138.913     3     3     1             3     1.1
  YMNH14  都留南        35.511  138.968     2     3     1             3     0.5
  SZO011  富士宮        35.213  138.602     2     3     1             3     1.0
  YMN003  富士吉田      35.465  138.813     2     3     1             3     1.3
  IWTH19  花巻北        39.456  141.000     2     3     1             3     0.5
  CHBH12  富津          35.344  139.855     2     2     1             3     1.2
  TKY002  桧原          35.730  139.145     2     3     1             3     0.7
  KNG014  山北          35.361  139.083     2     3     1             3     1.2
  KNG204  平塚ST4       34.893  139.571     2     2     1             3     1.2
  YMN010  須玉          35.792  138.410     2     2     1             3     1.2
  NIG013  巻            37.764  138.883     2     2     1             3     1.4
  CHBH16  鴨川          35.138  139.965     2     2     1             2     1.3
  NGNH19  川上          35.974  138.584     2     2     1             2     1.0
  IWTH22  東和          39.334  141.302     2     2     1             2     0.5
  IWTH08  久慈北        40.269  141.783     1     2     0             2     1.0
  YMTH15  西川東        38.426  140.125     2     2     1             2     1.1
  IWTH12  九戸          40.153  141.424     2     2     1             2     0.8
  AKTH06  雄勝          38.980  140.495     2     1     1             2     0.6
  YMT013  小国          38.062  139.757     2     2     1             2     1.0
  IWT011  水沢          39.145  141.152     2     2     1             2     1.0
  SZOH35  伊東中        34.947  139.085     2     2     1             2     1.1
  KNGH20  松田          35.366  139.126     2     2     1             2     0.8
  SZOH34  清水北        35.130  138.424     2     1     1             2     0.7
  KNG011  藤野          35.615  139.155     2     2     1             2     0.8
  YMT006  尾花沢        38.600  140.405     2     2     1             2     1.0
  IWTH23  釜石          39.274  141.823     2     2     1             2    <0.5
  NIGH10  上川          37.544  139.365     2     1     1             2     0.6
  KNG007  藤沢          35.338  139.493     2     2     2             2     1.2
  IWT018  盛岡          39.695  141.148     1     2     1             2     0.5
  IWT006  山田          39.485  141.975     2     2     1             2     0.7
  YMT005  肘折          38.607  140.162     2     2     1             2     1.0
  IWT010  一関          38.935  141.126     2     2     1             2     0.9
  YMTH11  最上          38.713  140.554     2     2     1             2     1.0
  NIG007  村上          38.230  139.486     2     2     1             2     1.4
  IWTH14  田老          39.743  141.909     2     2     0             2    <0.5
  IWTH01  二戸東        40.238  141.342     2     2     1             2     0.8
  NGNH17  佐久          36.142  138.550     2     2     1             2    <0.5
  KNG012  秦野          35.379  139.205     2     2     1             2     0.9
  NIGH19  湯沢          36.811  138.785     2     2     2             2     0.7
  AKTH04  東成瀬        39.174  140.713     2     2     1             2     0.6
  YMN006  本栖          35.468  138.607     1     2     1             2     1.0
  MYGH03  唐桑          38.921  141.638     1     2     1             2    <0.5
  YMTH09  戸沢          38.750  140.178     1     2     0             2     0.7
  IWT008  大船渡        39.081  141.708     1     2     1             2    <0.5
  CHB020  鴨川          35.115  140.102     2     2     1             2     1.1
  IWT001  種市          40.410  141.719     2     2     1             2     0.7
  GNMH09  高山          36.621  138.907     1     2     1             2     0.5
  CHBH11  養老          35.287  140.153     2     2     1             2     1.0
  TKY008  岡田          34.785  139.391     2     2     1             2     0.6
  FKS030  金山          37.453  139.513     2     2     2             2     0.8
  YMTH03  南陽          38.103  140.155     1     2     1             2    <0.5
  IWTH15  矢巾          39.615  141.093     2     2     1             2     0.9
  NIGH04  関川          38.131  139.543     2     1     1             2     0.9
  IWT016  川井          39.600  141.679     2     1     1             2    <0.5
  MYGH06  田尻          38.591  141.071     2     1     1             2     0.8
  YMNH15  上九一色      35.532  138.605     1     2     1             2     0.5
  KNGH21  清川          35.463  139.215     1     2     1             2     0.5
  AOMH13  八戸          40.579  141.445     1     1     1             2     0.9
  AOM012  八戸          40.514  141.481     2     1     1             2     0.8
  AOM014  子ノ口        40.437  140.941     1     2     1             2     0.9
  TCGH17  藤原2         36.985  139.692     1     2     1             2    <0.5
  YMNH12  増穂          35.562  138.449     1     2     1             2     0.8
  SZO010  御殿場        35.313  138.906     1     2     1             2     1.0
  NIG022  塩沢          37.036  138.846     1     2     1             2     0.7
  IWT002  久慈          40.182  141.764     1     1     1             2     0.7
  AKT011  宮田          39.813  140.580     1     1     1             2     0.7
  KNG003  横須賀        35.273  139.658     1     1     1             2     0.6
  NIG028  長岡支所      37.426  138.886     1     1     1             1     0.8
  AKT016  大曲          39.454  140.476     1     1     0             1     0.8
  YMT009  寒河江        38.390  140.274     1     1     1             1     0.7
  NGNH03  阿智2         35.479  137.735     1     1     0             1     0.7
  IWTH16  雫石          39.644  140.946     1     1     1             1     0.8
  YMTH12  立川          38.636  140.006     1     1     1             1     0.9
  NIG020  小出          37.233  138.962     1     1     1             1     0.7
  KNG005  鎌倉          35.319  139.546     1     1     1             1     0.7
  IWTH11  一戸          40.081  141.191     1     1     1             1     0.7
  YMNH10  早川北        35.535  138.309     1     1     1             1    <0.5
  IWTH03  岩泉          39.802  141.652     1     1     0             1    <0.5
  SZO005  松崎          34.755  138.784     1     1     0             1     0.8
  KNGH23  葉山          35.262  139.611     1     1     1             1     0.6
  SZOH37  芝川          35.203  138.566     1     1     0             1    <0.5
  NGNH24  松川          35.615  137.880     1     1     1             1     0.8
  NIGH12  湯之谷        37.224  138.982     1     1     1             1     0.7
  AKTH19  湯沢          39.191  140.471     1     1     0             1     0.5
  YMNH16  甲府2         35.742  138.565     1     1     1             1     0.7
  AOMH17  名川          40.449  141.337     1     1     0             1    <0.5
  NIGH05  聖籠          37.976  139.279     1     1     0             1     0.5
  NIGH14  塩沢          37.030  138.852     1     1     1             1    <0.5
  NIG019  小千谷        37.304  138.812     1     1     1             1     0.7
  AKTH17  中仙          39.557  140.612     1     1     0             1     0.5
  GIFH28  中津川        35.457  137.471     1     1     1             1     1.1
  AOMH12  十和田湖東    40.585  141.155     1     1     0             1    <0.5
  YMTH08  八幡          38.970  140.033     1     1     1             1     0.7
  CHBH17  勝浦東        35.171  140.340     1     1     1             1    <0.5
  NIGH07  村松          37.666  139.261     1     1     0             1    <0.5
  KNGH19  山北中        35.417  139.044     1     1     0             1    <0.5
  YMTH13  朝日          38.470  139.761     1     1     0             1    <0.5
  NGNH23  南木曽        35.606  137.611     1     1     0             1     0.6
  NIGH18  妙高          36.943  138.259     1     1     0             1    <0.5
  IWTH17  川井北        39.644  141.598     1     1     0             1    <0.5
  NGNH29  野沢温泉      36.910  138.441     0     1     0             1    <0.5
  AKTH16  西仙北        39.545  140.348     1     1     0             1    <0.5
  SZOH38  函南          35.085  138.978     1     1     0             1    <0.5
  NIGH11  川西          37.173  138.744     1     1     1             1     0.5
  KSRH07  鶴居南        43.136  144.327     1     1     0             1    <0.5
  NIGH15  六日          37.053  138.995     1     1     1             1    <0.5
  AKTH14  鹿角          40.062  140.808     1     1     0             1    <0.5
  IWTH09  久慈南        40.086  141.712     1     1     0             1    <0.5
  SZOH54  初島2         35.042  139.168     1     0     0             1    <0.5
  IWTH07  軽米          40.270  141.571     1     1     0             1    <0.5
  AICH16  設楽          35.154  137.535     1     1     0             1    <0.5
  AKTH02  西木南        39.663  140.572     1     1     0             1    <0.5
  IWTH13  葛巻          39.940  141.549     0     1     0             1    <0.5
  NGNH32  松本          36.258  137.990     1     1     0             1    <0.5
  NGNH27  信州新        36.577  138.048     0     0     0             1    <0.5
  NGNH54  飯田          35.449  138.006     0     0     0             1    <0.5
  AOMH06  六ヶ所        40.966  141.374     0     0     0             1    <0.5
  NGNH31  塩尻          36.118  137.939     0     0     0             1    <0.5
  GIFH26  各務原        35.412  136.876     0     0     0             0    <0.5
  AOMH11  十和田湖西    40.580  140.995     0     0     0             0    <0.5
  IWTH10  安代          40.139  140.953     0     0     0             0    <0.5
  AKTH09  田代          40.276  140.460     0     0     0             0    <0.5
  NMRH03  中標津        43.551  144.966     0     0     0             0    <0.5
  NGNH30  奈川          36.064  137.685     0     0     0             0    <0.5
  AOMH03  川内          41.234  140.990     0     0     0             0    <0.5
  NGNH14  平谷          35.309  137.626     0     0     0             0    <0.5
  NIGH17  妙高高原      36.857  138.097     0     0     0             0    <0.5
  NGNH25  南信濃        35.299  137.927     0     0     0             0    <0.5
  NGNH28  戸隠          36.708  138.096     0     0     0             0    <0.5
  CHBH20  鴨川南        35.088  140.100     0     0     0             0    <0.5
  NGNH15  辰野          36.009  137.930     0     0     0             0    <0.5
  AOMH01  大間          41.527  140.913     0     0     0             0    <0.5
  HDKH07  様似          42.133  142.916     0     0     0             0    <0.5
  SZOH32  龍山東        35.009  137.841     0     0     0             0    <0.5
  GIFH03  根尾          35.633  136.613     0     0     0             0    <0.5
  SZOH30  水窪北        35.223  137.918     0     0     0             0    <0.5
  SZOH36  藤枝          34.914  138.201     0     0     0             0    <0.5
  NGNH34  大町中        36.533  137.820     0     0     0             0    <0.5
  GIFH24  東白川        35.640  137.319     0     0     0             0    <0.5
  SZOH53  掛川3         34.877  138.017     0     0     0             0    <0.5
  TYMH04  魚津          36.791  137.469     0     0     0             0    <0.5