最大加速度リスト

地震発生時刻   2018/11/23-23:30:00.00
震央北緯       37.1°
震央東経       141.2°
震源深さ       50.0km
マグニチュード M5.0

  コード  観測点名      緯度    経度     最大加速度 (ガル) 三成分合成値 計測震度
　　　　　 　　         北緯    東経      N-S   E-W   U-D        (ガル)         
  FKS004  飯舘          37.680  140.735    59   130    38           145     2.9
  FKS010  広野          37.234  141.002    77   125    29           137     3.4
  FKSH14  いわき東      37.026  140.970    79    50    14            79     3.6
  IBRH06  北茨城2       36.881  140.655    32    68    22            70     2.9
  FKS012  勿来          36.907  140.793    67    34    13            70     3.4
  FKS016  白河          37.123  140.191    59    69    13            70     3.3
  FKS031  川内          37.336  140.813    60    63    28            68     3.3
  FKSH18  三春          37.489  140.538    44    52    21            67     3.2
  FKSH19  都路          37.470  140.723    40    62    19            67     3.5
  FKS019  二本松        37.603  140.437    54    33    15            61     2.7
  FKS014  矢祭          36.886  140.417    23    58     6            58     2.6
  MYGH10  山元          37.941  140.892    52    38    10            58     2.8
  FKSH12  平田          37.217  140.570    35    46    12            54     3.2
  FKS006  葛尾          37.503  140.759    33    52    12            54     3.3
  FKS007  大熊          37.406  140.963    39    38    13            54     2.8
  FKSH09  郡山          37.353  140.426    49    44    16            52     2.3
  FKS008  船引          37.436  140.567    41    36    13            47     2.8
  FKSH20  浪江          37.491  140.987    24    45    13            46     3.1
  MYGH07  川崎          38.180  140.641    31    40    12            43     2.8
  IBRH13  高萩          36.795  140.575    35    24    20            36     2.7
  IBRH12  大子          36.837  140.318    34    23    12            34     2.4
  FKS011  いわき        37.091  140.904    31    25    11            33     2.7
  FKS018  郡山          37.396  140.362    17    33    24            33     2.6
  FKSH10  西郷          37.162  140.093    26    32    14            32     2.6
  IBRH16  山方          36.641  140.398    24    27    13            32     2.4
  FKS009  小野          37.278  140.635    27    21    11            31     2.2
  MYG015  岩沼          38.105  140.870    24    29     8            31     2.9
  TCG014  茂木          36.545  140.174    25    21     6            29     2.7
  FKS005  原町          37.639  140.985    23    23     8            28     2.3
  FKS001  相馬          37.795  140.920    26    25     8            27     2.6
  IBRH14  十王          36.692  140.548    22    22    10            27     1.5
  FKS013  古殿          37.090  140.556    24    20    10            24     2.6
  IBR003  日立          36.592  140.645    24    24    12            24     2.2
  TCGH13  馬頭          36.734  140.178    24    18     8            24     2.5
  FKS002  梁川          37.845  140.601    17    20     6            23     2.3
  IBR004  大宮          36.552  140.410    23    15     7            23     2.0
  MYG017  角田          37.976  140.782    23    18     4            23     2.7
  TCG009  今市          36.726  139.715    17    20     6            22     2.6
  IBR001  大子          36.776  140.357    17    20     9            21     2.4
  IBRH15  御前山        36.557  140.301    21    19     5            21     2.2
  FKSH17  川俣          37.664  140.597    14    18     6            21     2.2
  MYG014  作並          38.318  140.636    13    16     5            20     2.2
  FKS003  福島          37.761  140.480    13    15     7            20     2.1
  IBR002  高萩          36.706  140.707    13    19    13            20     2.0
  IBRH11  岩瀬          36.370  140.140    15    18     7            19     2.1
  IBR007  那珂湊        36.352  140.595    13    18     6            19     2.1
  IBR013  鉾田          36.159  140.489    15    17    10            18     2.3
  IBR005  笠間          36.385  140.237    16    13    10            18     2.1
  FKSH11  矢吹          37.201  140.339    16    17     7            18     2.2
  MYG012  塩竈          38.318  141.019    15    14     7            17     2.4
  MYGH13  南三陸        38.699  141.418    15    11     5            16     2.3
  FKS017  須賀川        37.284  140.369    13    15    11            16     2.5
  TCGH10  大田原        36.858  140.023    13    11     5            15     1.8
  TCGH12  氏家          36.696  139.984    12    11     8            15     1.7
  MYGH14  利府          38.340  140.955    15    12     6            15     2.2
  TCG006  小川          36.764  140.130    13    10     5            15     2.3
  FKS024  中野          37.396  140.132    12    12     6            14     2.2
  IBRH18  ひたちなか    36.363  140.620    11     9    11            14     1.8
  TCGH16  芳賀          36.548  140.075    13    10     4            14     2.0
  IBR017  江戸崎        35.954  140.319    13    10     7            13     1.7
  MYGH09  白石          38.009  140.603    11    10     7            13     2.0
  MYG016  白石          38.008  140.621     8    10     5            12     2.1
  TCG001  黒磯          36.942  140.083     9    11     4            12     1.7
  FKS020  猪苗代        37.547  140.108     9    11     3            12     1.8
  IBR014  土浦          36.073  140.195     9    10     4            11     1.5
  MYGH08  岩沼          38.113  140.844    10     9     5            11     2.0
  YMTH04  上山          38.081  140.298    11    10     3            11     1.4
  IBR006  水戸          36.369  140.453     9    11     7            11     1.6
  IBRH17  霞ヶ浦        36.086  140.314     9     8     6            11     1.5
  FKSH08  長沼          37.282  140.214     5     9     3             9     1.1
  YMTH06  高畠          37.963  140.184     7     8     3             9     1.6
  IBR018  鹿嶋          35.977  140.632     6     9     3             9     1.4
  IBR016  取手          35.911  140.049     8     7     5             9     1.5
  FKS015  棚倉          37.022  140.377     8     6     3             9     1.2
  FKS023  会津若松      37.477  139.929     7     7     2             8     2.0
  TCGH14  粟野          36.551  139.615     5     7     1             8     1.0
  MYG002  歌津          38.726  141.511     7     6     2             8     1.0
  TCG013  真岡          36.437  140.023     5     8     3             8     1.1
  IWT012  北上          39.321  141.138     7     4     2             7     1.5
  IBR012  石岡          36.195  140.271     7     7     5             7     1.3
  TCGH11  今市          36.708  139.769     6     6     2             7     1.3
  MYG013  仙台          38.266  140.929     6     6     3             7     1.6
  IBRH07  江戸崎        35.952  140.330     5     4     5             7     1.4
  CHB007  佐倉          35.723  140.227     7     6     3             7     1.4
  IBR011  つくば        36.125  140.090     6     7     3             7     1.3
  CHBH13  成田          35.831  140.298     6     6     3             6     1.3
  FKS027  滝原          37.070  139.681     3     6     2             6    <0.5
  CHB003  白井          35.794  140.056     6     6     3             6     1.3
  CHB001  野田          35.959  139.873     5     6     2             6     1.2
  MYGH11  河北          38.516  141.342     5     5     2             6     1.0
  IBR010  下妻          36.184  139.965     5     4     3             6     1.3
  IBR008  下館          36.306  139.983     4     6     3             6     1.1
  TCG003  藤原          36.814  139.715     5     6     2             6     1.1
  IWTH27  陸前高田      39.031  141.532     4     6     1             6     1.0
  MYG010  石巻          38.429  141.282     4     5     2             6     1.4
  MYG007  豊里          38.588  141.251     5     4     2             6     1.2
  TCG005  矢板          36.806  139.926     4     5     2             6     1.3
  YMT007  東根          38.431  140.391     5     4     2             6     1.2
  MYG006  古川          38.580  140.965     5     3     2             5     1.3
  IBRH10  石下          36.111  139.989     5     4     4             5     1.4
  CHBH06  匝瑳          35.721  140.505     5     5     2             5     1.3
  TCG015  芹沼          36.749  139.714     4     5     3             5     1.0
  SITH11  飯能          35.864  139.273     3     4     2             5     1.3
  MYG008  北上          38.568  141.427     5     5     2             5     0.9
  MYG003  東和          38.735  141.311     5     5     2             5     0.9
  TCG008  鹿沼          36.560  139.768     5     4     3             5     1.2
  IWT007  釜石          39.270  141.856     5     3     1             5     1.1
  IWTH05  藤沢          38.865  141.351     4     4     1             5     0.9
  FKS025  下郷          37.308  139.900     4     4     3             5     0.7
  CHB004  佐原          35.901  140.490     4     4     3             5     1.0
  YMT015  米沢          37.904  140.100     4     4     2             4     1.3
  MYG004  築館          38.732  141.027     4     4     1             4     1.2
  IWT009  大東          39.019  141.403     3     4     1             4     0.5
  CHB002  松戸          35.787  139.903     4     4     2             4     0.8
  SIT004  長瀞          36.118  139.105     4     3     1             4     0.5
  MYG009  大和          38.447  140.887     4     4     2             4     1.1
  IWTH02  玉山          39.825  141.383     3     3     0             4     1.0
  YMT011  上山          38.150  140.267     3     3     2             4     1.3
  SITH06  川本          36.113  139.289     3     4     1             4     0.8
  GNMH12  神流          36.144  138.913     3     3     2             4     1.0
  SITH10  都幾川        35.996  139.219     3     4     2             4     0.8
  CHBH04  下総          35.797  140.021     3     4     2             4     0.7
  MYG001  気仙沼        38.901  141.568     4     3     1             4     1.0
  MYG011  牡鹿          38.305  141.504     2     4     1             4     0.5
  FKS022  西会津        37.600  139.647     3     3     1             4     1.2
  GNM009  桐生          36.411  139.325     3     3     2             4     1.1
  TCG016  北高岡        36.529  140.156     3     3     2             3     0.5
  IWTH26  一関東        38.969  141.001     3     3     2             3     0.7
  YMTH11  最上          38.713  140.554     3     2     1             3     0.9
  IWTH04  住田          39.181  141.391     2     3     1             3     0.9
  TCG011  葛生          36.387  139.614     2     3     1             3     0.5
  SIT007  東松山        36.054  139.391     3     3     1             3     0.6
  GNM011  太田          36.291  139.361     3     3     1             3     0.9
  MYGH04  東和          38.786  141.325     2     3     1             3    <0.5
  SITH01  岩槻          35.929  139.735     2     3     1             3     0.7
  IWTH21  山田          39.473  141.934     3     3     1             3     0.6
  IWT026  相去          39.257  141.098     3     3     1             3     0.8
  MYG018  伊里前        38.719  141.523     3     2     1             3    <0.5
  NIG012  鹿瀬          37.686  139.477     3     3     2             3     1.4
  IBRH19  つくば        36.214  140.089     3     2     2             3     0.6
  CHB012  東金          35.573  140.333     2     3     2             3     0.7
  YMTH02  山形          38.269  140.258     3     2     1             3     0.9
  GNM010  館林          36.234  139.533     3     2     2             3     0.7
  TCG002  塩原          36.990  139.803     2     3     1             3     0.9
  TCGH06  真岡          36.446  139.951     3     2     1             3     0.6
  TCG010  足尾          36.635  139.438     2     2     1             3     0.5
  SIT003  久喜          36.072  139.697     2     2     3             3     0.7
  YMTH07  米沢          37.896  140.028     2     2     1             3     0.7
  TCG007  宇都宮        36.569  139.886     3     3     1             3     0.5
  CHB009  千葉          35.608  140.102     2     3     1             3     0.5
  KNGH10  横浜          35.499  139.519     2     2     1             3     1.0
  YMT010  山形          38.260  140.349     2     2     1             3     0.6
  TCGH09  矢板          36.862  139.836     3     2     2             3     0.5
  TKY026  宇喜田        35.670  139.863     2     2     2             3     0.6
  KNG206  平塚ST6       35.097  139.378     2     3     0             3     0.9
  CHB010  八日市場      35.708  140.568     2     2     1             3     0.5
  MYG019  鳴子温泉      38.751  140.723     2     2     1             3     0.6
  FKS029  桧枝岐        37.016  139.380     2     2     0             3    <0.5
  TKY021  猿江          35.688  139.819     2     2     1             2     0.6
  SIT006  秩父          35.995  139.071     2     2     1             2     0.5
  YMTH03  南陽          38.103  140.155     2     2     1             2    <0.5
  IWT013  遠野          39.329  141.564     2     2     1             2     0.5
  YMT006  尾花沢        38.600  140.405     2     2     1             2     0.9
  GNM001  片品          36.772  139.225     2     2     1             2    <0.5
  IWTH22  東和          39.334  141.302     2     2     1             2    <0.5
  TKY025  篠崎          35.714  139.897     2     2     1             2     0.5
  GNM003  沼田          36.658  139.078     2     2     1             2     0.5
  TKY023  八広          35.725  139.825     2     2     1             2     0.5
  KNG202  平塚ST2       34.740  139.839     1     2     1             2     0.5
  IWT006  山田          39.485  141.975     2     2     1             2    <0.5
  IWTH23  釜石          39.274  141.823     2     2     1             2    <0.5
  SITH07  名栗          35.912  139.149     2     2     0             2    <0.5
  IBR009  古河          36.185  139.704     2     2     1             2    <0.5
  IWT020  藪川          39.784  141.329     1     2     1             2     0.8
  IWTH19  花巻北        39.456  141.000     2     2     0             2    <0.5
  YMT008  中村          38.386  139.992     1     2     1             2     0.6
  IWT004  田老          39.736  141.967     2     2     1             2     0.5
  YMTH14  西川西        38.386  139.992     2     2     1             2     0.6
  IWT017  門馬          39.634  141.438     2     2     1             2    <0.5
  GNM016  万場          36.116  138.925     2     1     0             2    <0.5
  IWTH18  川井南        39.463  141.678     1     2     1             2    <0.5
  MYGH03  唐桑          38.921  141.638     1     2     1             2    <0.5
  KNG201  平塚ST1       34.596  139.918     2     1     0             2    <0.5
  IWT021  西根          39.920  141.082     2     2     1             2    <0.5
  KNG205  平塚ST5       34.941  139.421     1     2     0             2    <0.5
  TKY017  辰巳          35.647  139.809     2     1     1             2     0.5
  YMT014  下屋地        37.921  139.870     1     2     0             2    <0.5
  GNMH14  みどり        36.493  139.322     1     1     1             2    <0.5
  CHB029  行徳          35.695  139.918     1     2     1             2     0.5
  NIGH08  津川          37.671  139.465     2     1     1             2     0.8
  TKY028  越中島        35.669  139.789     1     2     1             2    <0.5
  YMTH09  戸沢          38.750  140.178     2     1     0             2    <0.5
  TKY015  東白鬚        35.731  139.812     2     1     1             2    <0.5
  FKS021  喜多方        37.654  139.863     1     1     2             2    <0.5
  TCGH08  栗山東        36.883  139.646     1     2     1             2    <0.5
  IWT014  石鳥谷        39.484  141.147     1     1     1             2    <0.5
  AKTH06  雄勝          38.980  140.495     2     1     0             2    <0.5
  GNM006  吾妻          36.510  138.752     1     2     1             2    <0.5
  IWTH14  田老          39.743  141.909     1     1     0             2    <0.5
  YMTH15  西川東        38.426  140.125     1     1     1             2     0.5
  TKY013  砂町          35.660  139.834     1     1     1             2    <0.5
  GNMH07  利根          36.700  139.210     1     1     1             2    <0.5
  IWT001  種市          40.410  141.719     1     1     0             1    <0.5
  GNM002  水上          36.782  138.970     1     1     0             1    <0.5
  YMTH05  小国          37.988  139.802     1     1     1             1    <0.5
  MYGH06  田尻          38.591  141.071     1     1     1             1    <0.5
  IWTH24  金ヶ崎        39.198  141.012     1     1     1             1    <0.5
  YMT013  小国          38.062  139.757     1     1     0             1    <0.5
  GNMH05  伊勢崎        36.314  139.185     1     1     1             1    <0.5
  SITH08  小鹿野        36.027  138.969     1     1     0             1    <0.5
  AOMH16  新郷          40.462  141.092     1     1     0             1    <0.5
  CHBH19  蓮沼          35.594  140.511     1     1     1             1    <0.5
  KNG203  平塚ST3       34.798  139.643     1     1     0             1    <0.5
  KNGH18  藤野          35.644  139.128     1     1     0             1    <0.5
  YMTH13  朝日          38.470  139.761     1     1     1             1    <0.5
  IWTH15  矢巾          39.615  141.093     1     1     0             1    <0.5
  GNMH11  富岡          36.286  138.921     1     1     0             1    <0.5
  NIGH04  関川          38.131  139.543     1     1     0             1    <0.5
  GNMH08  嬬恋          36.492  138.524     1     1     0             1    <0.5
  YMTH12  立川          38.636  140.006     1     1     0             1    <0.5
  IWTH03  岩泉          39.802  141.652     1     1     0             1    <0.5
  NIGH02  朝日          38.280  139.549     1     1     0             1    <0.5
  AKTH19  湯沢          39.191  140.471     1     1     0             1    <0.5
  NIGH07  村松          37.666  139.261     1     0     0             1    <0.5
  AOMH17  名川          40.449  141.337     1     0     0             1    <0.5
  AOMH13  八戸          40.579  141.445     1     0     0             1    <0.5
  IWTH16  雫石          39.644  140.946     1     1     0             1    <0.5
  IWTH17  川井北        39.644  141.598     1     1     0             1    <0.5
  AOMH12  十和田湖東    40.585  141.155     1     1     0             1    <0.5
  IWTH09  久慈南        40.086  141.712     0     0     0             1    <0.5
  AKTH16  西仙北        39.545  140.348     0     0     0             0    <0.5
  TCGH17  藤原2         36.985  139.692     0     0     0             0    <0.5
  NIGH05  聖籠          37.976  139.279     0     0     0             0    <0.5
  NIGH03  荒川          38.133  139.429     0     0     0             0    <0.5
  GNMH09  高山          36.621  138.907     0     0     0             0    <0.5