最大加速度リスト

地震発生時刻   2018/09/18-17:11:00.00
震央北緯       36.0°
震央東経       139.8°
震源深さ       77.0km
マグニチュード M4.3

  コード  観測点名      緯度    経度     最大加速度 (ガル) 三成分合成値 計測震度
　　　　　 　　         北緯    東経      N-S   E-W   U-D        (ガル)         
  IBRH11  岩瀬          36.370  140.140    23    34    12            38     2.7
  TCGH14  粟野          36.551  139.615    24    27     8            35     1.8
  IBR005  笠間          36.385  140.237    26    29    26            35     2.6
  SITH11  飯能          35.864  139.273    20    30     6            33     3.1
  SIT008  春日部        35.983  139.746    22    29     7            33     2.5
  CHB001  野田          35.959  139.873    13    27    10            27     2.2
  TCG014  茂木          36.545  140.174    19    21     4            27     2.7
  GNM010  館林          36.234  139.533    12    25    11            26     2.4
  IBR013  鉾田          36.159  140.489    20    14    17            23     2.2
  SIT003  久喜          36.072  139.697    16    22    13            23     2.5
  TCG009  今市          36.726  139.715    13    18     4            21     2.4
  GNM009  桐生          36.411  139.325    17    13     6            21     1.9
  IBR015  岩井          36.069  139.908    14    18    13            20     2.2
  IBR003  日立          36.592  140.645    13    12    16            17     1.6
  SIT011  川口          35.810  139.721    12    12     3            17     2.1
  IBR009  古河          36.185  139.704    12    16     5            17     1.8
  IBRH10  石下          36.111  139.989    10     7    17            17     1.8
  TCG011  葛生          36.387  139.614    14    12     9            16     1.8
  KNG009  厚木          35.442  139.362    16    12     7            16     2.3
  IBR014  土浦          36.073  140.195    14    11    13            15     1.8
  IBR004  大宮          36.552  140.410    14    10    13            15     1.6
  SIT005  小川          36.056  139.263     8    13     3            14     1.7
  SITH10  都幾川        35.996  139.219     9    13     3            14     1.7
  SIT004  長瀞          36.118  139.105    11    13     3            14     1.7
  KNG206  平塚ST6       35.097  139.378    10    13     2            13     2.1
  TCG012  小山          36.286  139.805    11    12    10            13     2.0
  CHB003  白井          35.794  140.056    12    11     6            13     2.0
  IBR006  水戸          36.369  140.453     7     5    13            13     1.2
  TCGH11  今市          36.708  139.769    12    11     6            13     1.5
  GNMH12  神流          36.144  138.913    13     7     5            13     2.1
  SITH01  岩槻          35.929  139.735     7    12     4            13     1.6
  IBR016  取手          35.911  140.049    10    12     7            13     1.7
  TCGH16  芳賀          36.548  140.075    11    12     4            13     1.8
  IBRH17  霞ヶ浦        36.086  140.314    12     8     6            13     1.4
  CHB002  松戸          35.787  139.903    12     8     5            12     1.5
  TCGH13  馬頭          36.734  140.178    12     7     4            12     1.8
  TKY007  新宿          35.711  139.686    12    10     5            12     2.1
  TCG007  宇都宮        36.569  139.886     9    11     5            12     1.4
  IBR012  石岡          36.195  140.271     9    10     9            12     1.5
  TKY021  猿江          35.688  139.819     8    12     3            12     1.8
  IBRH18  ひたちなか    36.363  140.620     7    10    12            12     1.7
  TKY004  八王子        35.628  139.403     8    10     4            12     1.9
  IBR010  下妻          36.184  139.965    12    10     5            12     1.9
  IBRH15  御前山        36.557  140.301    11    10    10            11     1.3
  SITH06  川本          36.113  139.289    10    10     4            11     1.7
  TCG008  鹿沼          36.560  139.768    11     9     7            11     2.0
  KNG001  川崎          35.529  139.706     7    10    10            11     1.9
  KNGH10  横浜          35.499  139.519     8    10     5            11     2.2
  GNM011  太田          36.291  139.361     9    10     3            11     1.9
  SIT007  東松山        36.054  139.391    10     9     3            10     1.8
  TKY005  町田          35.580  139.414    10     7     3            10     1.7
  TCGH12  氏家          36.696  139.984    10     8    10            10     1.4
  TKY003  青梅          35.797  139.291    10    10     3            10     2.2
  CHB007  佐倉          35.723  140.227    10     6     4            10     1.7
  TKY015  東白鬚        35.731  139.812     9    10     5            10     1.8
  CHB028  市川北        35.766  139.966     9     8     9            10     1.8
  TCGH06  真岡          36.446  139.951     9     9     5            10     1.4
  KNG201  平塚ST1       34.596  139.918     9     5     0            10     1.6
  TCG013  真岡          36.437  140.023     6     6    10            10     1.4
  IBR011  つくば        36.125  140.090     8     9     9            10     1.5
  TKY022  横網          35.687  139.796     6     8     3             9     1.6
  IBR017  江戸崎        35.954  140.319     9     7     6             9     1.5
  SIT010  大宮          35.907  139.648     7     8     6             9     2.1
  YMNH14  都留南        35.511  138.968     4     8     3             9     0.8
  TCG015  芹沼          36.749  139.714     7     9     3             9     1.3
  IBRH16  山方          36.641  140.398     7     9     4             9     1.4
  TCG003  藤原          36.814  139.715     5     8     2             9     1.2
  GNM001  片品          36.772  139.225     7     5     6             9     0.9
  SITH05  神泉          36.151  139.050     6     8     2             8     1.4
  CHB008  浦安          35.654  139.902     7     6     2             8     1.3
  CHB022  富津          35.308  139.860     8     8     2             8     1.8
  TKY006  小金井        35.699  139.503     8     8     3             8     1.7
  TKY025  篠崎          35.714  139.897     6     7     3             8     1.4
  IBRH19  つくば        36.214  140.089     8     5     7             8     1.1
  TKY027  瑞江          35.693  139.891     6     7     3             8     1.6
  GNMH14  みどり        36.493  139.322     4     7     3             8     0.8
  SIT002  熊谷          36.148  139.388     5     7     3             8     1.6
  TKY018  八枝          35.655  139.811     6     6     5             7     1.6
  GNMH13  水上2         36.862  139.063     7     6     2             7     1.6
  KNG002  横浜          35.437  139.634     6     5     4             7     1.5
  SZO003  東伊豆        34.816  139.055     7     4     3             7     1.3
  SIT009  川越          35.903  139.483     7     5     4             7     1.3
  KNG204  平塚ST4       34.893  139.571     4     7     1             7     1.2
  TKYH13  檜原南        35.702  139.127     5     7     2             7     1.0
  TCG010  足尾          36.635  139.438     6     6     3             7     1.2
  TKY024  奥戸          35.740  139.862     7     4     3             7     1.4
  TKY017  辰巳          35.647  139.809     5     7     3             7     1.5
  CHB006  成田          35.780  140.307     4     4     7             7     1.0
  TKY013  砂町          35.660  139.834     6     5     4             7     1.5
  KNG202  平塚ST2       34.740  139.839     5     6     2             7     1.3
  TCG016  北高岡        36.529  140.156     5     6     6             7     1.0
  TKYH12  八王子        35.670  139.265     6     5     3             7     1.5
  SIT013  所沢          35.797  139.466     4     6     3             7     1.6
  CHB015  木更津        35.374  139.916     4     6     3             7     1.4
  YMN003  富士吉田      35.465  138.813     4     6     2             7     0.6
  CHBH04  下総          35.797  140.021     6     5     4             6     1.4
  TCG005  矢板          36.806  139.926     6     5     2             6     1.4
  SZO001  熱海          35.142  139.079     5     6     2             6     0.7
  TKY001  氷川          35.803  139.096     6     5     3             6     1.3
  KNGH18  藤野          35.644  139.128     4     6     1             6     1.5
  TKY026  宇喜田        35.670  139.863     5     5     3             6     1.3
  YMNH15  上九一色      35.532  138.605     4     5     2             6    <0.5
  TKY028  越中島        35.669  139.789     4     6     3             6     1.4
  SITH04  所沢          35.803  139.535     6     4     2             6     1.3
  GNM003  沼田          36.658  139.078     5     5     2             6     1.0
  KNG006  二俣川        35.454  139.539     4     5     1             6     1.3
  KNG203  平塚ST3       34.798  139.643     4     6     1             6     1.2
  IBR001  大子          36.776  140.357     4     5     3             5     1.2
  YMN002  大月          35.613  138.947     4     4     2             5     0.9
  IBRH13  高萩          36.795  140.575     5     4     3             5     1.2
  KNG005  鎌倉          35.319  139.546     5     4     2             5     1.0
  SITH07  名栗          35.912  139.149     4     5     1             5     0.8
  YMN004  塩山          35.702  138.727     5     3     3             5     0.7
  KNG014  山北          35.361  139.083     5     4     2             5     1.0
  TKY014  亀戸          35.689  139.835     5     5     5             5     1.1
  IBRH06  北茨城2       36.881  140.655     4     4     2             5     0.9
  IBR007  那珂湊        36.352  140.595     4     5     3             5     1.0
  CHBH13  成田          35.831  140.298     5     4     3             5     1.2
  TKY023  八広          35.725  139.825     4     5     3             5     1.3
  KNGH11  厚木          35.404  139.354     5     4     2             5     1.6
  SZO002  伊東          34.965  139.103     4     4     2             5     1.2
  TKY016  東雲          35.648  139.799     3     3     4             5     1.0
  CHB029  行徳          35.695  139.918     4     4     2             5     1.3
  IBRH07  江戸崎        35.952  140.330     4     3     4             5     1.2
  IBRH12  大子          36.837  140.318     4     3     2             5     0.9
  YMNH11  大月          35.625  138.978     4     4     2             5     1.4
  TKY008  岡田          34.785  139.391     3     4     3             5     0.8
  TKY002  桧原          35.730  139.145     4     4     1             4     0.7
  FKSH10  西郷          37.162  140.093     3     4     2             4     0.8
  TCGH09  矢板          36.862  139.836     4     4     2             4     0.8
  GNM016  万場          36.116  138.925     4     2     1             4     0.8
  KNG013  小田原        35.264  139.152     2     3     4             4     1.1
  CHBH06  匝瑳          35.721  140.505     4     3     2             4     0.9
  SIT006  秩父          35.995  139.071     3     4     1             4     0.9
  KNG012  秦野          35.379  139.205     3     3     1             4     0.7
  FKS027  滝原          37.070  139.681     2     4     1             4    <0.5
  TCG006  小川          36.764  140.130     4     3     2             4     0.8
  KNG004  三崎          35.144  139.622     3     4     2             4     1.1
  FKSH12  平田          37.217  140.570     4     3     1             4     0.9
  CHB014  姉崎          35.477  140.049     3     3     3             4     1.2
  IBR018  鹿嶋          35.977  140.632     3     4     2             4     0.7
  KNGH20  松田          35.366  139.126     3     3     3             4     0.9
  KNG003  横須賀        35.273  139.658     3     3     1             4     0.8
  CHB009  千葉          35.608  140.102     3     3     2             4     1.0
  CHB004  佐原          35.901  140.490     3     3     4             4     0.9
  SITH08  小鹿野        36.027  138.969     3     3     1             4     0.8
  YMN001  丹波山        35.789  138.920     3     2     1             4     0.5
  GNMH07  利根          36.700  139.210     3     4     1             4     0.5
  IBRH14  十王          36.692  140.548     3     3     2             3    <0.5
  TCGH10  大田原        36.858  140.023     3     2     2             3     0.7
  TKY020  塩浜          35.666  139.809     3     3     2             3     0.9
  CHB012  東金          35.573  140.333     3     3     2             3     1.0
  FKS016  白河          37.123  140.191     2     3     1             3     0.7
  SZO011  富士宮        35.213  138.602     2     3     1             3     0.6
  SIT012  飯能          35.840  139.321     3     3     2             3     0.7
  CHB024  稲毛          35.633  140.078     3     3     2             3     0.9
  CHB017  市場          35.299  140.076     3     2     2             3     0.9
  YMNH08  西野原        35.690  138.734     3     3     1             3     0.6
  CHBH10  千葉          35.546  140.242     2     2     3             3     0.6
  KNG010  平塚          35.336  139.350     2     3     1             3     0.8
  KNGH19  山北中        35.417  139.044     2     2     1             3    <0.5
  GNM002  水上          36.782  138.970     2     2     1             3    <0.5
  SZOH42  修善寺        34.976  138.913     2     2     1             3     0.9
  YMN005  甲府          35.655  138.568     2     2     1             3     0.5
  CHB019  鋸南          35.111  139.835     2     2     1             2     0.7
  TCGH08  栗山東        36.883  139.646     2     2     1             2    <0.5
  FKS013  古殿          37.090  140.556     2     2     1             2     0.6
  FKS008  船引          37.436  140.567     2     2     1             2    <0.5
  SZO028  川奈          34.952  139.138     1     2     1             2     0.5
  FKS014  矢祭          36.886  140.417     2     2     1             2    <0.5
  GNM007  渋川          36.464  139.009     2     1     1             2     0.8
  TKY009  波浮港        34.687  139.441     2     2     1             2    <0.5
  YMN006  本栖          35.468  138.607     2     2     1             2    <0.5
  GNMH05  伊勢崎        36.314  139.185     2     2     1             2     0.5
  CHB013  茂原          35.433  140.291     1     2     1             2     0.6
  YMN009  六郷          35.496  138.463     2     2     1             2     0.7
  KNGH21  清川          35.463  139.215     2     2     2             2    <0.5
  NGN014  小海          36.096  138.484     2     1     1             2    <0.5
  SIT001  本庄          36.243  139.194     2     1     1             2     0.6
  SIT014  中津川        35.995  138.801     2     2     1             2    <0.5
  GNM008  前橋          36.348  139.137     2     2     1             2     0.7
  FKS012  勿来          36.907  140.793     2     2     1             2    <0.5
  GNM006  吾妻          36.510  138.752     2     2     1             2    <0.5
  KNG011  藤野          35.615  139.155     2     2     1             2     0.6
  CHB025  千倉          34.971  139.946     1     2     1             2    <0.5
  CHB021  白浜          34.908  139.898     2     1     1             2    <0.5
  CHB010  八日市場      35.708  140.568     1     2     1             2    <0.5
  CHB011  蓮沼          35.588  140.497     2     2     1             2    <0.5
  CHB018  勝浦          35.158  140.322     1     1     1             2    <0.5
  KNGH23  葉山          35.262  139.611     1     2     1             2    <0.5
  GNMH11  富岡          36.286  138.921     1     1     1             2    <0.5
  CHB020  鴨川          35.115  140.102     2     1     1             2     0.5
  YMNH16  甲府2         35.742  138.565     1     1     1             2    <0.5
  SZOH54  初島2         35.042  139.168     1     1     1             2    <0.5
  CHBH11  養老          35.287  140.153     1     2     1             2    <0.5
  GNM014  坂本          36.347  138.721     1     1     1             2    <0.5
  CHB026  長南          35.387  140.237     1     1     1             1    <0.5
  TCGH17  藤原2         36.985  139.692     1     1     0             1    <0.5
  SZOH38  函南          35.085  138.978     1     1     1             1    <0.5
  CHBH19  蓮沼          35.594  140.511     1     1     1             1    <0.5
  FKSH14  いわき東      37.026  140.970     1     1     1             1    <0.5
  SZOH39  西伊豆西      34.799  138.772     1     1     0             1    <0.5
  SZOH34  清水北        35.130  138.424     1     1     0             1    <0.5
  YMNH10  早川北        35.535  138.309     1     1     1             1    <0.5
  GNMH09  高山          36.621  138.907     1     1     0             1    <0.5
  NIGH19  湯沢          36.811  138.785     1     1     0             1    <0.5
  YMNH12  増穂          35.562  138.449     1     1     0             1    <0.5
  CHBH17  勝浦東        35.171  140.340     1     1     0             1    <0.5
  GNMH08  嬬恋          36.492  138.524     1     1     0             1    <0.5
  NIGH15  六日          37.053  138.995     0     0     0             1    <0.5
  NIGH14  塩沢          37.030  138.852     0     0     0             1    <0.5