最大加速度リスト

地震発生時刻   2018/09/07-22:43:00.00
震央北緯       42.7°
震央東経       142.0°
震源深さ       36.0km
マグニチュード M4.4

  コード  観測点名      緯度    経度     最大加速度 (ガル) 三成分合成値 計測震度
　　　　　 　　         北緯    東経      N-S   E-W   U-D        (ガル)         
  HKD128  早来          42.766  141.822    27    22    51            52     2.7
  HKD184  千歳          42.790  141.601    16    26    20            33     2.7
  HKD185  支笏湖畔      42.776  141.402    28    28    15            31     2.8
  HKD126  鵡川          42.575  141.928     9    28     6            29     2.7
  SRCH09  栗山          43.059  141.806    26    19     7            27     2.4
  HKD127  追分          42.874  141.820    22    22     9            23     2.3
  IBUH05  白老          42.563  141.350    21     9     7            22     2.1
  HKD125  穂別          42.761  142.135    21    22     7            22     2.6
  IBUH01  追分          42.874  141.819    19    19    20            22     2.5
  HKD120  月形          43.344  141.663    16    16     4            21     1.9
  HKD130  白老          42.563  141.350    17     6     6            18     2.0
  HKD129  苫小牧        42.634  141.606    15     8     3            16     1.7
  HKD131  登別          42.421  141.081    12    14     4            15     1.9
  HKD103  幌毛志        42.727  142.297    12    11     7            15     2.1
  IBUH06  室蘭          42.412  141.002    14    11     6            14     2.1
  HDKH01  平取西        42.703  142.230    12    13     9            14     2.0
  HKD182  広島          42.992  141.552    12    11     3            13     2.0
  IKRH01  当別          43.409  141.584     6    11     2            13     1.4
  HDKH03  門別東        42.593  142.352     8    12     3            12     1.9
  HKD181  江別          43.116  141.546    10    10     7            11     2.2
  HKD124  由仁          42.999  141.790    11     6     2            11     1.3
  HKD134  大滝          42.671  141.079    11     8     3            11     1.9
  HKD180  札幌          43.139  141.351    10     9     3            10     2.1
  HDKH06  静内          42.350  142.357     8     7     4            10     2.3
  HKD178  石狩          43.172  141.305     4     8     2             9     1.7
  IBUH07  大滝          42.648  141.064     8     6     3             9     1.4
  HDKH04  門別西        42.513  142.038     6     8     3             8     1.7
  HKD139  余市          43.197  140.782     8     5     3             8     1.4
  IKRH03  千歳          42.888  141.640     5     7     3             7     1.5
  SBSH08  喜茂別        42.768  140.977     6     6     3             7     1.5
  HKD106  静内          42.341  142.369     7     6     2             7     1.7
  HKD157  南茅部        41.905  140.970     6     6     2             7     1.3
  HKD132  室蘭          42.348  141.032     6     6     4             6     1.4
  HKD108  三石          42.253  142.564     6     5     1             6     1.5
  HKD158  椴法華        41.834  141.141     6     4     4             6     1.5
  HKD104  平取          42.589  142.131     6     4     3             6     1.3
  HKD105  門別          42.483  142.054     5     5     3             6     1.4
  HKD159  戸井          41.716  141.002     4     5     1             5     1.3
  HKD155  鹿部          42.044  140.806     4     4     2             5     1.1
  HKD121  美唄          43.333  141.855     4     3     1             5     1.0
  HKD183  定山渓        42.972  141.165     4     4     1             4     0.5
  SRCH07  三笠          43.230  141.898     4     3     2             4     1.1
  HKD156  七飯          41.900  140.696     3     3     1             4     0.8
  AOM003  大畑          41.405  141.169     3     3     2             4     0.8
  HKD154  森            42.096  140.563     3     3     2             4     0.8
  HKD145  喜茂別        42.798  140.936     3     3     1             4     1.0
  AOMH06  六ヶ所        40.966  141.374     3     2     1             3     0.6
  HKD118  滝川          43.552  141.917     3     2     1             3     0.5
  HKD179  当別          43.224  141.517     3     2     2             3     1.1
  HKD122  岩見沢        43.197  141.775     3     3     1             3     0.7
  AOM008  横浜          41.084  141.255     3     2     1             3    <0.5
  HKD176  四番川        43.532  141.592     3     3     1             3     0.8
  AOMH01  大間          41.527  140.913     2     3     1             3     0.6
  AOMH05  野辺地        40.856  141.103     3     3     1             3     0.7
  HDKH05  新冠          42.598  142.545     2     3     1             3     0.8
  AOM011  三沢          40.680  141.367     3     3     1             3     0.7
  AOMH16  新郷          40.462  141.092     2     3     1             3     0.7
  SRCH08  砂川          43.514  141.909     3     2     1             3     0.7
  AOM012  八戸          40.514  141.481     3     2     1             3    <0.5
  HKD109  浦河          42.168  142.767     2     2     1             3     0.9
  HKD142  赤井川        43.085  140.820     2     3     1             3     0.8
  SBSH03  赤井川        43.084  140.820     2     2     1             3     0.8
  HKD140  小樽          43.191  140.994     2     2     1             3     0.6
  IWT001  種市          40.410  141.719     2     2     1             2    <0.5
  HKD097  生花          42.618  143.421     2     1     0             2    <0.5
  AOMH17  名川          40.449  141.337     2     2     1             2    <0.5
  HKD177  厚田          43.400  141.435     2     2     1             2     0.6
  SRCH10  夕張          42.993  142.008     1     2     1             2    <0.5
  HKD102  日高          42.877  142.448     2     2     1             2     0.8
  AOM007  南通          41.169  141.385     2     2     1             2    <0.5
  HDKH07  様似          42.133  142.916     2     2     1             2     0.5
  KKWH08  占冠          43.041  142.656     2     2     1             2     0.5
  HKD175  浜益          43.602  141.388     1     2     1             2    <0.5
  HKD123  夕張          42.993  142.008     2     2     1             2    <0.5
  AOMH12  十和田湖東    40.585  141.155     2     2     1             2    <0.5
  OSMH02  上磯          41.837  140.633     1     2     1             2    <0.5
  TKCH05  本別          43.121  143.618     2     1     0             2    <0.5
  HKD107  農屋          42.419  142.499     1     2     0             2     0.6
  HKD144  倶知安        42.906  140.767     1     1     1             2     0.6
  AOMH13  八戸          40.579  141.445     1     2     0             2    <0.5
  AOM002  福浦          41.328  140.813     1     1     1             2    <0.5
  HKD138  積丹          43.292  140.601     1     1     0             1    <0.5
  HKD040  占冠          42.980  142.399     1     1     0             1    <0.5
  HKD110  様似          42.131  142.935     1     1     0             1    <0.5
  SRCH06  深川南        43.695  142.078     1     1     0             1    <0.5
  KKWH13  美瑛西        43.511  142.391     1     1     0             1    <0.5
  TKCH04  新得南        43.174  142.918     1     1     1             1    <0.5
  SBSH02  泊            43.053  140.502     1     1     0             1    <0.5
  KSRH09  白糠南        42.986  143.984     1     1     0             1    <0.5
  AOMH03  川内          41.234  140.990     1     1     0             1    <0.5
  KSRH02  阿寒南        43.114  144.123     1     1     0             1    <0.5
  TKCH03  足寄西        43.271  143.432     0     1     0             1    <0.5
  HYMH02  厚沢部        41.986  140.309     0     0     0             1    <0.5
  IWTH09  久慈南        40.086  141.712     0     0     0             0    <0.5