最大加速度リスト

地震発生時刻   2020/04/23-13:44:00.00
震央北緯       36.2°
震央東経       137.7°
震源深さ       3.0km
マグニチュード M5.5

  コード  観測点名      緯度    経度     最大加速度 (ガル) 三成分合成値 計測震度
　　　　　 　　         北緯    東経      N-S   E-W   U-D        (ガル)         
  GIF007  高根          36.038  137.486   192   115    31           199     4.4
  NGN013  安曇          36.183  137.785   117   123    65           134     3.9
  NGNH30  奈川          36.064  137.685    40    74    34            75     3.1
  GIF004  栃尾          36.249  137.517    70    60    32            73     3.2
  GIFH14  上宝          36.249  137.517    46    57    23            59     3.1
  NGNH18  開田          35.932  137.595    36    33    17            38     3.0
  NGN019  木曽福島      35.856  137.708    24    31    14            32     2.6
  NGN017  楢川          35.975  137.826    23    18    14            27     2.4
  NGNH31  塩尻          36.118  137.939    17    21     9            22     2.3
  NGN018  王滝          35.813  137.530    10    18     9            19     2.1
  NGNH10  木祖          35.963  137.767    14    15     9            18     2.3
  NGN009  穂高          36.338  137.869    13    12    15            17     2.3
  NGN015  諏訪          36.045  138.112    11    12     6            15     2.6
  NGNH14  平谷          35.309  137.626    15    11     3            15     1.7
  GIF003  神岡          36.332  137.301    14     8     7            14     1.2
  NGNH32  松本          36.258  137.990    12    10     7            13     2.1
  NGN022  南木曽        35.608  137.613    11    13     6            13     1.2
  NGNH20  上松          35.787  137.717     8    11     4            13     1.7
  GIFH10  神岡          36.378  137.372     7    11     6            12     1.4
  NGNH23  南木曽        35.606  137.611    10     8     6            11     1.6
  NGN006  大町          36.509  137.851     7    10     4            11     1.4
  NGNH34  大町中        36.533  137.820     8     9     4            11     1.5
  NGNH15  辰野          36.009  137.930     9    10     7            11     1.4
  NGN014  小海          36.096  138.484    10     6     2            10     1.4
  NGN016  富士見        35.913  138.223     4     9     2            10     1.6
  NGN012  松本          36.256  137.978     9     5     5             9     1.9
  NGN008  上田          36.402  138.248     8     6     3             9     1.4
  GIF008  小坂          35.952  137.260     7     8     2             8     0.9
  NGN024  飯田          35.523  137.837     7     7     5             8     1.5
  NGNH03  阿智2         35.479  137.735     6     6     5             8     1.4
  GIFH16  朝日北        36.094  137.344     7     7     3             8     1.4
  AIC008  設楽          35.101  137.576     4     7     2             7     1.1
  GIFH15  高山          36.134  137.221     6     6     4             7     2.1
  GNMH12  神流          36.144  138.913     6     5     3             7     1.5
  NGN007  杭瀬下        36.534  138.119     5     6     5             7     1.4
  GIFH19  朝日南        36.022  137.391     6     6     3             7     1.1
  GIF018  中津川        35.489  137.500     4     6     3             7     1.1
  GIF010  下呂          35.803  137.245     5     5     2             6     1.5
  AICH16  設楽          35.154  137.535     4     5     2             6     1.4
  NGNH17  佐久          36.142  138.550     5     5     2             6     0.9
  NGN011  長門          36.256  138.267     4     5     1             5     0.8
  NGN002  信濃          36.807  138.207     3     5     3             5     1.4
  SZO022  佐久間        35.092  137.814     4     4     2             5     1.3
  AIC009  豊田          35.081  137.146     4     5     2             5     1.2
  GIFH18  馬瀬          35.899  137.149     5     5     1             5     1.0
  NGN023  大鹿          35.579  138.034     4     4     3             5     1.0
  GIFH17  高鷲          35.951  136.873     4     4     3             5     1.3
  TYM011  芦弁          36.578  137.385     4     4     3             5     0.7
  GNM014  坂本          36.347  138.721     4     3     2             5     1.0
  GIF024  明智          35.301  137.387     4     3     2             4     0.7
  NGN025  天龍          35.286  137.857     4     4     1             4     0.6
  AICH15  足助          35.139  137.336     3     4     2             4     0.9
  SZO023  天竜          34.874  137.816     3     3     3             4     1.4
  GIFH24  東白川        35.640  137.319     3     3     1             4    <0.5
  TYMH03  富山          36.729  137.263     2     3     3             4     1.2
  AICH18  岡崎          34.964  137.238     3     3     1             4     0.8
  GIF019  恵那          35.450  137.404     3     3     2             4     0.6
  GIF023  土岐          35.388  137.216     3     2     2             4     0.8
  NGN020  伊那          35.828  137.953     3     3     2             4     0.8
  AIC010  作手          34.980  137.430     3     3     1             3     1.1
  NGN005  白馬          36.698  137.854     3     3     1             3     0.9
  NGN003  山ノ内        36.740  138.413     3     3     2             3    <0.5
  GIF002  河合          36.273  137.025     3     2     1             3     0.8
  NGN021  駒ヶ根        35.730  137.934     2     3     1             3     0.7
  SZO015  梅ヶ島        35.243  138.341     2     3     1             3     0.6
  YMNH10  早川北        35.535  138.309     2     3     1             3     0.6
  NGNH25  南信濃        35.299  137.927     3     3     1             3     0.6
  NGNH27  信州新        36.577  138.048     3     3     1             3     1.2
  GIFH04  古川          36.245  137.198     2     2     2             3     0.9
  GNM016  万場          36.116  138.925     3     1     1             3     0.6
  SZO021  本川根        35.097  138.133     2     3     2             3     0.6
  SZO025  湖西          34.719  137.531     2     2     1             3     1.2
  NGNH54  飯田          35.449  138.006     2     3     2             3     0.5
  GIF006  荘川          36.033  136.953     3     2     2             3     0.8
  YMNH11  大月          35.625  138.978     2     2     1             3     1.0
  SZOH30  水窪北        35.223  137.918     3     2     1             3     0.5
  FKIH04  三方          35.559  135.869     2     2     1             3     1.3
  AIC015  豊橋          34.755  137.405     2     2     1             3     0.8
  AICH07  旭            35.219  137.404     2     2     1             3    <0.5
  FKIH05  敦賀          35.639  136.030     2     2     1             3     1.2
  SZOH34  清水北        35.130  138.424     3     1     1             3     0.6
  TYMH07  利賀          36.441  137.039     2     2     2             3    <0.5
  NIGH06  加茂          37.653  139.068     2     2     1             3     0.8
  SZOH28  浜松          34.668  137.744     2     2     1             3     0.9
  GIF011  八幡          35.759  136.981     3     2     1             3    <0.5
  SITH11  飯能          35.864  139.273     2     2     0             3     0.7
  SIT014  中津川        35.995  138.801     3     2     1             3    <0.5
  NGNH24  松川          35.615  137.880     2     2     2             3     0.7
  TYM009  八尾          36.586  137.141     2     2     2             2     0.8
  AIC014  蒲郡          34.826  137.220     1     2     1             2    <0.5
  GIFH11  八百津        35.486  137.246     2     2     1             2    <0.5
  GNMH08  嬬恋          36.492  138.524     2     2     1             2     0.7
  SITH08  小鹿野        36.027  138.969     2     2     0             2    <0.5
  GIFH21  美並          35.666  136.962     2     2     0             2    <0.5
  KNG206  平塚ST6       35.097  139.378     2     2     1             2     1.1
  AICH10  鳳来          35.000  137.624     2     2     1             2    <0.5
  SZO011  富士宮        35.213  138.602     2     2     1             2     0.7
  AIC005  藤岡          35.198  137.206     2     2     0             2    <0.5
  NIG013  巻            37.764  138.883     1     2     0             2     1.1
  TYM007  富山          36.669  137.212     1     2     1             2     0.5
  GIFH08  大和          35.832  136.962     2     1     1             2    <0.5
  GIF014  付知          35.658  137.426     2     2     1             2     0.7
  SZO026  春野          34.982  137.898     2     2     1             2     0.5
  YMN002  大月          35.613  138.947     2     2     1             2    <0.5
  AICH12  幡豆          34.788  137.106     2     2     1             2     1.0
  AICH19  作手          34.951  137.411     1     2     1             2    <0.5
  SZOH42  修善寺        34.976  138.913     2     2     1             2     0.9
  YMN009  六郷          35.496  138.463     2     2     1             2     0.9
  AIC012  安城          34.912  137.045     2     2     1             2     0.7
  TYM008  大山          36.609  137.283     2     2     1             2     0.7
  YMN010  須玉          35.792  138.410     2     2     2             2     0.5
  YMNH15  上九一色      35.532  138.605     2     2     1             2    <0.5
  AICH20  新城          34.898  137.488     1     2     1             2    <0.5
  SIT004  長瀞          36.118  139.105     2     2     0             2    <0.5
  AIC013  長篠          34.934  137.576     2     2     1             2    <0.5
  SZOH32  龍山東        35.009  137.841     2     1     1             2     0.5
  NGN004  長野          36.649  138.194     2     2     1             2    <0.5
  AIC002  小牧          35.298  136.915     2     1     1             2     0.5
  AICH09  豊橋          34.664  137.390     1     2     1             2     0.7
  NIG027  糸魚川        37.023  137.862     2     1     1             2    <0.5
  YMNH14  都留南        35.511  138.968     1     1     1             2    <0.5
  FKI008  三方          35.548  135.908     1     2     1             2     0.9
  YMNH12  増穂          35.562  138.449     1     2     1             2    <0.5
  GNM015  下仁田        36.229  138.758     2     2     1             2    <0.5
  NGNH28  戸隠          36.708  138.096     1     1     1             2     0.7
  NIGH18  妙高          36.943  138.259     1     2     0             2     0.5
  SZOH37  芝川          35.203  138.566     2     1     0             2    <0.5
  SZOH25  新居          34.691  137.560     2     1     1             2     0.5
  NIGH17  妙高高原      36.857  138.097     1     1     1             2     0.7
  SZO024  浜松          34.710  137.720     1     1     1             2     0.6
  KNG205  平塚ST5       34.941  139.421     1     1     0             2     0.6
  SIT010  大宮          35.907  139.648     1     1     0             2     0.7
  AIC004  名古屋        35.063  136.974     1     1     1             1    <0.5
  NGNH29  野沢温泉      36.910  138.441     1     1     1             1    <0.5
  AICH04  安城          34.932  137.057     1     1     1             1     0.5
  YMNH16  甲府2         35.742  138.565     1     1     1             1    <0.5
  GIFH09  羽島          35.277  136.700     1     1     1             1     0.6
  SZO018  榛原          34.740  138.224     1     1     1             1     0.6
  TKYH13  檜原南        35.702  139.127     1     1     0             1    <0.5
  MIE004  亀山          34.857  136.449     1     1     0             1    <0.5
  AICH22  豊橋北        34.785  137.439     1     1     1             1    <0.5
  TKYH12  八王子        35.670  139.265     1     1     1             1    <0.5
  GIFH03  根尾          35.633  136.613     1     1     0             1    <0.5
  GNMH11  富岡          36.286  138.921     1     1     0             1    <0.5
  GIFH23  板取          35.724  136.785     1     1     0             1    <0.5
  GIFH27  美濃加茂      35.453  137.004     1     1     1             1    <0.5
  TYMH04  魚津          36.791  137.469     1     1     1             1    <0.5
  GIFH12  坂内          35.603  136.413     1     1     0             1    <0.5
  MIEH01  四日市        34.985  136.456     1     1     0             1    <0.5
  GIFH25  谷汲          35.521  136.613     1     1     0             1    <0.5
  KNGH19  山北中        35.417  139.044     1     0     1             1    <0.5
  ISKH03  内浦          37.346  137.244     1     1     0             1    <0.5
  SITH07  名栗          35.912  139.149     1     1     0             1    <0.5
  ISKH04  富来          37.190  136.718     1     1     0             1    <0.5
  ISKH09  尾口          36.267  136.717     1     1     0             1    <0.5
  NIGH11  川西          37.173  138.744     1     1     1             1    <0.5
  GIFH07  春日          35.418  136.435     0     1     0             1    <0.5
  ISKH06  志賀          37.053  136.821     1     1     0             1    <0.5
  SZOH53  掛川3         34.877  138.017     0     1     0             1    <0.5
  ISKH08  津幡          36.738  136.791     1     1     1             1    <0.5
  MIEH10  芸濃          34.822  136.424     1     1     0             1    <0.5
  SZOH39  西伊豆西      34.799  138.772     1     1     0             1    <0.5
  NIGH10  上川          37.544  139.365     0     0     0             1    <0.5
  SZOH38  函南          35.085  138.978     0     0     0             1    <0.5
  KYTH04  美山          35.269  135.551     0     0     0             1    <0.5
  HYGH09  東条          34.908  135.084     0     0     0             1    <0.5
  FKIH01  永平寺        36.096  136.362     0     0     0             0    <0.5
  GNMH09  高山          36.621  138.907     0     0     0             0    <0.5
  ISKH02  柳田          37.364  137.041     0     0     0             0    <0.5