最大加速度リスト

地震発生時刻   2016/04/15-00:03:00.00
震央北緯       32.7°
震央東経       130.8°
震源深さ       7.0km
マグニチュード M6.4

  コード  観測点名      緯度    経度     最大加速度 (ガル) 三成分合成値 計測震度
　　　　　 　　         北緯    東経      N-S   E-W   U-D        (ガル)         
  KMMH16  益城          32.797  130.820   353   590   189           606     5.7
  KMMH14  豊野          32.635  130.752   353   324   557           560     5.7
  KMM009  矢部          32.686  130.986   208   342    70           381     4.8
  KMM008  宇土          32.688  130.658   231   350   237           352     5.3
  KMM011  砥用          32.617  130.865   211   265   106           286     5.0
  KMM006  熊本          32.793  130.777   152   147   181           183     4.7
  KMM012  八代          32.508  130.602   175   116    51           176     4.5
  KMMH07  三角          32.623  130.558   108   104    62           128     3.9
  KMMH09  泉            32.490  130.905    73    84    42            89     3.6
  KMM007  高森          32.827  131.123    85    69    83            87     3.8
  KMM015  水俣          32.216  130.405    76    56    25            81     4.0
  KMM013  田浦          32.365  130.510    74    37    29            80     4.0
  KMMH03  菊池          32.998  130.830    48    68    28            69     3.8
  KMMH12  人吉          32.205  130.737    59    57    27            65     3.6
  KMMH10  新和          32.315  130.181    58    34    18            60     3.7
  MYZ001  高千穂        32.705  131.309    49    39    28            59     3.5
  MYZ008  西都          32.106  131.393    57    40    14            59     3.1
  MYZ020  椎葉          32.455  131.147    47    42    23            58     3.4
  KMM018  龍ヶ岳        32.394  130.388    40    38    16            55     3.0
  KMM014  五木          32.396  130.827    49    41    22            55     3.0
  KGS001  東            32.195  130.176    51    34    12            53     3.1
  KMM005  大津          32.876  130.877    49    45    28            51     3.8
  MYZ002  北川          32.698  131.683    51    50    17            51     3.4
  KMM016  人吉          32.197  130.776    42    37    30            51     3.6
  KGS003  大口          32.056  130.587    47    32    13            50     3.3
  FKO015  柳川          33.163  130.405    26    44    10            48     3.5
  KMM002  山鹿          33.019  130.685    41    43    12            46     3.4
  KGS004  阿久根        32.014  130.193    32    43    12            45     3.7
  KMMH11  芦北          32.292  130.578    35    28    16            45     3.0
  NGS010  長崎          32.735  129.876    37    38    13            44     2.7
  MYZH12  都城北        31.864  130.945    24    41    14            42     3.0
  KMMH13  上            32.221  130.910    28    35    37            41     2.9
  KGS006  横川          31.906  130.702    37    37    27            41     3.3
  KMMH06  白水          32.811  131.101    19    40    27            40     3.1
  MYZH04  諸塚          32.518  131.335    35    36    21            40     2.9
  KMMH15  水俣          32.170  130.365    36    37    15            38     3.5
  KMM017  多良木        32.256  130.926    31    37    26            38     3.2
  FKO016  大牟田        33.016  130.447    32    31    16            37     2.9
  MYZH08  川南          32.213  131.531    33    20    20            35     2.8
  KMM003  玉名          32.934  130.548    28    35    13            35     3.1
  KMMH02  小国          33.122  131.063    30    32    11            34     3.1
  MYZH15  日向          32.365  131.589    29    33    12            34     2.6
  MYZ009  えびの        32.046  130.811    32    27    17            33     3.4
  KGS002  出水          32.092  130.352    29    30    11            32     3.5
  KMMH01  鹿北          33.109  130.695    28    26    13            32     2.8
  NGS019  大村          32.900  129.958    26    30     9            31     3.1
  NGS014  口之津        32.611  130.185    30    22    17            31     3.0
  MYZ003  延岡          32.566  131.660    29    24    18            31     3.1
  OIT016  佐伯          32.975  131.903    24    28    14            31     3.2
  KMM022  牛深          32.194  130.026    28    21    15            31     3.0
  KGS007  川内          31.814  130.303    28    30     8            31     3.5
  FKO005  飯塚          33.652  130.696    21    26    10            29     2.8
  MYZH05  南郷          32.347  131.267    20    26    13            28     2.5
  KGS005  宮之城        31.901  130.451    22    27    10            28     3.1
  MYZ006  都農          32.257  131.561    28    20     7            28     2.6
  KMM010  三角          32.614  130.487    25    26    21            28     3.2
  KGSH05  祁答院        31.870  130.496    25    22     8            27     2.9
  FKO011  久留米        33.324  130.512    26    15     9            26     3.0
  MYZ010  小林          31.997  130.972    20    23     9            26     2.7
  MYZ012  高崎          31.872  131.069    22    19    25            25     2.8
  FKO013  八女          33.225  130.561    21    24     6            24     2.6
  NGS012  島原          32.788  130.346    18    18    14            24     2.9
  KGSH07  姶良          31.714  130.615    21    20     5            23     3.3
  MYZH10  国富          32.022  131.290    22    21     9            22     2.3
  KGSH01  長島          32.155  130.119    20    14     8            22     2.8
  OIT014  津久見        33.066  131.859    22    20     5            22     2.8
  SAGH04  東脊振        33.365  130.405    20    18     4            22     2.3
  NGS009  諫早          32.846  130.022    21    13     6            22     2.5
  KMM019  本渡          32.455  130.181    12    21     7            21     2.3
  KMM021  天草          32.379  130.000    19    21     8            21     2.9
  MYZH02  北川          32.697  131.683    15    20     9            21     2.5
  KMM020  新和          32.364  130.181    17    18     6            21     2.8
  MYZ004  南郷          32.389  131.334    19    18     8            20     2.5
  KGS010  串木野        31.712  130.274    17    18    10            20     3.1
  MYZ013  宮崎          31.909  131.419    16    12     7            20     2.9
  FKOH07  大刀洗        33.368  130.635    17    15    13            20     2.6
  SAG007  佐賀          33.263  130.300    16    19    10            19     2.8
  FKO010  甘木          33.423  130.669     9    19     5            19     2.3
  OITH11  九重          33.284  131.212    18    13     6            19     2.4
  MYZ007  西米良        32.235  131.116    15    19     8            19     1.9
  OITH08  宇目西        32.839  131.536    18    18     7            19     2.0
  MYZ011  綾            31.995  131.256    14    17     6            18     2.3
  FKOH08  小石原        33.465  130.828    11    18     5            18     2.0
  KGSH04  川内          31.837  130.360    15    16     8            18     3.0
  NGS003  志々伎        33.202  129.413    18    12     3            18     2.4
  SAG008  鹿島          33.104  130.100    12    14     7            18     2.5
  MYZ015  都城          31.718  131.062    13    14    10            17     2.5
  KMM004  一の宮        32.932  131.121    11    15     8            17     2.7
  YMG011  下関          34.064  131.021    11    15     6            17     2.7
  MYZ019  北郷          32.501  131.444    12    14     7            17     2.4
  MYZ014  田野          31.845  131.303    15    13    12            17     2.5
  KGS008  蒲生          31.762  130.570    16    15     9            16     3.2
  KGS036  上甑          31.836  129.868    14    14     5            16     2.5
  OIT011  佐賀関        33.246  131.881    12    13     4            16     2.4
  FKO004  行橋          33.739  131.010    13    16     6            16     2.6
  KGSH06  郡山          31.699  130.459     7    15     4            16     2.3
  FKOH03  宇美          33.561  130.550    12    14     4            15     1.7
  NGS008  小長井        32.923  130.184    14    12     6            15     2.0
  FKO014  矢部          33.149  130.818    13    14    14            15     2.5
  MYZH13  都城南        31.730  131.079    13    13     9            15     2.4
  KGS009  国分          31.737  130.761    14     9     4            14     3.2
  SAGH02  伊万里        33.266  129.880    11    12     2            14     1.8
  OIT015  竹田          32.972  131.397    13    11     8            13     2.3
  KGS012  鹿児島        31.606  130.574    10    13     5            13     2.9
  OIT013  犬飼          33.073  131.593    12    10     2            13     1.5
  SAG005  厳木          33.321  130.064    13     8     4            13     1.6
  KGS011  日吉          31.590  130.349    12     9     2            13     2.4
  NGSH01  平戸          33.212  129.435     9    11     3            13     2.2
  OIT010  大分          33.232  131.593    12    12     6            13     2.4
  SAG003  富士          33.373  130.207     7    12     4            13     1.9
  NGS002  松浦          33.344  129.705    11    10     3            13     2.6
  KMM001  小国          33.121  131.069    10    12     8            12     2.6
  KGSH03  宮之城        31.981  130.444    11     9     5            12     2.3
  MYZH16  延岡          32.506  131.696    12     9     3            12     2.0
  FKO001  玄海          33.843  130.509    10    10     4            12     2.5
  SAG004  伊万里        33.265  129.881     8    11     4            12     1.9
  NGS005  東彼杵        33.037  129.917    10     9     3            11     2.0
  NGS011  千々石        32.784  130.202     8    11     6            11     2.4
  YMG012  宇部          33.994  131.218    10     9     3            11     2.6
  FKO007  前原          33.561  130.202     8    10     4            11     2.3
  FKOH10  浮羽          33.289  130.817     8    11     5            11     2.0
  NGSH04  琴海          32.955  129.803     8    11     3            11     2.1
  OIT008  天瀬          33.255  131.020     7     9     5            11     2.0
  SAG002  唐津          33.425  129.919    10    11     6            11     2.0
  FKO002  中間          33.826  130.705    10     9     4            10     2.7
  NGSH03  佐世保南      33.126  129.810    10    10     3            10     2.0
  FKOH06  豊前          33.593  131.135     8     9     6            10     2.1
  KOC015  宿毛          32.937  132.725     8     9     6            10     2.1
  OIT002  中津          33.569  131.268     7     9     3            10     2.1
  NGS001  平戸          33.362  129.538     8     9     3            10     2.1
  FKO012  浮羽          33.332  130.794     9     7     5            10     2.1
  FKO006  福岡          33.597  130.399     5     9     3            10     2.1
  SAG006  武雄          33.192  130.034     9     5     4            10     2.1
  FKO003  北九州        33.832  130.901     7     9     3            10     2.3
  NGSH06  長崎          32.700  129.863     8     9     5             9     1.8
  OITH10  佐伯          32.928  131.869     8     8     5             9     1.9
  SAGH01  鎮西          33.508  129.888     6     9     3             9     1.8
  OIT005  耶馬渓        33.455  131.114     8     9     3             9     1.5
  OIT018  蒲江          32.797  131.925     8     4     3             9     1.7
  FKO008  添田          33.572  130.854     6     9     3             9     2.1
  OIT012  直入          33.066  131.373     7     6     3             8     1.6
  NGS007  琴海          32.906  129.780     6     8     3             8     1.5
  NGS006  大瀬戸        32.933  129.643     6     6     3             8     1.7
  YMG013  防府          34.031  131.535     8     6     2             8     1.8
  FKOH01  北九州        33.885  130.980     6     8     2             8     1.6
  EHM014  西海          32.945  132.505     8     5     3             8     1.5
  OIT017  宇目          32.858  131.659     6     7     5             7     1.5
  MYZH09  須木          32.042  131.062     7     3     6             7     1.6
  NGS004  佐世保        33.181  129.718     5     7     3             7     1.5
  KGS018  喜入          31.376  130.545     6     5     6             7     2.1
  FKO009  筑紫野        33.495  130.516     7     6     3             7     1.8
  OIT009  湯布院        33.257  131.344     5     7     2             7     2.1
  KOC014  中村          32.989  132.938     5     6     2             7     2.3
  OIT004  国東          33.567  131.738     7     3     2             7     1.8
  SAGH05  白石          33.181  130.105     6     4     3             7     1.8
  OITH01  山国          33.412  131.033     6     5     3             6     1.8
  MYZ017  串間          31.464  131.228     6     6     2             6     2.0
  MYZ005  日向          32.428  131.600     5     6     4             6     1.7
  KOC013  佐賀          33.080  133.101     5     4     3             6     1.9
  OIT003  豊後高田      33.557  131.446     4     5     2             6     1.7
  NGSH02  佐世保北      33.212  129.765     4     5     3             6     1.5
  YMG018  東和          33.909  132.356     5     5     1             5     2.0
  KGS015  大崎          31.430  131.011     5     4     3             5     2.1
  MYZ016  日南          31.613  131.374     3     5     1             5     1.9
  FKOH09  玄海          33.850  130.543     4     5     2             5     1.8
  OIT001  国見          33.678  131.594     4     5     2             5     2.0
  KGSH09  知覧          31.374  130.433     5     4     2             5     1.5
  KGS016  加世田        31.416  130.322     4     4     1             5     1.8
  YMGH07  菊川          34.115  131.051     3     4     3             5     1.6
  OIT006  院内          33.424  131.315     4     4     2             5     1.6
  NGS023  郷ノ浦        33.750  129.690     4     4     4             5     1.4
  OITH03  安岐          33.474  131.686     4     4     2             5     1.5
  NGS013  野母崎        32.581  129.760     4     4     2             5     1.3
  KGS019  枕崎          31.278  130.301     4     3     1             4     1.4
  YMG006  豊浦          34.149  130.930     4     4     1             4     1.5
  SAG001  鎮西          33.527  129.877     4     4     3             4     1.5
  YMG001  須佐          34.617  131.602     4     3     1             4     1.8
  YMGH14  萩            34.398  131.377     4     3     1             4     1.3
  EHM012  宇和島        33.222  132.573     4     3     1             4     1.1
  KGS013  大隅          31.597  130.994     4     4     2             4     1.2
  EHM013  三崎          33.392  132.114     3     3     2             4     1.3
  KGS020  頴娃          31.240  130.492     4     3     2             4     1.8
  YMG002  萩            34.407  131.399     3     3     1             4     1.8
  YMGH08  豊浦          34.135  130.932     3     4     1             4     1.4
  YMG017  柳井          33.965  132.101     3     3     1             4     1.6
  HRS018  竹原          34.341  132.907     3     3     1             3     1.7
  KGS017  鹿屋          31.395  130.870     2     3     1             3     1.5
  OIT007  杵築          33.417  131.614     3     3     2             3     1.4
  YMG008  山口          34.012  131.404     3     3     1             3     0.9
  EHM011  八幡浜        33.450  132.434     3     3     1             3     1.3
  KOCH08  土佐清水      32.780  132.972     2     2     1             3     1.0
  HRSH07  呉            34.288  132.641     2     2     1             3     1.1
  EHMH12  宇和          33.427  132.506     3     2     1             3     1.3
  MYZ018  都井岬        31.398  131.305     3     2     1             3     1.4
  EHMH13  三崎          33.372  132.116     3     2     1             3     1.0
  KGS014  垂水          31.496  130.700     2     3     1             3     1.7
  KGS021  指宿          31.253  130.632     3     2     1             3     1.5
  EHM010  肱川          33.451  132.688     2     2     1             3     1.1
  KGSH10  山川          31.207  130.618     3     2     1             3     1.1
  EHMH08  柳谷          33.539  133.002     2     2     1             3     1.0
  NGS022  国分          34.203  129.287     2     2     1             3     0.8
  EHM008  松山          33.820  132.728     2     2     1             2     1.1
  NGS016  若松          32.888  129.021     2     2     1             2     0.8
  YMG007  美祢          34.166  131.206     2     2     1             2     1.1
  KOC007  高知          33.561  133.527     2     2     1             2     1.3
  YMGH17  東和          33.929  132.405     2     2     1             2     1.0
  YMG016  岩国          34.170  132.177     2     2     1             2     1.2
  EHMH01  津島          33.056  132.555     2     2     1             2     0.6
  KOC012  大正          33.197  132.976     2     1     1             2     0.7
  EHMH06  日吉          33.335  132.798     2     2     1             2     0.7
  KGS023  田代          31.199  130.849     2     2     1             2     1.1
  YMGH09  田万川        34.626  131.668     2     2     1             2     0.8
  KGSH08  大隅          31.562  130.997     2     2     1             2     1.0
  EHM007  北条          33.962  132.772     1     2     1             2     1.1
  EHM016  伊予          33.765  132.709     2     2     1             2     1.3
  YMG015  玖珂          34.097  132.076     1     2     1             2     0.8
  KGWH02  三野          34.198  133.708     2     1     1             2     0.7
  KOCH06  中村          33.075  132.952     2     1     1             2     0.6
  HRS012  東広島        34.428  132.742     2     2     0             2     0.6
  EHM015  長浜          33.609  132.477     2     2     1             2     0.6
  KOC011  檮原          33.398  132.896     1     2     1             2     0.8
  YMGH15  徳山          33.972  131.815     2     1     1             2     0.5
  YMG005  豊北          34.290  130.948     1     2     1             2     0.7
  KOCH04  大月          32.841  132.707     2     1     1             2     0.8
  EHM004  今治          34.062  132.998     2     1     1             2     0.9
  YMGH16  上関          33.826  132.104     1     1     1             2     0.6
  HRS009  湯来          34.493  132.279     1     1     0             2    <0.5
  NGS015  宇久          33.256  129.125     1     1     1             2     0.8
  YMG014  徳山          34.054  131.808     1     1     1             2     1.0
  KOCH07  須崎          33.392  133.287     1     1     1             1     0.5
  HRSH10  芸北          34.747  132.379     1     1     0             1    <0.5
  KOC016  土佐清水      32.736  132.975     1     1     1             1     0.8
  KGSH12  内之浦        31.258  131.088     1     1     1             1     0.6
  KOCH03  大正          33.268  132.989     1     1     1             1     0.8
  KOC003  安芸          33.501  133.907     1     1     1             1     0.9
  HRSH13  広島南        34.412  132.391     1     1     1             1    <0.5
  SMN014  津和野        34.467  131.775     1     1     1             1    <0.5
  EHMH11  大洲          33.581  132.601     1     1     0             1    <0.5
  EHMH05  砥部          33.711  132.803     1     1     0             1    <0.5
  HRSH18  東広島        34.457  132.792     1     1     0             1    <0.5
  EHMH10  宮窪          34.192  133.058     1     1     0             1    <0.5
  YMGH10  むつみ        34.484  131.633     1     1     0             1    <0.5
  KOCH05  池川          33.647  133.144     1     1     0             1    <0.5
  EHMH04  丹原          33.902  133.066     1     1     0             1     0.5
  EHMH07  河辺          33.502  132.748     1     1     1             1    <0.5
  HRSH15  倉橋          34.116  132.505     1     1     0             1    <0.5
  SMNH07  美都          34.694  132.040     1     1     0             1    <0.5
  YMGH04  周東          34.027  132.063     1     1     0             1    <0.5
  HRSH01  三原          34.374  133.024     1     1     1             1    <0.5
  HRSH14  沖美          34.209  132.406     1     1     0             1    <0.5
  HRSH03  御調          34.518  133.137     1     1     0             1    <0.5
  KOCH12  芸西          33.529  133.819     1     0     0             1    <0.5
  HRSH16  吉田          34.663  132.669     1     1     0             1    <0.5
  SMNH16  加茂          35.342  132.899     0     1     0             1    <0.5
  SMNH04  邑智          35.092  132.531     1     1     0             1    <0.5
  KGSH11  佐多          31.090  130.699     0     0     0             1    <0.5
  KOCH11  室戸          33.287  134.160     0     0     0             0    <0.5
  KOCH10  伊野          33.531  133.439     0     0     0             0    <0.5
  TKSH06  井川          34.000  133.893     0     0     0             0    <0.5
  HYGH01  三原          34.294  134.794     0     0     0             0    <0.5
  SMNH09  匹見          34.572  132.012     0     0     0             0    <0.5
  YMGH03  岩国          34.189  132.126     0     0     0             0    <0.5
  TKSH05  海南          33.663  134.316     0     0     0             0    <0.5
  HRSH17  戸河内        34.572  132.233     0     0     0             0    <0.5
  EHMH03  新宮          33.915  133.650     0     0     0             0    <0.5
  TTRH02  日野          35.231  133.391     0     0     0             0    <0.5
  SMNH05  羽須美        34.870  132.640     0     0     0             0    <0.5
  SMNH11  平田          35.426  132.801     0     0     0             0    <0.5
  KOCH02  吾北          33.708  133.364     0     0     0             0    <0.5
  HRSH04  沼隈          34.379  133.349     0     0     0             0    <0.5
  OKYH08  哲多          34.910  133.405     0     0     0             0    <0.5
  TKSH03  木屋平        33.878  134.129     0     0     0             0    <0.5
  OKYH06  美星          34.676  133.528     0     0     0             0    <0.5
  TTRH07  関金          35.365  133.749     0     0     0             0    <0.5
  SMNH10  美保関        35.558  133.300     0     0     0             0    <0.5
  SMNH13  江津          35.009  132.307     0     0     0             0    <0.5
  HRSH11  神石          34.822  133.167     0     0     0             0    <0.5
  TTRH06  河原          35.395  134.199     0     0     0             0    <0.5
  OKYH04  真備          34.643  133.686     0     0     0             0    <0.5
  SMNH15  鹿島          35.523  133.023     0     0     0             0    <0.5
  OKYH03  岡山          34.778  133.789     0     0     0             0    <0.5
  SMNH02  仁多          35.224  133.086     0     0     0             0    <0.5
  KOCH01  北川          33.542  134.120     0     0     0             0    <0.5
  OKYH05  建部          34.868  133.853     0     0     0             0    <0.5
  TKSH04  徳島          33.990  134.534     0     0     0             0    <0.5
  KGWH03  三木          34.270  134.148     0     0     0             0    <0.5