最大加速度リスト

地震発生時刻   2018/09/14-14:35:00.00
震央北緯       36.7°
震央東経       140.6°
震源深さ       7.0km
マグニチュード M4.9

  コード  観測点名      緯度    経度     最大加速度 (ガル) 三成分合成値 計測震度
　　　　　 　　         北緯    東経      N-S   E-W   U-D        (ガル)         
  IBRH14  十王          36.692  140.548   230   129   139           248     3.4
  IBRH13  高萩          36.795  140.575   215   158   137           217     4.3
  IBRH06  北茨城2       36.881  140.655    91    96    34           121     3.5
  IBR003  日立          36.592  140.645    61    86    43            91     3.2
  FKSH10  西郷          37.162  140.093    53    50    21            72     3.0
  IBRH16  山方          36.641  140.398    54    61    20            66     3.1
  IBR002  高萩          36.706  140.707    52    56    31            62     3.0
  IBR005  笠間          36.385  140.237    53    48    28            58     3.0
  IBRH11  岩瀬          36.370  140.140    42    48    18            51     2.9
  IBR004  大宮          36.552  140.410    32    47    14            48     2.7
  TCGH13  馬頭          36.734  140.178    46    29    14            48     3.2
  IBRH15  御前山        36.557  140.301    37    36    18            43     2.7
  IBRH12  大子          36.837  140.318    35    26    12            38     2.4
  IBR013  鉾田          36.159  140.489    31    32    19            36     2.6
  TCG009  今市          36.726  139.715    23    27    15            31     2.9
  TCG014  茂木          36.545  140.174    27    29    12            31     2.8
  IBRH10  石下          36.111  139.989    25    17    14            30     2.7
  TCGH16  芳賀          36.548  140.075    25    27    11            30     2.8
  IBR014  土浦          36.073  140.195    21    20    12            28     2.4
  IBR001  大子          36.776  140.357    17    22    16            23     2.6
  IBR010  下妻          36.184  139.965    23    17     9            23     2.8
  FKS012  勿来          36.907  140.793    11    23     7            23     2.1
  IBR016  取手          35.911  140.049    16    20    12            22     2.2
  FKSH12  平田          37.217  140.570    20    17     9            22     2.5
  FKS014  矢祭          36.886  140.417    13    22     5            22     2.0
  IBR007  那珂湊        36.352  140.595    20    16    14            22     2.2
  TCGH12  氏家          36.696  139.984    16    15     8            21     2.0
  IBR015  岩井          36.069  139.908    16    19    12            21     2.6
  IBR012  石岡          36.195  140.271    20    16     9            21     2.1
  IBR006  水戸          36.369  140.453    17    15    12            21     2.0
  TCGH14  粟野          36.551  139.615    13    19     5            21     1.6
  CHB001  野田          35.959  139.873    13    15     6            19     2.1
  TCG013  真岡          36.437  140.023    17    12     8            19     2.2
  FKS016  白河          37.123  140.191    12    18     7            18     2.1
  IBR017  江戸崎        35.954  140.319    14    15     8            17     1.8
  IBRH18  ひたちなか    36.363  140.620    17    12    11            17     2.0
  IBRH17  霞ヶ浦        36.086  140.314    17    13     9            17     2.0
  IBR011  つくば        36.125  140.090    15    16     8            16     2.3
  TCGH10  大田原        36.858  140.023    16    15     6            16     1.9
  GNM013  高崎          36.318  139.018    13    11     3            15     2.4
  FKS013  古殿          37.090  140.556    12    12     8            15     1.8
  TCG008  鹿沼          36.560  139.768    13     9    10            15     2.3
  FKS008  船引          37.436  140.567     9    14     4            15     1.6
  FKS006  葛尾          37.503  140.759     9    13     5            14     2.0
  FKS009  小野          37.278  140.635    13    10     3            14     1.3
  TCGH11  今市          36.708  139.769    11    11     4            13     1.9
  SIT008  春日部        35.983  139.746     9    11     4            13     2.3
  FKSH09  郡山          37.353  140.426    11    11     4            12     1.1
  TCG006  小川          36.764  140.130    11    11     6            12     1.9
  TCG012  小山          36.286  139.805    12     9     6            12     2.0
  IBR018  鹿嶋          35.977  140.632     7     9     4            12     1.5
  TCG005  矢板          36.806  139.926    10    10     3            12     1.7
  CHB007  佐倉          35.723  140.227    11     8     5            11     1.6
  FKSH19  都路          37.470  140.723     8     9     5            11     1.4
  FKS010  広野          37.234  141.002    11     9     3            11     1.7
  SIT001  本庄          36.243  139.194     8     7     1            11     2.0
  TCG010  足尾          36.635  139.438     6    10     3            10     1.4
  FKS004  飯舘          37.680  140.735     7     9     4            10     1.1
  CHB003  白井          35.794  140.056     6     9     5            10     1.7
  FKS019  二本松        37.603  140.437    10     8     5            10     1.5
  FKS024  中野          37.396  140.132     6    10     3            10     1.8
  TCG003  藤原          36.814  139.715     8     8     4            10     1.7
  FKSH11  矢吹          37.201  140.339     8     9     6            10     1.7
  SIT003  久喜          36.072  139.697     8     7     7             9     2.2
  FKS018  郡山          37.396  140.362     6     9     4             9     1.4
  TCG016  北高岡        36.529  140.156     7     9     3             9     1.3
  GNM011  太田          36.291  139.361     9     7     3             9     2.0
  GNM009  桐生          36.411  139.325     7     9     4             9     1.8
  SITH01  岩槻          35.929  139.735     8     8     3             9     2.1
  IBR009  古河          36.185  139.704     9     6     3             9     1.7
  FKSH18  三春          37.489  140.538     7     6     4             9     1.5
  FKS023  会津若松      37.477  139.929     7     6     2             8     2.0
  GNM003  沼田          36.658  139.078     8     5     4             8     1.5
  FKS029  桧枝岐        37.016  139.380     7     5     1             8     0.8
  CHBH04  下総          35.797  140.021     6     6     3             8     1.3
  MYGH07  川崎          38.180  140.641     6     7     2             8     1.3
  TCG015  芹沼          36.749  139.714     6     7     5             8     1.5
  MYG015  岩沼          38.105  140.870     6     8     2             8     1.6
  FKS007  大熊          37.406  140.963     4     7     3             8     1.1
  SITH11  飯能          35.864  139.273     6     7     2             7     1.6
  FKS015  棚倉          37.022  140.377     6     6     2             7     1.3
  IBRH19  つくば        36.214  140.089     6     7     4             7     1.3
  TCGH07  栗山西        36.882  139.453     6     7     2             7     1.4
  CHB028  市川北        35.766  139.966     6     6     7             7     1.5
  TCGH09  矢板          36.862  139.836     5     6     3             7     1.1
  GNM002  水上          36.782  138.970     7     3     1             7     0.9
  FKSH08  長沼          37.282  140.214     4     6     2             7     1.0
  IBRH07  江戸崎        35.952  140.330     5     5     5             7     1.7
  FKSH20  浪江          37.491  140.987     5     6     2             7     1.7
  TCG011  葛生          36.387  139.614     5     6     2             6     1.2
  FKS017  須賀川        37.284  140.369     6     6     4             6     1.5
  GNMH05  伊勢崎        36.314  139.185     4     6     2             6     1.5
  CHB004  佐原          35.901  140.490     6     5     3             6     1.2
  SIT010  大宮          35.907  139.648     5     5     2             6     1.9
  KNGH10  横浜          35.499  139.519     6     5     2             6     1.8
  TCGH06  真岡          36.446  139.951     6     5     2             6     1.3
  CHB006  成田          35.780  140.307     5     6     3             6     1.1
  FKS027  滝原          37.070  139.681     4     6     2             6    <0.5
  FKSH14  いわき東      37.026  140.970     4     5     2             6     1.2
  TCG001  黒磯          36.942  140.083     5     6     3             6     1.2
  GNM001  片品          36.772  139.225     6     4     3             6     0.8
  CHBH06  匝瑳          35.721  140.505     4     6     3             6     1.4
  TCG004  湯元          36.806  139.420     3     6     3             6     1.1
  SIT009  川越          35.903  139.483     6     4     2             6     1.1
  CHB002  松戸          35.787  139.903     5     5     2             6     1.1
  GNM010  館林          36.234  139.533     4     5     2             6     1.4
  GNMH12  神流          36.144  138.913     5     5     2             6     1.5
  FKS003  福島          37.761  140.480     4     5     2             6     1.0
  CHBH13  成田          35.831  140.298     5     4     4             5     1.3
  GNM014  坂本          36.347  138.721     5     4     2             5     1.3
  FKS031  川内          37.336  140.813     5     4     3             5     1.0
  TKY003  青梅          35.797  139.291     5     5     1             5     1.6
  TCGH08  栗山東        36.883  139.646     5     4     2             5     0.9
  MYGH10  山元          37.941  140.892     5     5     1             5     1.0
  MYG017  角田          37.976  140.782     5     2     1             5     1.4
  CHB012  東金          35.573  140.333     4     5     3             5     1.2
  FKS001  相馬          37.795  140.920     4     4     2             5     1.3
  GNMH14  みどり        36.493  139.322     4     4     2             5     0.7
  FKS011  いわき        37.091  140.904     4     4     3             5     1.1
  GNM008  前橋          36.348  139.137     3     5     1             5     1.4
  TKY027  瑞江          35.693  139.891     5     4     2             5     1.4
  CHB024  稲毛          35.633  140.078     3     4     3             5     1.1
  FKSH02  熱塩加納      37.732  139.882     4     3     2             5     0.9
  SIT013  所沢          35.797  139.466     2     4     1             5     1.1
  FKS026  南郷          37.266  139.539     4     4     2             5     0.7
  TCG007  宇都宮        36.569  139.886     3     4     3             5     1.1
  SITH06  川本          36.113  139.289     3     4     1             4     0.9
  FKSH17  川俣          37.664  140.597     4     4     2             4     1.1
  FKS020  猪苗代        37.547  140.108     4     4     1             4     1.3
  GNMH07  利根          36.700  139.210     4     4     3             4     0.8
  GNMH11  富岡          36.286  138.921     4     3     1             4     1.1
  MYGH14  利府          38.340  140.955     4     2     1             4     0.9
  GNM007  渋川          36.464  139.009     4     4     1             4     1.3
  FKS005  原町          37.639  140.985     3     3     2             4     0.7
  FKS025  下郷          37.308  139.900     3     3     3             4     0.6
  FKS028  只見          37.304  139.362     3     3     1             4     0.5
  GNM006  吾妻          36.510  138.752     4     3     1             4     0.8
  TCG002  塩原          36.990  139.803     2     3     2             4     0.8
  MYGH13  南三陸        38.699  141.418     4     2     1             4     1.2
  GNM016  万場          36.116  138.925     3     3     1             4     0.7
  KNG002  横浜          35.437  139.634     3     2     2             4     1.3
  SITH10  都幾川        35.996  139.219     3     3     1             4     0.7
  SIT004  長瀞          36.118  139.105     2     3     1             4     0.5
  FKS002  梁川          37.845  140.601     3     3     1             4     0.9
  CHB010  八日市場      35.708  140.568     3     3     1             3     0.9
  YMTH02  山形          38.269  140.258     3     2     1             3     1.0
  TKY026  宇喜田        35.670  139.863     3     3     2             3     1.0
  YMTH04  上山          38.081  140.298     3     3     1             3    <0.5
  GNMH08  嬬恋          36.492  138.524     3     3     1             3     1.1
  KNG206  平塚ST6       35.097  139.378     2     3     1             3     1.4
  SIT002  熊谷          36.148  139.388     3     2     1             3     1.0
  SIT006  秩父          35.995  139.071     3     2     1             3     0.6
  TKY021  猿江          35.688  139.819     2     3     1             3     0.9
  FKS021  喜多方        37.654  139.863     2     2     1             3    <0.5
  CHB029  行徳          35.695  139.918     3     3     2             3     1.2
  TKY017  辰巳          35.647  139.809     3     3     2             3     1.1
  CHB009  千葉          35.608  140.102     2     2     1             3     1.0
  CHB011  蓮沼          35.588  140.497     2     3     1             3     0.7
  FKS022  西会津        37.600  139.647     2     3     1             3     0.8
  CHBH10  千葉          35.546  140.242     3     2     1             3     0.7
  MYG016  白石          38.008  140.621     2     3     1             3     0.8
  SIT007  東松山        36.054  139.391     2     2     1             3    <0.5
  SITH05  神泉          36.151  139.050     2     2     1             3    <0.5
  MYG014  作並          38.318  140.636     3     2     1             3     0.8
  YMT014  下屋地        37.921  139.870     2     2     1             3     0.5
  TKY024  奥戸          35.740  139.862     2     2     2             3     0.8
  FKSH06  伊南          37.172  139.520     2     3     1             3    <0.5
  TKY028  越中島        35.669  139.789     2     2     1             3     1.2
  TKYH13  檜原南        35.702  139.127     1     2     1             3    <0.5
  TKY014  亀戸          35.689  139.835     2     2     1             3     0.7
  SITH07  名栗          35.912  139.149     2     2     1             2    <0.5
  SITH04  所沢          35.803  139.535     2     2     1             2     0.5
  TKY013  砂町          35.660  139.834     2     2     1             2     0.9
  CHBH19  蓮沼          35.594  140.511     2     2     1             2     0.6
  NGN010  小諸          36.328  138.436     1     2     0             2     0.6
  SITH08  小鹿野        36.027  138.969     2     2     1             2     0.5
  TKY016  東雲          35.648  139.799     1     2     1             2     0.7
  TKY015  東白鬚        35.731  139.812     2     2     1             2     0.8
  TKY023  八広          35.725  139.825     2     2     1             2     0.8
  YMTH06  高畠          37.963  140.184     2     2     1             2     0.7
  YMT011  上山          38.150  140.267     2     2     1             2     0.7
  GNM005  嬬恋          36.513  138.518     2     1     1             2    <0.5
  CHB014  姉崎          35.477  140.049     1     2     1             2     0.8
  SIT005  小川          36.056  139.263     2     2     1             2    <0.5
  MYG013  仙台          38.266  140.929     2     2     1             2     0.7
  NIGH04  関川          38.131  139.543     1     2     0             2    <0.5
  GNM004  草津          36.617  138.592     1     2     1             2     0.7
  YMNH11  大月          35.625  138.978     1     1     0             2     0.7
  MYG010  石巻          38.429  141.282     1     2     1             2     0.7
  MYGH09  白石          38.009  140.603     1     2     1             2    <0.5
  NIGH19  湯沢          36.811  138.785     1     1     1             1    <0.5
  SIT012  飯能          35.840  139.321     1     1     0             1    <0.5
  MYGH08  岩沼          38.113  140.844     1     1     1             1    <0.5
  YMT015  米沢          37.904  140.100     1     1     1             1    <0.5
  MYGH11  河北          38.516  141.342     1     1     1             1    <0.5
  YMTH07  米沢          37.896  140.028     1     1     0             1    <0.5
  TCGH17  藤原2         36.985  139.692     0     1     0             1    <0.5
  GNMH09  高山          36.621  138.907     1     1     1             1    <0.5
  YMTH14  西川西        38.386  139.992     1     1     0             1    <0.5
  NIGH08  津川          37.671  139.465     1     1     0             1    <0.5
  YMTH15  西川東        38.426  140.125     1     1     0             1    <0.5
  YMTH05  小国          37.988  139.802     1     1     0             1    <0.5
  AKTH06  雄勝          38.980  140.495     1     1     0             1    <0.5
  NIGH03  荒川          38.133  139.429     0     0     0             1    <0.5
  MYGH06  田尻          38.591  141.071     0     0     0             0    <0.5
  NIGH02  朝日          38.280  139.549     0     0     0             0    <0.5
  CHBH11  養老          35.287  140.153     0     0     0             0    <0.5
  YMNH16  甲府2         35.742  138.565     0     0     0             0    <0.5
  NIGH11  川西          37.173  138.744     0     0     0             0    <0.5
  YMTH12  立川          38.636  140.006     0     0     0             0    <0.5
  NGNH23  南木曽        35.606  137.611     0     0     0             0    <0.5