最大加速度リスト

地震発生時刻   2020/06/01-06:02:00.00
震央北緯       36.2°
震央東経       140.3°
震源深さ       97.0km
マグニチュード M5.2

  コード  観測点名      緯度    経度     最大加速度 (ガル) 三成分合成値 計測震度
　　　　　 　　         北緯    東経      N-S   E-W   U-D        (ガル)         
  FKSH12  平田          37.217  140.570   146    72    29           146     3.9
  TCG009  今市          36.726  139.715    99   118    37           122     4.1
  TCGH13  馬頭          36.734  140.178    72    99    23           106     3.9
  IBR003  日立          36.592  140.645   102    84    27           105     3.6
  IBR004  大宮          36.552  140.410    66    92    23            93     3.5
  IBRH16  山方          36.641  140.398    76    81    20            90     3.7
  IBR005  笠間          36.385  140.237    45    88    27            89     3.5
  TCG014  茂木          36.545  140.174    56    63    15            84     3.6
  TCGH11  今市          36.708  139.769    54    62    17            73     3.4
  TCG005  矢板          36.806  139.926    46    67    10            72     3.5
  IBR013  鉾田          36.159  140.489    46    53    30            67     2.9
  FKSH10  西郷          37.162  140.093    50    47    27            66     3.2
  IBRH15  御前山        36.557  140.301    54    39    17            56     3.0
  IBR007  那珂湊        36.352  140.595    52    42    17            55     3.1
  IBRH11  岩瀬          36.370  140.140    34    51    13            54     3.4
  FKS019  二本松        37.603  140.437    48    27    12            54     3.3
  FKS006  葛尾          37.503  140.759    51    44    12            52     3.2
  TCG008  鹿沼          36.560  139.768    49    26    20            50     3.1
  IBRH12  大子          36.837  140.318    28    43    13            49     2.9
  GNM003  沼田          36.658  139.078    45    34    10            47     3.3
  IBRH18  ひたちなか    36.363  140.620    44    38    24            46     2.9
  FKSH18  三春          37.489  140.538    46    28    13            46     3.2
  TCG003  藤原          36.814  139.715    39    39    12            44     3.3
  FKS016  白河          37.123  140.191    31    40    12            44     3.0
  TCG011  葛生          36.387  139.614    39    32    17            43     2.9
  IBRH06  北茨城2       36.881  140.655    38    37    17            40     2.6
  FKS017  須賀川        37.284  140.369    35    26    17            40     3.2
  TCGH16  芳賀          36.548  140.075    38    30    10            39     3.1
  IBR002  高萩          36.706  140.707    24    36    14            38     2.7
  IBRH13  高萩          36.795  140.575    36    25    19            38     2.7
  TCG013  真岡          36.437  140.023    25    34    18            37     3.0
  FKS024  中野          37.396  140.132    33    21    15            36     3.2
  FKSH19  都路          37.470  140.723    28    29    10            36     3.0
  IBR006  水戸          36.367  140.454    34    30    14            34     2.6
  FKS009  小野          37.278  140.635    26    26     6            31     2.3
  TCGH14  粟野          36.551  139.615    26    30     8            31     2.5
  TCG012  小山          36.286  139.805    28    26    24            31     2.9
  TCG015  芹沼          36.749  139.714    27    29    16            30     3.0
  FKS008  船引          37.436  140.567    23    29     7            30     2.8
  GNM009  桐生          36.411  139.325    26    27    13            29     3.1
  TCGH10  大田原        36.858  140.023    24    24     9            28     2.7
  TCG006  小川          36.764  140.130    23    20    11            27     2.7
  FKSH11  矢吹          37.201  140.339    25    24    11            27     2.7
  IBR001  大子          36.776  140.357    20    25    13            27     2.8
  FKS018  郡山          37.396  140.362    16    21    11            26     2.6
  GNM011  太田          36.291  139.361    18    23     7            26     2.8
  TCG010  足尾          36.635  139.438    23    18     9            26     2.6
  FKS023  会津若松      37.477  139.929    19    23     5            24     2.9
  FKS020  猪苗代        37.547  140.108    16    22     6            24     3.2
  TCGH08  栗山東        36.883  139.646    20    20    11            23     2.7
  IBR012  石岡          36.195  140.271    22    20    12            23     2.5
  IBRH14  十王          36.692  140.548    17    19    11            22     1.7
  FKSH09  郡山          37.353  140.426    22    21     5            22     2.1
  FKS013  古殿          37.090  140.556    18    18     9            21     2.5
  IBR008  下館          36.306  139.983    17    18    20            21     2.3
  FKS014  矢祭          36.886  140.417    17    21     7            21     2.2
  TCGH09  矢板          36.862  139.836    20    15    10            21     2.3
  TCG007  宇都宮        36.569  139.886    18    20     9            21     2.5
  GNMH13  水上2         36.862  139.063    20    16     7            20     2.7
  IBRH17  霞ヶ浦        36.086  140.314    20    15    12            20     2.2
  FKSH20  浪江          37.491  140.987    19    14     6            19     2.6
  FKSH05  下郷          37.254  139.873    14    14     3            18     2.2
  IBR010  下妻          36.184  139.965    18    16     7            18     2.6
  IBR015  岩井          36.069  139.908    13    16    13            18     2.4
  IBR014  土浦          36.073  140.195    14    17     8            18     2.3
  FKS031  川内          37.336  140.813    16    10     8            18     2.1
  IBRH07  江戸崎        35.952  140.330    15    12     7            18     3.1
  TCGH06  真岡          36.446  139.951    16    16     4            17     2.2
  IBR016  取手          35.911  140.049    13    13    13            17     2.0
  TCG002  塩原          36.990  139.803    11    15     6            17     2.4
  FKSH17  川俣          37.664  140.597    10    17     4            17     2.3
  TCGH12  氏家          36.696  139.984    15    15     8            17     2.3
  GNMH12  神流          36.144  138.913    13    16     6            17     2.4
  IBR011  つくば        36.125  140.090    16    12     7            16     2.2
  FKS029  桧枝岐        37.016  139.380    16     9     2            16     1.4
  FKS007  大熊          37.406  140.963    11    15     7            16     2.0
  GNM002  水上          36.782  138.970    14     9     2            16     1.9
  SITH11  飯能          35.864  139.273    14    14     5            16     2.4
  SITH06  川本          36.113  139.289    15    15     4            16     2.2
  SIT004  長瀞          36.118  139.105    11    14     4            16     1.6
  IBR017  江戸崎        35.954  140.319    12    13     8            15     2.1
  FKSH14  いわき東      37.026  140.970    12    10     4            15     2.0
  IBRH10  石下          36.111  139.989    14    13    12            15     2.4
  CHB001  野田          35.959  139.873    10    12     6            15     2.1
  GNM012  伊勢崎        36.315  139.192    12    14     6            15     2.6
  FKS010  広野          37.234  141.002    12    12     6            15     2.0
  MYG015  岩沼          38.105  140.870    13     9     4            15     2.2
  GNM001  片品          36.772  139.225    14    11     5            14     1.9
  TCG001  黒磯          36.942  140.083    13    14     6            14     2.3
  FKS012  勿来          36.907  140.793    12    13     6            14     2.4
  TCGH07  栗山西        36.882  139.453    13    13     3            14     2.2
  CHB003  白井          35.794  140.056    11    12     6            14     2.2
  SIT008  春日部        35.983  139.746    13    13     6            14     2.4
  FKSH08  長沼          37.282  140.214    13    12     4            13     1.9
  TCG004  湯元          36.806  139.420    11    11     7            13     2.4
  SIT003  久喜          36.072  139.697    11    11     6            13     2.3
  GNMH05  伊勢崎        36.314  139.185    10    11     3            13     2.3
  FKS004  飯舘          37.680  140.735    11    13     5            13     1.8
  GNM008  前橋          36.348  139.137    11     9     3            13     2.4
  TCG016  北高岡        36.529  140.156     9    11     5            12     1.9
  SIT007  東松山        36.054  139.391     9    12     4            12     1.9
  GNMH07  利根          36.700  139.210    12     6     4            12     2.1
  IBR018  鹿嶋          35.977  140.632    11    11     6            12     2.0
  TKY003  青梅          35.797  139.291    11    10     3            11     2.3
  KNGH10  横浜          35.499  139.519     9    11     4            11     2.4
  FKS011  いわき        37.091  140.904    10     9     7            11     2.0
  KNG206  平塚ST6       35.097  139.378     7    11     1            11     2.1
  SIT011  川口          35.810  139.721     9     8     3            11     2.0
  FKS015  棚倉          37.022  140.377     7    10     4            11     1.9
  CHBH06  匝瑳          35.721  140.505     9     9     4            11     2.0
  GNM013  高崎          36.318  139.018     8    10     3            11     2.2
  SITH05  神泉          36.151  139.050     9     9     2            10     1.5
  FKS005  原町          37.639  140.985     9     8     4            10     1.6
  SIT002  熊谷          36.148  139.388     7    10     4            10     2.3
  IBR009  古河          36.185  139.704     9     9     5            10     2.0
  FKS027  滝原          37.070  139.681     6     9     2            10     1.2
  MYGH10  山元          37.941  140.892     8    10     3            10     1.6
  IBRH19  つくば        36.214  140.089     9     7     4            10     1.5
  MYGH07  川崎          38.180  140.641     7     8     3             9     1.5
  CHB028  市川北        35.766  139.966     8     9     5             9     1.8
  SIT006  秩父          35.995  139.071     6     7     2             9     1.4
  FKS001  相馬          37.795  140.920     7     7     5             9     1.9
  FKS003  福島          37.761  140.480     7     9     4             9     1.7
  CHB004  佐原          35.901  140.490     6     7     5             9     1.7
  GNMH14  みどり        36.493  139.322     8     7     3             9     1.4
  CHB007  佐倉          35.723  140.227     9     8     5             9     1.8
  MYGH13  南三陸        38.699  141.418     9     5     3             9     1.8
  GNM006  吾妻          36.510  138.752     7     8     3             9     1.6
  SIT005  小川          36.056  139.263     6     8     2             8     1.4
  CHB002  松戸          35.787  139.903     8     6     3             8     1.5
  GNM007  渋川          36.464  139.009     6     6     2             8     1.9
  TCGH17  藤原2         36.985  139.692     5     7     1             8     1.6
  CHBH13  成田          35.831  140.298     6     6     4             7     1.8
  YMNH11  大月          35.625  138.978     6     7     2             7     2.0
  CHBH04  下総          35.797  140.021     6     5     4             7     1.5
  SIT010  大宮          35.907  139.648     5     7     3             7     1.9
  TKY027  瑞江          35.693  139.891     5     6     3             7     1.7
  TKYH12  八王子        35.670  139.265     6     4     2             7     1.6
  MYG002  歌津          38.726  141.511     5     6     2             7     0.7
  GNM014  坂本          36.347  138.721     6     5     3             6     1.7
  FKS002  梁川          37.845  140.601     5     6     2             6     1.2
  TKY007  新宿          35.711  139.686     4     6     3             6     1.5
  FKS022  西会津        37.600  139.647     5     6     2             6     1.8
  GNM016  万場          36.116  138.925     6     4     1             6     1.3
  NGN016  富士見        35.913  138.223     3     5     2             6     1.7
  MYG008  北上          38.568  141.427     5     5     1             6     0.6
  CHB006  成田          35.780  140.307     5     5     4             6     1.5
  SIT009  川越          35.903  139.483     5     6     3             6     1.4
  TKY022  横網          35.687  139.796     4     5     3             6     1.7
  TKY025  篠崎          35.714  139.897     4     5     2             6     1.5
  MYGH14  利府          38.340  140.955     5     4     2             6     1.4
  KNG004  三崎          35.144  139.622     3     5     1             6     1.4
  SIT001  本庄          36.243  139.194     5     5     2             5     1.8
  YMN009  六郷          35.496  138.463     4     4     2             5     1.8
  NGNH19  川上          35.974  138.584     5     3     1             5     1.6
  YMTH02  山形          38.269  140.258     5     5     1             5     1.6
  MYG017  角田          37.976  140.782     5     4     2             5     1.7
  SITH07  名栗          35.912  139.149     4     5     1             5     1.0
  KNG205  平塚ST5       34.941  139.421     4     4     1             5     1.6
  NIG012  鹿瀬          37.686  139.477     4     4     1             5     1.7
  KNG203  平塚ST3       34.798  139.643     4     5     0             5     1.1
  GNMH11  富岡          36.286  138.921     5     4     2             5     1.2
  YMN004  塩山          35.702  138.727     4     4     3             5     1.6
  CHB022  富津          35.308  139.860     5     5     2             5     1.3
  FKS026  南郷          37.266  139.539     4     5     1             5     1.5
  TKY004  八王子        35.628  139.403     4     4     2             5     1.4
  FKS028  只見          37.304  139.362     4     4     1             5     1.5
  SZO001  熱海          35.142  139.079     3     5     1             5    <0.5
  TKY013  砂町          35.660  139.834     4     5     2             5     1.5
  NGN014  小海          36.096  138.484     5     3     1             5     1.0
  TKY021  猿江          35.688  139.819     4     4     2             5     1.6
  MYGH11  河北          38.516  141.342     5     4     2             5     0.6
  MYG012  塩竈          38.318  141.019     4     3     2             5     1.2
  SITH08  小鹿野        36.027  138.969     4     4     1             5     1.2
  YMN002  大月          35.613  138.947     4     4     2             5     1.2
  TKY018  八枝          35.655  139.811     4     4     3             5     1.6
  FKS025  下郷          37.308  139.900     3     4     3             4     1.4
  TKY028  越中島        35.669  139.789     3     4     2             4     1.4
  IWT009  大東          39.019  141.403     4     3     1             4    <0.5
  TKY024  奥戸          35.740  139.862     4     4     3             4     1.5
  TKY005  町田          35.580  139.414     4     4     2             4     1.4
  TKY026  宇喜田        35.670  139.863     4     4     3             4     1.4
  GNM004  草津          36.617  138.592     4     4     2             4     1.5
  KNG202  平塚ST2       34.740  139.839     3     4     1             4     1.2
  CHB029  行徳          35.695  139.918     4     4     2             4     1.5
  SZO003  東伊豆        34.816  139.055     3     3     1             4     1.0
  KNG001  川崎          35.529  139.706     3     3     4             4     1.3
  TKY017  辰巳          35.647  139.809     4     4     3             4     1.5
  FKSH02  熱塩加納      37.732  139.882     3     3     2             4     1.3
  MYG016  白石          38.008  140.621     4     3     2             4     1.3
  KNG009  厚木          35.442  139.362     4     4     2             4     1.5
  IWT012  北上          39.321  141.138     4     2     1             4     1.1
  TKY014  亀戸          35.689  139.835     3     4     3             4     1.3
  CHB008  浦安          35.654  139.902     3     3     2             4     1.4
  NIG022  塩沢          37.036  138.846     4     4     1             4     1.6
  CHB010  八日市場      35.708  140.568     3     4     2             4     1.4
  KNG204  平塚ST4       34.893  139.571     3     4     1             4     1.2
  FKS021  喜多方        37.654  139.863     4     3     1             4     1.2
  TKY006  小金井        35.699  139.503     3     3     2             4     1.3
  TKYH13  檜原南        35.702  139.127     3     3     2             4     0.6
  TKY015  東白鬚        35.731  139.812     4     4     2             4     1.4
  NIG028  長岡支所      37.426  138.886     4     3     2             4     1.6
  CHB012  東金          35.573  140.333     4     3     2             4     1.4
  SIT014  中津川        35.995  138.801     4     3     1             4     1.0
  KNGH11  厚木          35.404  139.354     3     3     1             4     1.6
  TKY023  八広          35.725  139.825     3     3     2             4     1.4
  MYG013  仙台          38.266  140.929     4     2     2             4     1.0
  KNG002  横浜          35.437  139.634     4     2     2             4     1.5
  MYG003  東和          38.735  141.311     3     3     1             4    <0.5
  KNG201  平塚ST1       34.596  139.918     1     4     0             4     1.2
  MYG010  石巻          38.429  141.282     4     3     1             4     1.3
  KNG013  小田原        35.264  139.152     3     3     3             4     1.5
  FKSH06  伊南          37.172  139.520     3     4     2             4     1.4
  GNMH09  高山          36.621  138.907     3     4     1             4     1.5
  SIT013  所沢          35.797  139.466     3     3     2             4     1.2
  NIGH06  加茂          37.653  139.068     3     2     1             4     1.3
  MYGH09  白石          38.009  140.603     2     3     2             4     1.0
  KNG014  山北          35.361  139.083     3     3     2             4     1.2
  YMNH15  上九一色      35.532  138.605     3     3     2             3     0.6
  YMN003  富士吉田      35.465  138.813     3     3     1             3     1.0
  CHB014  姉崎          35.477  140.049     3     3     2             3     1.2
  NGN015  諏訪          36.045  138.112     2     3     2             3     1.5
  IBRH20  波崎2         35.828  140.732     3     3     1             3     1.2
  TKY016  東雲          35.648  139.799     2     2     3             3     1.2
  FKSH21  只見          37.342  139.315     3     3     1             3     1.2
  CHB024  稲毛          35.633  140.078     3     3     2             3     1.2
  IWT007  釜石          39.270  141.856     3     3     1             3     0.6
  IWTH27  陸前高田      39.031  141.532     3     3     1             3     0.6
  SZO002  伊東          34.965  139.103     2     3     1             3     0.9
  CHB009  千葉          35.608  140.102     3     2     2             3     1.1
  YMTH04  上山          38.081  140.298     3     3     1             3     0.6
  CHB011  蓮沼          35.588  140.497     3     3     1             3     1.2
  YMNH14  都留南        35.511  138.968     3     3     2             3     0.5
  YMT011  上山          38.150  140.267     3     2     2             3     1.3
  KNGH18  藤野          35.644  139.128     3     3     1             3     1.2
  NIGH19  湯沢          36.811  138.785     3     3     2             3     1.2
  YMNH08  西野原        35.690  138.734     3     3     1             3     1.2
  YMN001  丹波山        35.789  138.920     3     3     1             3     0.7
  YMT015  米沢          37.904  140.100     2     3     1             3     1.3
  SZO011  富士宮        35.213  138.602     2     3     1             3     1.1
  MYGH04  東和          38.786  141.325     3     2     1             3    <0.5
  NIG011  新津          37.801  139.144     3     2     1             3     1.6
  IWTH05  藤沢          38.865  141.351     3     3     1             3    <0.5
  MYGH08  岩沼          38.113  140.844     3     3     1             3     0.8
  SIT012  飯能          35.840  139.321     3     2     1             3     0.8
  KNG010  平塚          35.334  139.345     3     2     1             3     1.3
  NIGH14  塩沢          37.030  138.852     2     3     1             3     1.2
  IWTH23  釜石          39.274  141.823     3     2     1             3    <0.5
  SZOH42  修善寺        34.976  138.913     2     2     1             3     1.1
  TKY001  氷川          35.803  139.096     2     2     2             3     0.8
  GNM015  下仁田        36.229  138.758     2     3     1             3     0.7
  NGN010  小諸          36.328  138.436     2     2     1             3     1.2
  CHBH19  蓮沼          35.594  140.511     2     3     1             3     1.1
  GNM005  嬬恋          36.513  138.518     3     3     1             3     0.9
  NIG025  直江津        37.161  138.224     2     2     1             3     1.3
  CHBH10  千葉          35.546  140.242     2     2     2             3     0.8
  TKY002  桧原          35.730  139.145     2     2     1             3     0.5
  KNGH20  松田          35.366  139.126     2     2     2             3     0.9
  YMN010  須玉          35.792  138.410     2     2     2             3     1.2
  TKY008  岡田          34.785  139.391     2     2     2             3     0.6
  CHBH12  富津          35.344  139.855     3     2     1             3     0.9
  CHB019  鋸南          35.111  139.835     2     2     1             3     1.2
  CHB017  市場          35.299  140.076     2     2     1             2     1.0
  KNG012  秦野          35.379  139.205     2     2     1             2     0.7
  FKS030  金山          37.453  139.513     2     2     1             2     1.0
  SZOH37  芝川          35.203  138.566     2     2     1             2     0.7
  MYG001  気仙沼        38.901  141.568     2     2     1             2     0.5
  TKY020  塩浜          35.666  139.809     2     2     2             2     1.1
  KNG005  鎌倉          35.319  139.546     2     1     1             2    <0.5
  MYG004  築館          38.732  141.027     1     2     1             2     0.6
  NIG019  小千谷        37.304  138.812     2     2     1             2     1.0
  IWTH04  住田          39.181  141.391     2     2     1             2     0.5
  YMN006  本栖          35.468  138.607     1     2     1             2     0.7
  NIG020  小出          37.233  138.962     2     2     1             2     1.1
  YMT014  下屋地        37.921  139.870     2     2     1             2     0.9
  NIGH12  湯之谷        37.224  138.982     2     2     1             2     1.0
  NIG017  長岡          37.442  138.843     2     1     1             2     0.9
  NIGH11  川西          37.173  138.744     1     2     2             2     0.9
  YMNH16  甲府2         35.742  138.565     1     2     1             2     0.7
  IWTH26  一関東        38.969  141.001     1     2     1             2    <0.5
  YMTH07  米沢          37.896  140.028     2     2     1             2     0.9
  NIGH09  下田          37.539  139.128     2     1     1             2     1.2
  SITH04  所沢          35.803  139.535     2     2     1             2     0.7
  SZOH35  伊東中        34.947  139.085     2     1     1             2     0.8
  KNG003  横須賀        35.273  139.658     2     2     1             2    <0.5
  NGNH18  開田          35.932  137.595     2     2     1             2     0.9
  NGNH17  佐久          36.142  138.550     2     2     1             2    <0.5
  SZOH34  清水北        35.130  138.424     2     1     1             2     0.5
  NGN017  楢川          35.975  137.826     2     1     1             2     0.7
  IWT026  相去          39.257  141.098     1     2     1             2     0.6
  MYG018  伊里前        38.719  141.523     2     2     1             2    <0.5
  KNG007  藤沢          35.338  139.493     1     2     1             2     0.8
  CHB016  岬            35.300  140.387     1     1     1             2     0.8
  YMT008  中村          38.386  139.992     1     2     1             2     0.8
  CHBH16  鴨川          35.138  139.965     1     1     1             2     0.6
  NIGH02  朝日          38.280  139.549     1     1     1             2     0.6
  NIG023  津南          37.015  138.653     1     1     1             2     0.9
  YMNH12  増穂          35.562  138.449     1     1     1             2     0.6
  NIG015  村松          37.694  139.189     2     1     1             2     0.9
  KNG011  藤野          35.615  139.155     1     1     1             2    <0.5
  YMT007  東根          38.431  140.391     1     1     1             2    <0.5
  YMTH14  西川西        38.386  139.992     1     1     1             2     0.8
  KNGH19  山北中        35.417  139.044     1     1     1             2    <0.5
  NIG004  小木          37.821  138.280     1     1     1             1    <0.5
  NGN008  上田          36.402  138.248     1     1     1             1     0.8
  KNGH21  清川          35.463  139.215     1     1     1             1    <0.5
  SZO010  御殿場        35.313  138.906     1     1     1             1     0.6
  YMNH10  早川北        35.535  138.309     1     1     1             1    <0.5
  CHB026  長南          35.387  140.237     1     1     1             1     0.5
  CHB020  鴨川          35.115  140.102     1     1     1             1     0.8
  NGN021  駒ヶ根        35.730  137.934     1     1     1             1     0.8
  YMT013  小国          38.062  139.757     1     1     0             1     0.7
  CHB018  勝浦          35.158  140.322     1     1     1             1    <0.5
  NIGH03  荒川          38.133  139.429     1     1     0             1     0.8
  IWT004  田老          39.736  141.967     1     1     1             1    <0.5
  KNGH23  葉山          35.262  139.611     1     1     0             1    <0.5
  SZOH38  函南          35.085  138.978     1     1     1             1    <0.5
  NGNH24  松川          35.615  137.880     1     1     1             1    <0.5
  NGNH03  阿智2         35.479  137.735     1     1     1             1     0.6
  NGNH29  野沢温泉      36.910  138.441     1     1     1             1     0.6
  YMTH05  小国          37.988  139.802     1     1     1             1     0.5
  NIGH10  上川          37.544  139.365     1     1     1             1     0.5
  IWTH20  花巻南        39.343  141.047     1     1     0             1    <0.5
  YMTH11  最上          38.713  140.554     1     1     0             1    <0.5
  YMTH15  西川東        38.426  140.125     1     1     1             1    <0.5
  CHBH11  養老          35.287  140.153     1     1     1             1    <0.5
  AKTH06  雄勝          38.980  140.495     1     1     0             1    <0.5
  NGNH32  松本          36.258  137.990     1     1     0             1    <0.5
  SZOH39  西伊豆西      34.799  138.772     1     1     0             1    <0.5
  CHBH17  勝浦東        35.171  140.340     1     1     1             1    <0.5
  SZOH54  初島2         35.042  139.168     1     1     0             1    <0.5
  NIGH04  関川          38.131  139.543     1     1     1             1    <0.5
  NGNH23  南木曽        35.606  137.611     1     1     0             1    <0.5
  NIGH17  妙高高原      36.857  138.097     0     1     1             1    <0.5
  AICH16  設楽          35.154  137.535     1     1     0             1    <0.5
  NGNH27  信州新        36.577  138.048     0     1     0             1    <0.5
  NIGH07  村松          37.666  139.261     1     1     1             1    <0.5
  NIGH05  聖籠          37.976  139.279     0     0     0             1    <0.5
  MYGH06  田尻          38.591  141.071     1     1     0             1    <0.5
  NGNH14  平谷          35.309  137.626     1     1     0             1    <0.5
  NGNH31  塩尻          36.118  137.939     0     1     0             1    <0.5
  NGNH54  飯田          35.449  138.006     1     1     0             1    <0.5
  NGNH28  戸隠          36.708  138.096     0     1     0             1    <0.5
  YMTH08  八幡          38.970  140.033     0     0     0             1    <0.5
  YMTH12  立川          38.636  140.006     0     0     0             1    <0.5
  GIFH19  朝日南        36.022  137.391     0     0     0             0    <0.5
  NGNH25  南信濃        35.299  137.927     0     0     0             0    <0.5
  AKTH19  湯沢          39.191  140.471     0     0     0             0    <0.5
  NGNH15  辰野          36.009  137.930     0     0     0             0    <0.5
  NGNH34  大町中        36.533  137.820     0     0     0             0    <0.5
  YMTH13  朝日          38.470  139.761     0     0     0             0    <0.5
  TYMH04  魚津          36.791  137.469     0     0     0             0    <0.5
  SZOH30  水窪北        35.223  137.918     0     0     0             0    <0.5
  CHBH20  鴨川南        35.088  140.100     0     0     0             0    <0.5