最大加速度リスト

地震発生時刻   2011/04/12-14:07:00.00
震央北緯       37.1°
震央東経       140.6°
震源深さ       15.0km
マグニチュード M6.4

  コード  観測点名      緯度    経度     最大加速度 (ガル) 三成分合成値 計測震度
　　　　　 　　         北緯    東経      N-S   E-W   U-D        (ガル)         
  IBR019  北茨城        36.881  140.654   696   502   329           847     5.5
  FKSH12  平田          37.217  140.570   347   416   308           504     5.4
  FKS012  勿来          36.907  140.793   217   480   169           490     5.8
  FKS016  白河          37.123  140.191   321   275    85           405     4.7
  IBRH12  大子          36.837  140.318   365   248   180           401     4.9
  IBRH13  高萩          36.795  140.575   324   217   314           387     4.6
  IBR003  日立          36.592  140.645   281   310   138           336     4.8
  FKSH19  都路          37.470  140.723   195   330   151           332     4.2
  FKS013  古殿          37.090  140.556   312   300   216           323     5.3
  FKS008  船引          37.436  140.567   222   272    75           298     4.0
  FKS004  飯舘          37.680  140.735   227   175   142           280     4.0
  IBR013  鉾田          36.159  140.489   253   216   108           260     4.7
  IBRH16  山方          36.641  140.398   177   242   117           258     4.4
  FKS009  小野          37.278  140.635   196   222    92           229     4.2
  FKS018  郡山          37.396  140.362   166   178   117           229     4.6
  FKSH11  矢吹          37.201  140.339   170   215   154           224     4.4
  IBR004  大宮          36.552  140.410   197   156    65           221     4.2
  FKSH09  郡山          37.353  140.426   196   147    83           216     4.1
  IBRH14  十王          36.692  140.548   187   147   121           211     3.8
  FKS010  広野          37.234  141.002   196   191    57           205     4.6
  IBR002  高萩          36.706  140.707   158   199   120           203     4.8
  IBR007  那珂湊        36.352  140.595   192   170   125           195     4.5
  FKS006  葛尾          37.503  140.759   137   180   114           191     4.4
  FKS011  いわき        37.091  140.904   154   178    78           189     4.6
  TCG014  茂木          36.545  140.174   123   164    68           188     4.5
  FKS019  二本松        37.603  140.437   156   143    72           166     4.0
  IBR001  大子          36.776  140.357   130   126    58           162     4.2
  FKS031  川内          37.336  140.813   150   118    53           154     3.9
  TCG009  今市          36.726  139.715   125   102    50           154     4.2
  IBRH11  岩瀬          36.370  140.140   141   124    55           143     4.1
  FKSH10  西郷          37.162  140.093   128   120   100           141     4.0
  FKS005  原町          37.639  140.985   105   120    28           138     3.6
  FKSH18  三春          37.489  140.538   112   110    75           135     3.9
  IBRH18  ひたちなか    36.363  140.620   130   124    50           135     4.0
  IBR006  水戸          36.369  140.453   112   129    57           133     3.9
  IBR005  笠間          36.385  140.237    99    92    64           131     4.0
  FKS017  須賀川        37.284  140.369   119   109    74           129     4.5
  FKSH14  いわき東      37.026  140.970   105   115    49           123     4.8
  FKS014  矢祭          36.868  140.430    71   110    49           114     3.7
  TCGH16  芳賀          36.548  140.075   108    86    25           111     4.1
  TCGH10  大田原        36.858  140.023    88    91    60           107     3.7
  YMTH04  上山          38.081  140.298    59    91    20           102     3.2
  TCGH13  馬頭          36.734  140.178    99    83    55           101     3.8
  IBRH17  霞ヶ浦        36.086  140.314    92    79    51            97     3.8
  FKS015  棚倉          37.022  140.377    78    91    31            97     3.9
  FKS002  梁川          37.845  140.601    69    72    24            88     3.4
  IBRH15  御前山        36.557  140.301    80    81    36            88     3.5
  FKS001  相馬          37.795  140.920    75    85    29            87     3.6
  FKS027  滝原          37.070  139.681    81    70    15            85     2.9
  FKSH05  下郷          37.254  139.873    67    72    22            84     3.4
  IBR018  鹿嶋          35.977  140.632    63    77    24            82     3.7
  YMTH02  山形          38.269  140.258    67    79    14            79     4.0
  FKSH08  長沼          37.282  140.214    75    75    25            76     3.3
  FKSH17  川俣          37.664  140.597    61    66    49            75     3.5
  TCG005  矢板          36.806  139.926    74    62    16            75     3.4
  IBR017  江戸崎        35.954  140.319    74    51    31            75     3.4
  FKS003  福島          37.761  140.480    65    68    29            74     3.3
  TCGH11  今市          36.708  139.769    59    71    25            73     3.3
  TCGH12  氏家          36.696  139.984    64    66    45            73     3.4
  FKS023  会津若松      37.477  139.929    61    52    19            72     4.0
  IBR012  石岡          36.190  140.287    55    68    33            72     3.8
  TCG001  黒磯          36.942  140.083    65    56    26            72     3.6
  IBR014  土浦          36.073  140.195    64    71    25            71     3.8
  MYG015  岩沼          38.105  140.870    52    48    19            66     3.7
  FKS024  中野          37.396  140.132    45    55    28            63     3.8
  TCG006  小川          36.764  140.130    54    44    36            63     3.6
  MYGH10  山元          37.941  140.892    55    51    20            58     3.2
  FKS020  猪苗代        37.547  140.108    57    40    27            57     3.7
  YMT011  上山          38.150  140.267    50    41    17            56     3.7
  IBRH10  石下          36.111  139.989    49    52    33            55     3.8
  IBR011  つくば        36.125  140.090    51    50    24            53     3.7
  IBR016  取手          35.911  140.049    48    41    32            53     3.4
  IBR015  岩井          36.069  139.908    46    50    25            53     3.4
  MYG016  白石          38.008  140.621    30    46    16            52     3.3
  TCGH15  宇都宮        36.559  139.864    47    48    19            51     3.2
  IBRH07  江戸崎        35.952  140.330    42    31    16            49     4.1
  MYG014  作並          38.318  140.636    48    43    13            48     3.4
  TCG013  真岡          36.437  140.023    33    45    27            48     3.1
  TCG008  鹿沼          36.560  139.768    44    42    27            48     3.2
  FKSH16  福島          37.764  140.377    39    41    13            47     3.1
  CHB007  佐倉          35.723  140.227    42    34    20            47     3.2
  TCG015  芹沼          36.749  139.714    25    45    16            46     2.8
  FKSH04  会津高田      37.451  139.813    38    43    13            45     3.1
  IBR010  下妻          36.184  139.965    44    33    20            45     3.3
  TCGH06  真岡          36.446  139.951    43    31    10            44     2.9
  TCGH14  粟野          36.551  139.615    42    37    14            44     2.7
  YMTH06  高畠          37.963  140.184    34    33    17            43     3.2
  IBR008  下館          36.306  139.983    32    37    20            43     3.0
  FKS025  下郷          37.308  139.900    30    34    31            43     2.6
  CHB003  白井          35.794  140.056    40    33    24            42     3.3
  CHB004  佐原          35.901  140.490    37    33    18            41     3.1
  TCG016  北高岡        36.529  140.156    29    40    11            41     2.8
  CHB001  野田          35.959  139.873    34    37    17            40     3.4
  MYG017  角田          37.976  140.782    38    31    14            39     3.5
  YMT008  中村          38.386  139.992    19    36    16            38     3.4
  FKS022  西会津        37.600  139.647    34    32    16            37     3.3
  GNM011  太田          36.291  139.361    22    33     9            36     3.1
  YMTH14  西川西        38.386  139.992    20    33    16            36     3.4
  GNM009  桐生          36.411  139.325    31    26    13            36     2.9
  SIT008  春日部        35.974  139.753    33    28     7            36     3.6
  TCG003  藤原          36.814  139.715    28    29    16            35     2.9
  IBRH20  波崎2         35.828  140.732    27    26    11            34     3.5
  MYGH09  白石          38.009  140.603    30    29    17            33     3.1
  FKSH02  熱塩加納      37.732  139.882    29    32    10            33     2.6
  FKSH03  高郷          37.608  139.753    32    17    15            33     3.1
  CHB010  八日市場      35.708  140.568    32    22     9            32     3.0
  TCGH09  矢板          36.862  139.836    26    27    14            32     2.7
  TCG012  小山          36.286  139.805    28    28    16            32     2.9
  MYG010  石巻          38.428  141.281    24    26     7            32     3.6
  TCG002  塩原          36.990  139.803    22    30    12            31     2.7
  MYG012  塩竈          38.318  141.019    23    22    18            28     2.9
  MYG013  仙台          38.266  140.929    20    27    13            28     3.1
  YMTH15  西川東        38.426  140.125    28    23     9            28     3.3
  SITH11  飯能          35.864  139.273    26    22     7            28     2.8
  CHB006  成田          35.780  140.307    21    25    17            28     2.9
  CHBH13  成田          35.831  140.298    24    25    17            27     3.0
  CHB005  銚子          35.736  140.830    26    12     5            27     3.1
  CHB012  東金          35.573  140.333    21    23    13            26     3.1
  CHB028  市川北        35.766  139.966    19    24    18            26     2.9
  IBRH19  つくば        36.214  140.089    19    23    15            25     2.4
  FKS021  喜多方        37.654  139.863    22    22     9            25     2.6
  GNM010  館林          36.234  139.533    24    17     9            24     2.6
  CHBH04  下総          35.797  140.021    16    22    10            24     2.8
  TCG007  宇都宮        36.569  139.886    21    19    17            24     2.5
  NIGH08  津川          37.671  139.465    23    15     8            23     2.9
  CHB002  松戸          35.787  139.903    18    18    10            23     2.6
  MYGH08  岩沼          38.113  140.844    17    23    12            23     2.8
  YMT015  米沢          37.904  140.100    16    23    10            23     3.0
  SITH01  岩槻          35.929  139.735    17    22     7            23     3.2
  TCG011  葛生          36.387  139.614    17    20    11            22     2.4
  NIG011  新津          37.801  139.144    21    16     6            22     2.8
  GNMH12  神流          36.144  138.913    19    17     8            22     2.4
  TKY027  瑞江          35.693  139.891    14    20     8            21     3.0
  YMTH13  朝日          38.470  139.761    14    16     4            21     1.9
  YMT012  長井          38.107  140.043    15    14     6            20     2.3
  SIT010  大宮          35.907  139.648    18    18     6            20     3.2
  SITH06  川本          36.113  139.289    16    16     6            20     2.3
  KNGH10  横浜          35.499  139.519    19    15     8            20     2.9
  CHBH14  銚子中        35.734  140.823    19    13     5            20     3.0
  CHB024  稲毛          35.633  140.078    16    18     6            19     2.8
  NIG012  鹿瀬          37.686  139.477    19    16     8            19     2.9
  TCGH07  栗山西        36.882  139.453    12    19     6            19     2.1
  CHB011  蓮沼          35.602  140.501    16    18     7            18     2.8
  SIT004  長瀞          36.118  139.105    12    17     5            18     1.8
  TCG010  足尾          36.635  139.438    15    17     8            18     2.1
  IBR009  古河          36.185  139.704    13    14     7            18     2.6
  YMT005  肘折          38.607  140.162    18    15     9            18     2.5
  CHB029  行徳          35.695  139.918    14    17     6            18     2.9
  IWT012  北上          39.321  141.138    17    13     3            17     2.5
  FKSH06  伊南          37.172  139.520    15    16     5            17     2.0
  YMT014  下屋地        37.921  139.870    14    16     7            17     2.4
  SIT001  本庄          36.243  139.194    10    14     4            17     2.5
  GNM003  沼田          36.658  139.078    15    12     6            17     2.4
  FKSH01  西会津        37.757  139.715    15    15     6            17     2.1
  KNG002  横浜          35.437  139.634    10    16     6            17     3.0
  YMT007  東根          38.431  140.391    15    16     6            17     2.6
  SIT003  久喜          36.072  139.697    15    16    16            17     3.1
  YMT010  山形          38.260  140.349    15    17     8            17     2.5
  SIT011  川口          35.810  139.721    13    16     4            16     2.7
  MYG006  古川          38.580  140.965    15    15     5            16     2.9
  TKY017  辰巳          35.647  139.809    13    13     7            16     2.9
  TKY025  篠崎          35.714  139.897    12    16     5            16     2.5
  YMTH03  南陽          38.103  140.155    12    14     4            16     2.1
  MYG001  気仙沼        38.901  141.568    15     8     5            16     2.3
  CHB009  千葉          35.608  140.102    13    10     7            16     2.8
  GNM013  高崎          36.318  139.018    14    10     4            16     2.6
  TKY018  八枝          35.655  139.811    12    15     8            15     2.9
  TKY026  宇喜田        35.670  139.863    13    15     7            15     2.7
  KNG206  平塚ST6       35.097  139.378    15    14     6            15     3.0
  FKS026  南郷          37.266  139.539    12    11     5            14     2.0
  CHB015  木更津        35.374  139.916    13    10     4            14     2.9
  NIGH10  上川          37.544  139.365    14    10     6            14     1.9
  MYG003  東和          38.735  141.311    13    13     5            14     2.0
  IWT009  大東          39.019  141.403    11    13     3            14     1.6
  CHBH10  千葉          35.546  140.242    13    13     6            14     2.8
  YMT009  寒河江        38.390  140.274    11    12     5            14     2.6
  NIGH07  村松          37.666  139.261    10    14     4            14     1.9
  SIT009  川越          35.903  139.483    13    12     6            14     2.1
  IWTH05  藤沢          38.865  141.351    10    13     4            14     1.8
  TKY015  東白鬚        35.731  139.812     8    12     6            14     2.5
  NIGH06  加茂          37.653  139.068    11     9     5            13     2.3
  TKY022  横網          35.687  139.796    13    12     7            13     2.8
  SIT007  東松山        36.054  139.391    10    12     4            13     1.9
  IWTH27  陸前高田      39.031  141.532    13    12     4            13     1.9
  CHB014  姉崎          35.477  140.049     9    10     6            13     2.5
  TKY013  砂町          35.660  139.834     9    13     5            13     2.7
  YMTH07  米沢          37.896  140.028    10    11     8            13     2.3
  CHB008  浦安          35.654  139.902    11    13     7            13     2.9
  KNG001  川崎          35.529  139.706    10    12     6            13     2.6
  AKTH06  雄勝          38.980  140.495    10    13     3            13     2.0
  FKSH21  只見          37.342  139.315     7    12     4            13     2.1
  GNMH14  みどり        36.493  139.322    13    11     4            13     1.6
  MYG009  大和          38.447  140.887     9    13     6            13     2.3
  MYG011  牡鹿          38.305  141.504    10    12     4            12     1.9
  NIGH04  関川          38.131  139.543     9    12     5            12     2.1
  TKY021  猿江          35.688  139.819    12    11     6            12     2.7
  SIT006  秩父          35.995  139.071    11    10     3            12     1.9
  IWT007  釜石          39.270  141.856    11    10     4            12     2.0
  TKY016  東雲          35.648  139.799    10     9     6            12     2.7
  FKS029  桧枝岐        37.016  139.380    11    10     4            12     1.6
  GNMH05  伊勢崎        36.314  139.185     9    11     4            12     2.3
  MYG004  築館          38.729  141.022    11    10     4            12     2.3
  TKY014  亀戸          35.689  139.835    12     9     5            12     2.5
  MYG005  鳴子          38.799  140.651    11    10     5            12     2.7
  TKY024  奥戸          35.740  139.862    10    11     7            12     2.6
  SIT002  熊谷          36.148  139.388    10    11     4            12     2.5
  MYG007  豊里          38.588  141.251    10    11     8            12     2.4
  YMTH12  立川          38.636  140.006     6    11     5            12     2.7
  IWT003  普代          40.008  141.886     4    11     2            11     2.5
  FKS028  只見          37.349  139.314     8    10     3            11     2.4
  TCGH17  藤原2         36.985  139.692    11    11     4            11     1.7
  GNM001  片品          36.772  139.225    10     8     6            11     1.4
  CHB016  岬            35.300  140.387     7     9     3            11     2.6
  GNM016  万場          36.116  138.925    11     6     2            11     1.8
  IWTH26  一関東        38.969  141.001     8    10     4            11     1.9
  TKY007  新宿          35.711  139.686    10     9     5            11     2.3
  TCG004  湯元          36.806  139.420     8     9     6            11     2.0
  MYGH04  東和          38.786  141.325     8    10     3            11     1.4
  SITH10  都幾川        35.996  139.219    10     9     4            10     1.6
  TKY003  青梅          35.797  139.291     8     8     4            10     2.2
  MYGH05  小野田        38.579  140.780     9     8     6            10     2.4
  NIGH02  朝日          38.280  139.549     8    10     6            10     2.6
  FKSH07  檜枝岐        37.010  139.375     9     9     3            10     1.4
  TKY023  八広          35.725  139.825    10    10     5            10     2.6
  KNG013  小田原        35.264  139.152     8    10     4            10     2.7
  NIG008  中条          38.053  139.405     8     7     4            10     1.9
  YMT006  尾花沢        38.600  140.405    10     7     4            10     2.1
  SITH05  神泉          36.151  139.050     8     8     3            10     1.5
  GNM002  水上          36.782  138.970     9    10     2            10     1.6
  CHB013  茂原          35.433  140.291     7     8     3            10     2.4
  GNM007  渋川          36.462  139.010     8     7     3            10     2.0
  FKS030  金山          37.453  139.513     9     9     3            10     1.8
  IWTH02  玉山          39.825  141.383     6     9     2            10     1.7
  GNM006  吾妻          36.510  138.752     6     9     4            10     1.8
  IWT026  相去          39.257  141.098     7     9     4            10     2.2
  TKYH13  檜原南        35.702  139.127     7     9     3             9     1.2
  CHB019  鋸南          35.111  139.835     9     6     4             9     2.6
  IWTH04  住田          39.181  141.391     7     9     3             9     1.8
  YMT013  小国          38.062  139.757     8     7     3             9     2.1
  TKY020  塩浜          35.666  139.809     7     8     4             9     2.4
  SIT005  小川          36.056  139.263     7     9     3             9     1.5
  YMTH01  天童          38.384  140.381     7     8     3             9     2.2
  GNMH07  利根          36.700  139.210     8     8     4             9     1.4
  IWTH20  花巻南        39.343  141.047     7     7     2             9     2.0
  KNG201  平塚ST1       34.596  139.918     8     5     1             8     2.3
  TKY005  町田          35.578  139.416     8     8     3             8     2.1
  NIG007  村上          38.230  139.486     8     4     4             8     2.3
  GNMH08  嬬恋          36.492  138.524     7     7     3             8     2.0
  CHB022  富津          35.308  139.860     6     8     2             8     1.9
  SITH07  名栗          35.912  139.149     8     7     2             8     1.4
  IWT020  藪川          39.784  141.329     5     8     3             8     2.3
  KNG205  平塚ST5       34.941  139.421     6     7     2             8     2.1
  NIGH09  下田          37.539  139.128     6     6     3             8     1.9
  YMT003  鶴岡          38.729  139.801     8     6     3             8     2.4
  NIGH01  長岡          37.427  138.888     7     7     3             8     2.0
  CHB017  市場          35.299  140.076     7     8     3             8     2.3
  GNMH11  富岡          36.286  138.921     7     6     4             8     1.8
  KNG010  平塚          35.336  139.350     4     7     5             7     2.5
  IWTH23  釜石          39.274  141.823     5     7     2             7     1.0
  KNGH11  厚木          35.404  139.354     5     6     2             7     2.2
  SIT013  所沢          35.797  139.466     7     4     3             7     1.8
  YMNH11  大月          35.625  138.978     6     6     2             7     1.9
  IWTH21  山田          39.473  141.934     5     7     2             7     1.5
  SITH08  小鹿野        36.027  138.969     6     7     2             7     1.6
  NIG014  三条          37.641  138.956     6     7     3             7     2.3
  GNM008  前橋          36.348  139.137     7     5     3             7     2.1
  NIG028  長岡支所      37.426  138.886     7     6     2             7     1.9
  IWT010  一関          38.933  141.117     6     7     3             7     1.8
  YMN001  丹波山        35.789  138.920     7     4     2             7     1.1
  MYGH03  唐桑          38.921  141.638     4     7     2             7     1.3
  CHB020  鴨川          35.115  140.102     6     5     2             7     2.2
  KNG008  相模原        35.575  139.327     6     6     4             7     1.7
  YMTH05  小国          37.988  139.802     6     5     3             7     1.7
  YMT017  新庄支所      38.791  140.313     6     5     2             7     2.0
  NIG023  津南          37.015  138.653     6     4     1             6     1.6
  YMT016  清川          38.789  140.018     4     6     2             6     1.6
  CHB026  長南          35.387  140.237     6     5     4             6     2.1
  KNG202  平塚ST2       34.740  139.839     4     6     3             6     1.9
  MYGH06  田尻          38.591  141.071     6     6     5             6     2.1
  IWTH28  一関西2       39.009  140.864     6     5     3             6     1.7
  YMN009  六郷          35.496  138.463     5     5     2             6     2.0
  NIG009  新発田        37.951  139.338     6     5     3             6     2.0
  TKY004  八王子        35.628  139.403     5     6     3             6     1.8
  NIG022  塩沢          37.036  138.846     6     5     2             6     1.8
  IWT013  遠野          39.337  141.538     6     5     3             6     1.6
  NIG025  直江津        37.161  138.224     5     5     2             6     1.9
  TKYH12  八王子        35.670  139.265     6     5     3             6     1.7
  KNGH18  藤野          35.644  139.128     5     5     3             6     1.5
  NIG015  村松          37.694  139.189     5     4     4             6     1.7
  CHBH12  富津          35.344  139.855     5     5     2             6     2.1
  KNG009  厚木          35.442  139.362     4     5     2             6     1.9
  KNG006  二俣川        35.454  139.539     5     5     2             6     1.9
  IWTH14  田老          39.743  141.909     5     4     2             6     1.0
  IWT011  水沢          39.145  141.152     4     5     2             5     1.8
  IWT014  石鳥谷        39.484  141.147     5     5     2             5     1.8
  IWT019  岩泉          39.849  141.803     5     4     2             5     1.9
  IWTH18  川井南        39.463  141.678     4     5     2             5     0.8
  NIGH05  聖籠          37.976  139.279     4     5     2             5     1.7
  SITH09  皆野          36.072  139.099     5     4     2             5     1.4
  TKYH02  府中          35.654  139.470     5     4     2             5     1.8
  SITH04  所沢          35.803  139.535     5     5     3             5     1.8
  GNM014  坂本          36.350  138.718     5     4     3             5     1.8
  YMT001  酒田          38.914  139.813     5     5     2             5     2.1
  NIG020  小出          37.233  138.962     4     5     2             5     1.6
  SIT014  中津川        35.995  138.801     5     5     2             5     1.1
  CHBH16  鴨川          35.138  139.965     5     4     2             5     2.1
  SITH03  日高          35.899  139.384     5     5     2             5     1.8
  YMT002  新庄          38.768  140.296     4     4     2             5     1.9
  NIG013  巻            37.764  138.883     4     5     2             5     1.9
  TKY006  小金井        35.699  139.503     4     5     3             5     1.8
  IWTH22  東和          39.334  141.302     5     5     3             5     1.0
  IWTH01  二戸東        40.238  141.342     3     5     2             5     1.6
  IWTH24  金ヶ崎        39.198  141.012     4     4     3             5     1.9
  IWT021  西根          39.920  141.082     4     5     2             5     1.8
  NGN014  小海          36.096  138.484     5     2     1             5     1.2
  NIGH14  塩沢          37.030  138.852     5     2     1             5     1.3
  IWT005  宮古          39.647  141.946     4     3     4             5     1.6
  TKY001  氷川          35.803  139.096     4     4     3             5     1.3
  NIG024  安塚          37.127  138.444     3     3     1             4     1.4
  GNMH13  水上2         36.862  139.063     4     4     1             4     1.3
  AOMH13  八戸          40.579  141.445     4     3     1             4     2.0
  AKTH19  湯沢          39.191  140.471     4     4     2             4     1.6
  CHBH11  養老          35.287  140.153     4     3     3             4     2.0
  CHB018  勝浦          35.158  140.322     4     3     2             4     1.4
  GNM005  嬬恋          36.513  138.518     4     3     2             4     1.5
  YMTH08  八幡          38.970  140.033     4     4     3             4     1.9
  YMN002  大月          35.613  138.947     4     4     2             4     1.2
  NIGH12  湯之谷        37.224  138.982     3     3     2             4     1.4
  IWT016  川井          39.600  141.679     4     4     1             4     1.2
  KNG204  平塚ST4       34.893  139.571     3     4     1             4     1.8
  NIG026  新井          37.023  138.251     4     3     1             4     1.4
  GNM004  草津          36.617  138.592     4     4     2             4     1.8
  YMN004  塩山          35.702  138.727     3     4     2             4     1.5
  IWTH15  矢巾          39.615  141.093     4     3     2             4     1.5
  IWT017  門馬          39.634  141.438     4     4     1             4     1.1
  YMNH08  西野原        35.690  138.734     4     3     1             4     1.3
  NIG019  小千谷        37.304  138.812     3     4     2             4     1.5
  YMN005  甲府          35.655  138.568     4     3     1             4     1.7
  TKY002  桧原          35.730  139.145     4     3     2             4     0.9
  IWT001  種市          40.410  141.719     3     4     1             4     1.3
  AOMH16  新郷          40.462  141.092     3     4     1             4     1.7
  SIT012  飯能          35.840  139.321     3     4     2             4     1.1
  GNM015  下仁田        36.229  138.758     2     3     1             4     0.8
  AKTH04  東成瀬        39.174  140.713     3     3     1             4     1.2
  AKTH03  矢島          39.222  140.128     3     2     1             4     1.6
  NGN010  小諸          36.328  138.436     2     3     1             4     1.4
  KNG004  三崎          35.144  139.622     3     3     1             4     1.7
  NGN015  諏訪          36.045  138.112     3     3     1             4     1.9
  AKT016  大曲          39.454  140.476     3     3     1             4     1.6
  KNG203  平塚ST3       34.798  139.643     3     3     2             3     1.7
  NIG018  柏崎          37.372  138.558     3     3     1             3     1.7
  NIG021  十日町        37.128  138.747     3     3     2             3     1.2
  KNG014  山北          35.361  139.083     2     3     1             3     1.2
  NIG017  長岡          37.442  138.843     2     2     2             3     1.2
  IWTH08  久慈北        40.269  141.783     2     3     1             3     1.2
  NIG004  小木          37.821  138.280     3     2     1             3     1.2
  TKY008  岡田          34.785  139.391     3     2     1             3     0.9
  NIG006  寒川          38.450  139.496     3     2     1             3     1.2
  SZO010  御殿場        35.309  138.935     2     3     1             3     1.7
  NIG016  寺泊          37.642  138.768     3     3     2             3     1.5
  KNG012  秦野          35.379  139.205     3     2     1             3     1.2
  MYGH02  鳴子          38.859  140.651     3     2     1             3     1.4
  IWT002  久慈          40.182  141.764     3     2     2             3     1.5
  AOM012  八戸          40.514  141.481     3     3     1             3     1.5
  NGNH11  富士見        35.916  138.305     2     3     1             3     1.1
  SZOH35  伊東中        34.947  139.085     2     3     1             3     1.4
  SZO003  東伊豆        34.816  139.055     3     2     1             3     0.8
  AKTH18  大森          39.355  140.387     2     3     1             3     1.4
  NIGH11  川西          37.173  138.744     3     2     2             3     1.4
  NIGH18  妙高          36.943  138.259     2     2     1             3     1.3
  KNG005  鎌倉          35.319  139.546     2     2     1             3     1.5
  SZOH34  清水北        35.130  138.424     3     1     1             3     0.7
  KNG003  横須賀        35.273  139.658     2     2     1             3     1.4
  CHBH17  勝浦東        35.171  140.340     2     2     1             3     1.4
  SZO011  富士宮        35.213  138.602     2     2     1             3     1.1
  IWTH12  九戸          40.153  141.424     2     2     2             3     1.0
  IWT018  盛岡          39.695  141.148     3     2     1             3     0.7
  IWTH16  雫石          39.644  140.946     3     2     1             3     1.3
  CHB025  千倉          34.971  139.946     3     2     1             3     1.6
  CHB027  勝浦北        35.181  140.266     2     2     1             3     1.5
  IWTH03  岩泉          39.802  141.652     3     2     1             3     0.6
  NGNH17  佐久          36.142  138.550     2     2     1             3     0.6
  YMT004  温海          38.628  139.589     2     2     1             3     1.1
  YMN003  富士吉田      35.465  138.813     2     2     1             3     1.3
  AOM007  南通          41.226  141.396     2     2     1             3     1.3
  NIG003  佐和田        37.998  138.323     2     2     1             3     1.3
  GNMH09  高山          36.621  138.907     2     2     1             2     1.3
  IWTH17  川井北        39.644  141.598     2     2     1             2     0.7
  AKTH16  西仙北        39.545  140.348     2     2     1             2     1.3
  IWTH11  一戸          40.081  141.191     2     2     1             2     1.3
  YMNH14  都留南        35.511  138.968     2     2     1             2     0.6
  IWT024  二戸          40.263  141.290     2     2     1             2     0.9
  KNGH23  葉山          35.262  139.611     2     2     2             2     1.4
  AKT018  鳥海          39.194  140.190     2     2     1             2     1.1
  SZOH42  修善寺        34.976  138.913     2     2     1             2     1.3
  NGN008  上田          36.402  138.249     2     2     1             2     1.3
  NGNH19  川上          35.974  138.584     2     2     1             2     0.9
  NIGH13  牧            37.054  138.397     2     2     1             2     1.2
  AOM014  子ノ口        40.437  140.941     2     1     1             2     1.2
  AKTH05  鳥海          39.072  140.319     2     2     1             2     0.8
  AKT017  横手          39.297  140.563     2     1     1             2     1.1
  AKT019  雄勝          39.038  140.451     2     2     1             2     0.9
  NIGH15  六日          37.053  138.995     2     1     1             2     0.9
  KNG011  藤野          35.615  139.155     2     2     1             2     0.8
  YMN010  須玉          35.792  138.410     2     2     1             2     1.1
  KNGH21  清川          35.463  139.215     2     1     1             2     0.7
  AKTH17  中仙          39.557  140.612     2     2     1             2     1.3
  ISK002  正院          37.444  137.288     2     2     1             2     1.3
  NIGH19  湯沢          36.811  138.785     2     1     1             2     0.7
  AKT011  宮田          39.813  140.580     2     2     1             2     1.0
  IWTH06  二戸西        40.261  141.171     2     2     1             2     0.9
  KNGH20  松田          35.366  139.126     2     2     1             2     1.1
  NGN016  富士見        35.913  138.223     2     2     1             2     1.2
  IWT025  大志田        39.517  140.830     2     2     1             2     0.6
  NGN001  飯山          36.851  138.366     2     2     1             2     1.3
  SZO005  松崎          34.755  138.784     1     2     0             2     1.1
  YMNH15  上九一色      35.532  138.605     1     2     1             2     0.6
  SZO001  熱海          35.142  139.079     1     2     0             2    <0.5
  AOMH12  十和田湖東    40.585  141.155     2     2     1             2     1.1
  NIG001  岩谷口        38.258  138.434     1     2     1             2     0.6
  AKT023  椿台          39.146  140.717     1     1     1             2     1.0
  AOMH17  名川          40.449  141.337     2     1     1             2     0.8
  YMNH16  甲府2         35.742  138.565     1     2     1             2     0.6
  NGN007  杭瀬下        36.534  138.119     2     1     1             2     0.8
  NGNH16  茅野          35.947  138.185     2     2     1             2     0.6
  SZOH37  芝川          35.203  138.566     2     1     0             2    <0.5
  AKTH12  五城目        39.916  140.222     2     1     0             2     0.7
  AKTH13  阿仁          39.982  140.407     2     1     0             2    <0.5
  NIG005  松ヶ崎        37.920  138.498     1     2     1             2     0.7
  AKTH10  大館          40.300  140.581     1     2     1             2    <0.5
  NIG002  両津          38.075  138.440     1     2     1             2     1.1
  IWT015  川尻          39.318  140.779     2     1     1             2     0.7
  CHB021  白浜          34.908  139.898     1     1     1             2     0.8
  AKT010  秋田          39.722  140.100     1     1     1             1     1.0
  NGNH29  野沢温泉      36.910  138.441     1     1     1             1     0.9
  IWTH07  軽米          40.270  141.571     1     1     1             1     0.5
  AKTH01  西木北        39.815  140.579     1     1     1             1     0.9
  YMN006  本栖          35.468  138.607     1     1     1             1     0.9
  YMNH12  増穂          35.562  138.449     1     1     1             1     0.8
  NGN024  飯田          35.523  137.837     1     1     1             1     0.8
  IWTH09  久慈南        40.086  141.712     1     1     1             1     0.5
  AKT013  協和          39.607  140.321     1     1     1             1     1.0
  YMNH10  早川北        35.535  138.309     1     1     0             1    <0.5
  CHBH20  鴨川南        35.088  140.100     1     1     1             1     1.0
  NGNH28  戸隠          36.708  138.096     1     1     1             1     1.0
  AKTH14  鹿角          40.062  140.808     1     1     0             1    <0.5
  NGNH18  開田          35.932  137.595     1     1     1             1     0.5
  CHBH15  館山西        34.959  139.788     1     1     1             1     1.0
  AKTH02  西木南        39.663  140.572     1     1     1             1     0.6
  SZO025  湖西          34.719  137.531     1     1     0             1     0.8
  NGNH24  松川          35.615  137.880     1     1     1             1     0.6
  NGNH03  阿智2         35.479  137.735     1     1     1             1    <0.5
  SZOH38  函南          35.085  138.978     1     1     1             1     0.5
  KNGH19  山北中        35.417  139.044     1     1     0             1    <0.5
  NGNH33  生坂          36.460  137.964     1     1     0             1     0.5
  GIFH28  中津川        35.457  137.471     1     1     1             1     0.9
  AOMH06  六ヶ所        40.966  141.374     1     1     1             1     0.6
  NGNH27  信州新        36.577  138.048     1     1     1             1     0.8
  AKTH09  田代          40.276  140.460     1     1     1             1     0.5
  NGNH23  南木曽        35.606  137.611     1     1     0             1    <0.5
  ISKH03  内浦          37.346  137.244     1     1     1             1    <0.5
  NGNH13  喬木          35.514  137.877     1     1     1             1    <0.5
  SZOH39  西伊豆西      34.799  138.772     1     1     0             1    <0.5
  ISKH01  珠洲          37.527  137.284     1     1     0             1    <0.5
  NGNH21  伊那          35.831  137.924     1     1     0             1     0.5
  NIGH17  妙高高原      36.857  138.097     1     1     1             1     0.7
  IWTH10  安代          40.139  140.953     1     1     0             1    <0.5
  AOMH03  川内          41.234  140.990     1     1     0             1     0.5
  AICH09  豊橋          34.664  137.390     1     1     0             1     0.5
  IKRH03  千歳          42.888  141.640     1     0     0             1    <0.5
  YMNH09  早川          35.433  138.333     1     1     0             1    <0.5
  AOMH04  青森          40.852  140.676     1     1     0             1     0.5
  AOMH11  十和田湖西    40.580  140.995     1     1     0             1    <0.5
  AICH17  豊根          35.184  137.727     0     1     0             1    <0.5
  KSRH03  標茶北        43.385  144.628     0     1     0             1    <0.5
  NGNH31  塩尻          36.118  137.939     0     1     0             1    <0.5
  GIFH20  下呂北        35.799  137.253     0     1     0             1    <0.5
  NMRH05  別海西        43.390  144.802     0     1     0             1    <0.5
  AKTH08  藤里          40.319  140.234     1     1     0             1    <0.5
  AKTH15  協和          39.688  140.407     1     1     0             1    <0.5
  NGNH54  飯田          35.449  138.006     1     1     0             1    <0.5
  NGNH10  木祖          35.963  137.767     1     0     0             1    <0.5
  AICH16  設楽          35.154  137.535     1     1     0             1    <0.5
  GIFH26  各務原        35.412  136.876     1     0     0             1    <0.5
  OSMH02  上磯          41.837  140.633     0     1     0             1    <0.5
  OSMH01  知内          41.598  140.421     1     0     0             1    <0.5
  GIFH03  根尾          35.633  136.613     0     1     0             1    <0.5
  YMNH13  身延          35.351  138.420     0     1     0             1    <0.5
  SZOH33  静岡南        35.015  138.353     1     0     0             1    <0.5
  AOMH08  鰺ヶ沢        40.762  140.312     1     0     0             1    <0.5
  NGNH25  南信濃        35.299  137.927     0     0     0             1    <0.5
  NGNH22  長谷          35.795  138.082     0     0     0             1    <0.5
  NMRH03  中標津        43.551  144.966     1     0     0             1    <0.5
  HDKH06  静内          42.350  142.357     0     0     0             1    <0.5
  SZOH41  南伊豆        34.675  138.834     0     0     0             0    <0.5
  AOMH14  西目屋        40.549  140.273     0     0     0             0    <0.5
  NGNH35  穂高          36.382  137.820     0     0     0             0    <0.5
  AICH06  渥美          34.616  137.042     0     0     0             0    <0.5
  NGNH30  奈川          36.064  137.685     0     0     0             0    <0.5
  TYMH04  魚津          36.791  137.469     0     0     0             0    <0.5
  SZOH40  河津          34.783  138.970     0     0     0             0    <0.5
  NGNH20  上松          35.787  137.717     0     0     0             0    <0.5
  SZOH25  新居          34.691  137.560     0     0     0             0    <0.5
  TYMH06  八尾          36.571  137.160     0     0     0             0    <0.5
  GIFH15  高山          36.134  137.221     0     0     0             0    <0.5
  SZOH32  龍山東        35.009  137.841     0     0     0             0    <0.5
  AICH07  旭            35.219  137.404     0     0     0             0    <0.5
  SZOH36  藤枝          34.914  138.201     0     0     0             0    <0.5
  AICH21  南知多        34.740  136.939     0     0     0             0    <0.5
  SRCH09  栗山          43.059  141.806     0     0     0             0    <0.5
  GIFH24  東白川        35.640  137.319     0     0     0             0    <0.5
  SZOH30  水窪北        35.223  137.918     0     0     0             0    <0.5
  GIFH27  美濃加茂      35.453  137.004     0     0     0             0    <0.5
  GIFH11  八百津        35.486  137.246     0     0     0             0    <0.5
  AICH15  足助          35.139  137.336     0     0     0             0    <0.5
  MIEH10  芸濃          34.822  136.424     0     0     0             0    <0.5
  AICH11  春日井        35.306  137.057     0     0     0             0    <0.5
  GIFH18  馬瀬          35.899  137.149     0     0     0             0    <0.5
  MIEH01  四日市        34.985  136.456     0     0     0             0    <0.5
  GIFH19  朝日南        36.022  137.391     0     0     0             0    <0.5
  AICH19  作手          34.951  137.411     0     0     0             0    <0.5
  GIFH06  高富          35.504  136.794     0     0     0             0    <0.5
  SZOH53  掛川3         34.877  138.017     0     0     0             0    <0.5
  AOMH07  深浦          40.745  140.023     0     0     0             0    <0.5
  GIFH08  大和          35.832  136.962     0     0     0             0    <0.5
  GIFH16  朝日北        36.094  137.344     0     0     0             0    <0.5
  SZOH24  引佐          34.834  137.662     0     0     0             0    <0.5
  HDKH01  平取西        42.703  142.230     0     0     0             0    <0.5
  GIFH22  金山          35.668  137.105     0     0     0             0    <0.5