最大加速度リスト

地震発生時刻   2019/05/05-01:40:00.00
震央北緯       43.2°
震央東経       146.4°
震源深さ       52.0km
マグニチュード M5.3

  コード  観測点名      緯度    経度     最大加速度 (ガル) 三成分合成値 計測震度
　　　　　 　　         北緯    東経      N-S   E-W   U-D        (ガル)         
  HKD074  納沙布        43.368  145.803   162   164    57           220     3.8
  HKD067  中標津        43.555  144.973    43    54    17            55     3.1
  NMRH02  標津南        43.677  144.962    52    43    14            53     3.0
  HKD073  根室          43.333  145.600    45    34    11            48     2.8
  HKD072  落石          43.195  145.521    42    36    17            43     3.2
  HKD075  浜中          43.131  145.029    20    20     4            25     2.2
  HKD066  標津          43.662  145.131    20    12     8            21     2.4
  NMRH03  中標津        43.551  144.966    15    18     8            19     2.2
  HKD069  別海          43.394  145.117    14    14     6            18     2.2
  KSRH03  標茶北        43.385  144.628    14    16     7            18     2.0
  HKD071  厚床          43.233  145.260    14    12     8            17     2.2
  NMRH04  別海東        43.398  145.122    14    17     9            17     2.2
  HKD068  上西春別      43.411  144.770    12    14     6            16     2.0
  NMRH05  別海西        43.390  144.802    13    14     6            15     1.9
  HKD070  本別海        43.385  145.284    12    13     7            14     2.1
  KSRH06  鶴居東        43.220  144.429    10    10     5            14     1.6
  KSRH04  標茶南        43.214  144.680     9    11     8            13     1.9
  HKD080  弟子屈        43.508  144.448    11     9     4            12     1.6
  HKD061  ウトロ        44.070  144.997    11     7     4            12     1.6
  HKD078  塘路          43.149  144.498    11    11     8            12     1.9
  NMRH01  標津北        43.785  145.025     7    11     4            11     1.6
  KSRH07  鶴居南        43.136  144.327     8     8     4            11     1.5
  HKD063  相泊          44.106  145.248     9     8     3            11     1.9
  HKD079  標茶          43.303  144.600     7     7     3            10     1.2
  HKD083  鶴居          43.233  144.325     9     7     4             9     1.3
  ABSH09  斜里南        43.927  144.807     5     8     5             9     1.4
  HKD065  薫別          43.794  145.056     7     7     3             8     1.4
  KSRH05  鶴居西        43.256  144.234     7     7     2             8     1.3
  HKD060  斜里          43.914  144.666     6     7     3             8     1.4
  HKD081  川湯          43.643  144.390     6     7     4             8     1.2
  KSRH02  阿寒南        43.114  144.123     6     4     2             6     1.2
  HKD064  羅臼          44.020  145.189     4     5     3             5     1.5
  HKD084  阿寒          43.114  144.123     4     4     2             5     1.1
  HKD076  厚岸          43.051  144.850     4     3     2             4     1.4
  HKD097  生花          42.618  143.421     3     3     1             4     0.9
  ABSH12  小清水        43.857  144.457     3     3     2             3     0.9
  AOMH05  野辺地        40.856  141.103     2     3     1             3     0.8
  HKD085  白糠          42.958  144.070     3     3     1             3     1.0
  ABSH11  女満別        43.914  144.191     3     2     3             3     0.9
  KSRH09  白糠南        42.986  143.984     3     3     2             3     1.1
  HKD059  小清水        43.856  144.463     3     2     1             3     0.7
  AOMH16  新郷          40.462  141.092     2     2     1             3     0.7
  KSRH01  阿寒北        43.436  144.084     2     2     1             3     1.1
  IWTH03  岩泉          39.802  141.652     1     2     1             2    <0.5
  ABSH14  美幌          43.723  144.184     2     2     1             2     0.7
  AOM012  八戸          40.514  141.481     2     2     1             2    <0.5
  HKD082  阿寒湖畔      43.437  144.085     2     2     1             2     1.0
  HKD087  二股          43.150  143.892     2     1     1             2    <0.5
  TKCH05  本別          43.121  143.618     2     2     1             2    <0.5
  KSRH08  白糠北        43.160  143.894     1     2     1             2    <0.5
  HKD055  美幌          43.824  144.109     2     1     0             2     1.0
  IWTH01  二戸東        40.238  141.342     1     2     1             2     0.5
  AOMH17  名川          40.449  141.337     1     1     1             2    <0.5
  HKD052  常呂          44.120  144.071     2     1     1             2     1.0
  IWT020  藪川          39.784  141.329     1     2     1             2     0.8
  IWT012  北上          39.321  141.138     2     1     1             2    <0.5
  IWTH12  九戸          40.153  141.424     1     1     1             2    <0.5
  AOMH06  六ヶ所        40.966  141.374     1     1     0             1    <0.5
  HKD159  戸井          41.716  141.002     1     1     0             1    <0.5
  AOMH11  十和田湖西    40.580  140.995     1     1     0             1    <0.5
  IWTH04  住田          39.181  141.391     1     1     0             1    <0.5
  IWTH23  釜石          39.274  141.823     1     1     0             1    <0.5
  AOMH12  十和田湖東    40.585  141.155     1     1     1             1    <0.5
  TKCH04  新得南        43.174  142.918     1     1     0             1    <0.5
  AOMH13  八戸          40.579  141.445     1     1     0             1    <0.5
  TKCH03  足寄西        43.271  143.432     1     1     1             1    <0.5
  MYGH04  東和          38.786  141.325     1     1     0             1    <0.5
  TKCH01  陸別          43.468  143.683     1     1     0             1    <0.5
  IWTH17  川井北        39.644  141.598     1     1     0             1    <0.5
  ABSH13  留辺蘂        43.742  143.451     1     1     0             1    <0.5
  IWTH20  花巻南        39.343  141.047     1     1     0             1    <0.5
  IWTH15  矢巾          39.615  141.093     0     1     0             1    <0.5
  IWTH13  葛巻          39.940  141.549     0     0     0             0    <0.5
  IWTH16  雫石          39.644  140.946     0     0     0             0    <0.5
  AOMH03  川内          41.234  140.990     0     0     0             0    <0.5