最大加速度リスト

地震発生時刻   2019/03/09-01:08:00.00
震央北緯       35.4°
震央東経       136.7°
震源深さ       42.0km
マグニチュード M4.4

  コード  観測点名      緯度    経度     最大加速度 (ガル) 三成分合成値 計測震度
　　　　　 　　         北緯    東経      N-S   E-W   U-D        (ガル)         
  GIFH12  坂内          35.603  136.413   227   151    36           253     3.9
  GIF012  東杉原        35.636  136.488   136   151    42           202     3.5
  AICH11  春日井        35.306  137.057    86    54    54            94     2.3
  GIF015  美濃          35.545  136.907    47    75    17            80     2.8
  GIF026  美山          35.591  136.741    26    61    18            62     2.4
  AIC004  名古屋        35.063  136.974    45    46    34            55     2.4
  GIF011  八幡          35.759  136.981    47    45    13            54     2.5
  GIF020  岐阜          35.425  136.757    49    48    51            53     2.7
  AICH15  足助          35.139  137.336    45    38    17            52     3.1
  MIE002  菰野          35.028  136.507    46    49    31            51     2.7
  GIFH27  美濃加茂      35.453  137.004    25    46    14            51     2.1
  GIFH25  谷汲          35.521  136.613    20    47    20            51     2.3
  MIE001  藤原          35.172  136.494    50    28    12            51     2.2
  GIF023  土岐          35.388  137.216    32    46    13            47     2.2
  AIC009  豊田          35.081  137.146    32    37    25            46     2.7
  FKI005  武生          35.907  136.174    45    35     9            45     2.4
  GIFH03  根尾          35.633  136.613    31    31    16            42     2.5
  GIF021  美濃加茂      35.443  137.000    40    29    12            41     2.0
  GIF013  金山          35.664  137.162    34    35     9            39     2.0
  SIG008  永源寺        35.070  136.295    28    36    14            39     2.1
  GIFH21  美並          35.666  136.962    33    35     6            37     2.1
  SIGH01  多賀          35.238  136.360    21    30    15            37     1.8
  AIC005  藤岡          35.198  137.206    15    35    11            36     1.8
  AIC002  小牧          35.298  136.915    26    35    16            35     2.7
  MIE003  四日市        34.970  136.636    22    32    10            34     2.3
  GIF019  恵那          35.450  137.404    12    31     6            32     1.5
  GIF017  揖斐川        35.483  136.571    24    19    14            31     1.9
  GIF024  明智          35.301  137.387    18    26     5            29     1.9
  GIF022  上石津        35.283  136.471    25    22     7            28     1.7
  GIFH09  羽島          35.277  136.700    26    24    27            28     2.5
  AIC006  稲武          35.216  137.509    26    18     6            27     2.1
  GIFH06  高富          35.504  136.794    25    20    17            26     2.2
  SIG011  信楽          34.878  136.059    25    21     7            26     2.2
  AICH18  岡崎          34.964  137.238    18    24    13            26     2.1
  AIC011  知多          34.996  136.864    24    16    18            24     2.2
  MIEH01  四日市        34.985  136.456    14    22     8            23     1.9
  SIG003  長浜          35.377  136.264    11    20     8            23     2.1
  NGNH23  南木曽        35.606  137.611    20    18     6            23     1.9
  FKI011  和泉          35.910  136.668    17    19     7            22     1.7
  GIF016  七宗          35.542  137.119    21    20     4            22     1.0
  GIFH07  春日          35.418  136.435    12    18     9            21     1.5
  GIFH22  金山          35.668  137.105    20    17    10            21     1.5
  AIC001  尾西          35.298  136.750    18    18    20            21     2.3
  GIFH28  中津川        35.457  137.471    20    13     7            20     1.6
  FKI006  今庄          35.773  136.200    14    18     9            20     1.6
  GIF007  高根          36.038  137.486    15    13    15            19     2.1
  FKI004  大野          35.979  136.487    19    16     9            19     1.8
  SIG012  甲賀          34.904  136.231    13    18     4            18     1.8
  AIC010  作手          34.980  137.430    16    13     7            18     2.3
  AIC008  設楽          35.101  137.576    10    18     8            18     1.8
  GIFH23  板取          35.724  136.785    16    14    10            18     1.5
  GIFH08  大和          35.832  136.962    16    10     4            18     1.6
  AICH19  作手          34.951  137.411    13    16     6            18     1.5
  GIF018  中津川        35.489  137.500    14    14     4            16     1.5
  SIG007  近江八幡      35.134  136.096    10    15     7            16     2.0
  GIFH26  各務原        35.412  136.876    13    14     7            16     2.1
  AIC014  蒲郡          34.826  137.220     9    13     3            15     1.5
  SIG002  今津          35.422  136.024    14    10     6            15     1.6
  MIE004  亀山          34.857  136.449     9    13     5            13     1.6
  GIFH24  東白川        35.640  137.319    13    11     3            13     0.9
  SIG009  甲西          35.005  136.085    11    12     5            13     1.9
  NGN022  南木曽        35.608  137.613    12    10     4            13     1.0
  AICH07  旭            35.219  137.404    10    11     4            12     1.3
  NGN018  王滝          35.813  137.530     7    11     4            12     1.7
  GIF009  白鳥          35.922  136.831     9    12     4            12     1.3
  AICH16  設楽          35.154  137.535    10    10     7            12     1.6
  AIC003  津島          35.173  136.740    10    11     9            12     1.7
  MIE018  椿世          34.870  136.455     9    11     4            11     1.4
  SIGH04  日野          34.964  136.261    11     7     8            11     1.4
  NGNH14  平谷          35.309  137.626     9    10     4            11     1.4
  SIG001  余呉          35.540  136.207    10     7     5            10     1.2
  GIF008  小坂          35.952  137.260     8     9     4            10     1.1
  SIG005  彦根          35.249  136.242     8    10     4            10     1.5
  GIF006  荘川          36.033  136.953     7     8     3            10     1.0
  MIE007  白山          34.644  136.337    10     6     2            10     1.2
  GIFH19  朝日南        36.022  137.391     8     7     2            10     1.4
  FKI007  敦賀          35.645  136.058     7     9     5            10     1.6
  GIFH18  馬瀬          35.899  137.149     9     6     3             9     1.1
  ISK013  白峰          36.181  136.625     5     8     4             9     0.9
  AIC016  美浜          34.779  136.909     7     8     3             9     1.4
  NGNH03  阿智2         35.479  137.735     8     5     3             9     1.1
  MIEH03  嬉野          34.547  136.369     9     6     2             9     0.9
  AIC012  安城          34.912  137.045     7     8     5             8     1.4
  NGN019  木曽福島      35.856  137.708     6     7     4             8     1.2
  GIF010  下呂          35.803  137.245     6     8     4             8     1.0
  SIGH03  信楽          34.853  136.032     5     7     5             8     1.4
  SZO022  佐久間        35.092  137.814     4     7     3             7     1.5
  FKIH01  永平寺        36.096  136.362     6     6     3             7     1.4
  AIC013  長篠          34.934  137.576     5     6     2             7     0.8
  FKIH02  織田          35.948  136.056     5     6     3             6     1.1
  NGN024  飯田          35.523  137.837     6     6     2             6     1.1
  FKIH05  敦賀          35.639  136.030     5     6     4             6     1.5
  NGNH18  開田          35.932  137.595     5     5     2             6     1.4
  MIE008  名張          34.629  136.107     4     5     3             6     1.1
  NARH06  山添          34.641  136.051     4     5     2             6     1.0
  MIE005  上野          34.768  136.115     4     5     2             6     1.0
  AIC015  豊橋          34.755  137.405     5     5     2             6     1.5
  MIE006  津            34.718  136.504     5     5     4             6     1.2
  GIF001  白川          36.274  136.898     5     5     1             5     0.7
  KYT012  京都          34.996  135.819     5     4     1             5    <0.5
  SIG004  朽木          35.348  135.918     5     4     2             5     0.7
  SZO026  春野          34.982  137.898     4     3     1             5     0.8
  NGNH30  奈川          36.064  137.685     2     5     1             5     0.5
  NGN025  天龍          35.286  137.857     3     5     1             5     0.6
  MIEH08  松阪          34.542  136.503     4     5     1             5     0.5
  MIE010  伊勢          34.491  136.733     5     4     2             5     0.8
  SZO025  湖西          34.719  137.531     3     4     4             5     1.4
  FKI002  越廼          36.039  136.014     3     4     2             5     0.6
  MIE017  宮川          34.362  136.335     4     5     2             5    <0.5
  SZOH25  新居          34.691  137.560     3     4     2             5     1.1
  SZO023  天竜          34.874  137.816     4     2     3             4     1.2
  GIFH16  朝日北        36.094  137.344     2     4     1             4     0.6
  FKI003  福井          36.044  136.228     4     4     3             4     1.1
  SZOH30  水窪北        35.223  137.918     4     4     1             4     0.5
  AICH10  鳳来          35.000  137.624     3     3     3             4     0.5
  GIF014  付知          35.658  137.426     4     3     2             4     0.6
  MIE009  松阪          34.575  136.530     3     4     2             4     0.7
  SIG006  志賀          35.200  135.921     4     3     4             4     0.5
  MIEH10  芸濃          34.822  136.424     4     4     2             4     0.6
  FKI008  三方          35.548  135.908     3     4     2             4     0.7
  AICH09  豊橋          34.664  137.390     3     4     3             4     1.1
  FKI009  小浜          35.496  135.752     4     3     2             4     0.8
  NAR004  榛原          34.528  135.951     3     4     1             4     0.7
  ISK014  加賀          36.303  136.315     3     4     2             4     0.8
  GIF005  高山          36.154  137.251     2     4     1             4    <0.5
  SZOH28  浜松          34.668  137.744     3     3     1             4     1.0
  NGNH10  木祖          35.963  137.767     3     3     2             4     0.5
  NGNH25  南信濃        35.299  137.927     3     3     1             4     0.6
  AIC017  田原          34.673  137.261     2     3     2             4     0.8
  NGN023  大鹿          35.579  138.034     3     3     1             3     0.5
  FKIH04  三方          35.559  135.869     2     3     3             3     0.8
  KYTH07  久御山        34.898  135.746     2     3     1             3     0.7
  FKI001  三国          36.219  136.156     2     3     2             3     0.6
  MIE011  飯高          34.428  136.333     2     3     1             3    <0.5
  ISKH09  尾口          36.267  136.717     3     3     2             3    <0.5
  ISK012  鳥越          36.358  136.605     3     3     1             3    <0.5
  AICH22  豊橋北        34.785  137.439     2     3     2             3     0.8
  GIF004  栃尾          36.249  137.517     2     2     1             3    <0.5
  KYT013  宇治          34.878  135.805     2     2     1             3    <0.5
  NAR001  生駒          34.715  135.727     1     2     1             3    <0.5
  SZO021  本川根        35.097  138.133     2     2     1             2    <0.5
  SIG010  大津          34.972  135.897     2     2     1             2    <0.5
  MIE013  南島          34.278  136.500     2     1     1             2    <0.5
  NGNH54  飯田          35.449  138.006     2     2     1             2    <0.5
  NGN017  楢川          35.975  137.826     2     2     1             2     0.5
  SZO024  浜松          34.710  137.720     2     2     1             2     0.7
  SZO018  榛原          34.740  138.224     2     2     1             2     0.9
  GIF002  河合          36.273  137.025     2     2     2             2    <0.5
  SZOH32  龍山東        35.009  137.841     2     2     1             2    <0.5
  KYT014  南山城        34.773  135.992     1     2     0             2    <0.5
  MIEH02  大山田        34.766  136.284     2     2     1             2    <0.5
  NAR002  奈良          34.668  135.835     2     2     1             2    <0.5
  KYTH04  美山          35.269  135.551     1     2     0             2    <0.5
  SZOH31  川根          34.940  138.077     1     2     0             2    <0.5
  MIEH06  宮川          34.358  136.329     1     1     2             2    <0.5
  NGNH31  塩尻          36.118  137.939     1     2     1             2    <0.5
  NGN015  諏訪          36.045  138.112     1     2     1             2     0.7
  SZO011  富士宮        35.213  138.602     2     1     0             2    <0.5
  NAR006  川上          34.338  135.954     2     1     1             2    <0.5
  YMN008  早川          35.432  138.332     1     2     0             2    <0.5
  YMN009  六郷          35.496  138.463     1     1     1             2    <0.5
  SZOH53  掛川3         34.877  138.017     1     1     0             1    <0.5
  NARH07  天理          34.584  135.854     1     1     1             1    <0.5
  SZO019  掛川          34.770  137.998     1     1     1             1    <0.5
  HYG015  三田          34.952  135.271     1     1     0             1    <0.5
  NGNH15  辰野          36.009  137.930     1     1     0             1    <0.5
  NARH03  川上          34.292  136.002     1     1     1             1    <0.5
  SZOH36  藤枝          34.914  138.201     1     1     0             1    <0.5
  TYMH07  利賀          36.441  137.039     1     1     0             1    <0.5
  MIEH07  志摩          34.254  136.822     1     1     1             1    <0.5
  NGNH24  松川          35.615  137.880     1     1     0             1    <0.5
  GIFH10  神岡          36.378  137.372     1     1     0             1    <0.5
  YMNH10  早川北        35.535  138.309     1     1     0             1    <0.5
  SZOH38  函南          35.085  138.978     0     0     0             0    <0.5