最大加速度リスト

地震発生時刻   2020/05/09-06:35:00.00
震央北緯       40.1°
震央東経       142.0°
震源深さ       11.0km
マグニチュード M4.8

  コード  観測点名      緯度    経度     最大加速度 (ガル) 三成分合成値 計測震度
　　　　　 　　         北緯    東経      N-S   E-W   U-D        (ガル)         
  IWT003  普代          40.008  141.886    59    63    21            77     3.3
  IWT002  久慈          40.182  141.764    35    28    11            44     2.9
  IWTH08  久慈北        40.269  141.783    30    30     8            37     3.2
  IWTH02  玉山          39.825  141.383    31    23     5            32     2.7
  IWTH12  九戸          40.153  141.424    16    25     6            25     2.2
  IWT021  西根          39.920  141.082    10    18     3            19     2.0
  IWT020  藪川          39.784  141.329     9    17     4            17     2.2
  IWTH03  岩泉          39.802  141.652    15    12     9            16     1.5
  IWTH14  田老          39.743  141.909    11    14     3            15     1.5
  AOM012  八戸          40.514  141.481    14    10     4            15     1.7
  IWT001  種市          40.410  141.719    14     8     3            14     2.0
  IWT012  北上          39.321  141.138     9    10     3            10     1.7
  AKTH14  鹿角          40.062  140.808     9     6     3            10     1.6
  IWT018  盛岡          39.695  141.148     9     7     4            10     1.5
  IWT023  葛巻          40.037  141.450     6     8     2             8     0.8
  IWT017  門馬          39.634  141.438     7     7     3             8     1.2
  IWTH01  二戸東        40.238  141.342     6     7     5             8     1.5
  IWTH17  川井北        39.644  141.598     7     7     4             8     0.7
  IWT004  田老          39.736  141.967     6     7     5             8     1.4
  IWTH09  久慈南        40.086  141.712     6     7     7             7     0.8
  AOMH16  新郷          40.462  141.092     7     6     3             7     1.5
  IWTH13  葛巻          39.940  141.549     6     6     4             7     0.8
  AOMH17  名川          40.449  141.337     6     4     5             7     1.2
  AOMH05  野辺地        40.856  141.103     6     6     2             6     1.5
  IWTH27  陸前高田      39.031  141.532     3     6     2             6     0.9
  IWTH16  雫石          39.644  140.946     6     4     2             6     1.1
  AOMH12  十和田湖東    40.585  141.155     4     6     3             6     1.3
  AKTH04  東成瀬        39.174  140.713     4     6     3             6     1.2
  IWT026  相去          39.257  141.098     3     6     2             6     1.0
  IWT022  安代          40.101  141.052     4     4     1             6     0.9
  IWT025  大志田        39.517  140.830     4     5     1             6     1.2
  IWT013  遠野          39.329  141.564     4     5     2             5     1.1
  IWT016  川井          39.600  141.679     5     4     3             5     1.0
  AOM013  南部          40.412  141.280     5     4     2             5     1.2
  IWTH07  軽米          40.270  141.571     4     5     3             5     0.9
  IWT007  釜石          39.270  141.856     4     5     1             5     0.7
  AOM010  野辺地        40.872  141.142     4     4     2             5     1.2
  IWT009  大東          39.019  141.403     5     4     1             5     0.5
  AOMH18  田子          40.296  141.014     4     5     2             5     0.8
  IWTH11  一戸          40.081  141.191     4     5     2             5     0.8
  IWT019  岩泉          39.803  141.658     4     3     2             5    <0.5
  AOM011  三沢          40.680  141.367     4     4     2             5     1.3
  IWTH22  東和          39.334  141.302     3     4     2             5     0.7
  IWTH04  住田          39.181  141.391     4     4     2             5     1.0
  IWTH26  一関東        38.969  141.001     4     3     1             4     0.6
  AKTH17  中仙          39.557  140.612     4     4     1             4     1.0
  IWT005  宮古          39.647  141.946     3     2     4             4     1.0
  IWTH21  山田          39.473  141.934     3     4     2             4     0.6
  AOMH13  八戸          40.579  141.445     4     3     1             4     1.1
  AOM027  脇野沢        41.145  140.822     3     3     1             4     1.2
  IWTH10  安代          40.139  140.953     4     3     1             4    <0.5
  MYGH13  南三陸        38.699  141.418     3     3     1             4     0.8
  MYG002  歌津          38.726  141.511     3     3     1             3    <0.5
  AOM014  子ノ口        40.437  140.941     3     3     2             3     1.0
  IWTH20  花巻南        39.343  141.047     2     3     1             3     0.7
  AOMH06  六ヶ所        40.966  141.374     2     3     1             3     0.8
  IWT006  山田          39.485  141.975     3     3     2             3     0.5
  AOM006  川内          41.198  140.997     3     3     1             3     1.0
  IWT024  二戸          40.261  141.291     3     3     2             3     0.7
  AOMH11  十和田湖西    40.580  140.995     3     2     1             3     0.5
  MYG003  東和          38.735  141.311     2     3     1             3    <0.5
  AKT012  田沢湖        39.699  140.718     2     3     1             3    <0.5
  MYGH04  東和          38.786  141.325     1     2     0             3    <0.5
  IWT014  石鳥谷        39.484  141.147     3     3     2             3     0.7
  AKT006  鹿角          40.215  140.787     1     3     1             3    <0.5
  AOM022  東田沢        40.992  140.916     2     2     1             2     0.7
  AOM009  六ヶ所        40.967  141.373     2     2     1             2     0.6
  MYG001  気仙沼        38.901  141.568     2     2     1             2     0.5
  AKTH02  西木南        39.663  140.572     2     2     1             2    <0.5
  IWTH05  藤沢          38.865  141.351     2     2     1             2    <0.5
  AKT016  大曲          39.454  140.476     1     2     1             2     0.5
  IWTH23  釜石          39.274  141.823     2     2     1             2    <0.5
  AKT002  大館          40.268  140.566     2     1     1             2     0.7
  AOM007  南通          41.169  141.385     1     2     1             2    <0.5
  MYG019  鳴子温泉      38.751  140.723     2     2     1             2     0.6
  MYG008  北上          38.568  141.427     2     1     0             2    <0.5
  AKT001  小坂          40.328  140.743     2     2     1             2    <0.5
  AOM002  福浦          41.328  140.813     2     2     0             2    <0.5
  AKTH16  西仙北        39.545  140.348     1     1     0             2    <0.5
  IWTH28  一関西2       39.009  140.864     1     2     1             2    <0.5
  MYG004  築館          38.732  141.027     1     1     1             2     0.5
  AOM021  十和田        40.615  141.208     1     1     1             2     0.5
  AKT003  藤里          40.278  140.263     1     1     0             2    <0.5
  MYGH05  小野田        38.579  140.780     1     1     1             2     0.6
  AKTH19  湯沢          39.191  140.471     1     1     0             2    <0.5
  AKTH09  田代          40.276  140.460     1     1     1             1    <0.5
  MYGH07  川崎          38.180  140.641     1     1     0             1    <0.5
  AKTH08  藤里          40.319  140.234     1     1     1             1    <0.5
  MYGH11  河北          38.516  141.342     1     1     0             1    <0.5
  AOMH03  川内          41.234  140.990     1     1     0             1    <0.5
  MYGH03  唐桑          38.921  141.638     1     1     1             1    <0.5
  MYGH14  利府          38.340  140.955     1     1     0             1    <0.5
  AKTH07  小坂          40.456  140.839     1     1     1             1    <0.5
  YMTH08  八幡          38.970  140.033     1     1     0             1    <0.5
  AOMH10  黒石          40.609  140.665     1     0     0             1    <0.5
  MYGH10  山元          37.941  140.892     1     0     0             1    <0.5
  MYGH06  田尻          38.591  141.071     0     0     0             0    <0.5
  MYGH08  岩沼          38.113  140.844     0     0     0             0    <0.5