最大加速度リスト

地震発生時刻   2020/02/13-19:34:00.00
震央北緯       45.1°
震央東経       149.2°
震源深さ       155.0km
マグニチュード M7.2

  コード  観測点名      緯度    経度     最大加速度 (ガル) 三成分合成値 計測震度
　　　　　 　　         北緯    東経      N-S   E-W   U-D        (ガル)         
  HKD074  納沙布        43.368  145.803    80    96    37           119     3.9
  HKD072  落石          43.195  145.521    76   107    33           111     4.1
  HKD073  根室          43.333  145.600    73    65    28            83     3.4
  NMRH04  別海東        43.398  145.122    76    67    25            76     3.8
  HKD078  塘路          43.149  144.498    58    61    40            74     3.5
  HKD070  本別海        43.385  145.284    47    61    23            66     3.6
  HKD066  標津          43.662  145.131    65    57    16            66     4.0
  HKD069  別海          43.394  145.117    60    39    28            65     3.4
  HKD071  厚床          43.233  145.260    45    52    21            56     3.3
  KSRH04  標茶南        43.214  144.680    47    50    29            53     3.2
  HKD075  浜中          43.131  145.029    41    46    25            51     3.0
  HKD077  釧路          42.984  144.382    22    40    22            43     3.2
  AOMH05  野辺地        40.856  141.103    27    41     9            42     3.0
  NMRH02  標津南        43.677  144.962    33    34    18            40     3.2
  HKD158  椴法華        41.834  141.141    39    25    20            40     3.4
  HKD067  中標津        43.555  144.973    36    33    18            40     3.1
  KSRH06  鶴居東        43.220  144.429    35    32    20            39     2.8
  HKD084  阿寒          43.114  144.123    35    26    11            38     3.0
  AOM012  八戸          40.514  141.481    32    24    13            37     2.8
  AOM010  野辺地        40.872  141.142    33    28    10            37     2.9
  KSRH02  阿寒南        43.114  144.123    32    27    12            36     3.0
  NMRH05  別海西        43.390  144.802    28    35    16            36     3.0
  KSRH07  鶴居南        43.136  144.327    24    33    19            36     2.9
  HKD068  上西春別      43.411  144.770    24    33    19            35     3.0
  HKD086  直別          42.854  143.858    30    28    15            34     3.0
  HKD085  白糠          42.958  144.070    26    24    15            33     3.0
  IWTH02  玉山          39.825  141.383    20    27     4            31     2.7
  HKD159  戸井          41.716  141.002    28    28     6            31     3.0
  HKD083  鶴居          43.233  144.325    25    30    18            30     2.8
  NMRH03  中標津        43.551  144.966    28    24    14            29     3.0
  HKD100  広尾          42.286  143.312    22    25     9            29     2.9
  AOM011  三沢          40.680  141.367    22    24     9            29     2.7
  HKD076  厚岸          43.051  144.850    18    23    22            26     3.2
  KSRH03  標茶北        43.385  144.628    22    20    18            25     2.8
  IWTH01  二戸東        40.238  141.342    22    23     7            25     2.8
  AOMH16  新郷          40.462  141.092    21    23    11            24     2.9
  AOMH01  大間          41.527  140.913    17    22     5            22     2.5
  KSRH05  鶴居西        43.256  144.234    17    21    13            22     2.3
  HKD091  浦幌          42.809  143.659    19    13    19            21     2.9
  IWT020  藪川          39.784  141.329    14    20     7            21     3.1
  AOMH06  六ヶ所        40.966  141.374    17    18     7            21     2.4
  HKD092  池田          42.928  143.448    20    20     8            20     2.6
  IWT001  種市          40.410  141.719    20    14     6            20     2.4
  AOMH17  名川          40.449  141.337    17    16     8            20     2.4
  HKD080  弟子屈        43.508  144.448    15    14    10            19     2.5
  KSRH09  白糠南        42.986  143.984    15    18    10            19     2.9
  IWT012  北上          39.321  141.138    16    13     6            18     2.5
  MYGH13  南三陸        38.699  141.418    16     8     4            18     2.4
  HKD079  標茶          43.303  144.600    13    13    16            18     2.6
  HKD109  浦河          42.168  142.767    10    16     4            17     2.4
  HKD157  南茅部        41.905  140.970    14    16     4            17     2.2
  AOMH13  八戸          40.579  141.445    13    16     5            16     2.5
  AOMH12  十和田湖東    40.585  141.155    13    16     7            16     2.3
  IWTH12  九戸          40.153  141.424    13    15     6            16     2.4
  AOM003  大畑          41.405  141.169    16    15     6            16     2.5
  HKD113  目黒          42.129  143.315    16    15     6            16     1.9
  HKD110  様似          42.131  142.935    16    13     4            16     2.7
  AOM008  横浜          41.084  141.255    15    11     6            16     2.1
  AOM013  南部          40.412  141.280    15    11     3            16     2.1
  HKD063  相泊          44.106  145.248    15    12     5            16     2.5
  AOM006  川内          41.198  140.997    12    13     6            15     2.4
  IWT021  西根          39.920  141.082    15    14     4            15     2.5
  IBUH06  室蘭          42.412  141.002     9    13     5            14     2.2
  AOMH11  十和田湖西    40.580  140.995    13    11     4            14     2.1
  HKD126  鵡川          42.575  141.928    11     8     3            14     2.3
  AOM005  むつ          41.295  141.197    12    14     5            14     2.3
  NMRH01  標津北        43.785  145.025    11    12     7            14     2.3
  AOM007  南通          41.169  141.385    10    13     4            14     1.8
  IWTH08  久慈北        40.269  141.783    12    10     6            13     2.2
  AKTH14  鹿角          40.062  140.808    11    11     3            13     2.1
  HKD112  えりも岬      41.937  143.240    12    10     3            13     2.1
  IWT007  釜石          39.270  141.856    12    11     4            13     1.9
  IWTH04  住田          39.181  141.391     9    12     4            13     2.1
  AOM009  六ヶ所        40.967  141.373    11    10     4            12     2.1
  HDKH07  様似          42.133  142.916    12    10     4            12     2.3
  AOM001  大間          41.527  140.924    10    10     4            12     2.1
  TKCH05  本別          43.121  143.618     9    11     5            12     2.0
  HKD108  三石          42.253  142.564    11     9     3            12     2.1
  IWT013  遠野          39.329  141.564     9    10     3            12     2.0
  AOM027  脇野沢        41.145  140.822    12     9     4            12     2.2
  IWTH03  岩泉          39.802  141.652     9    11     5            12     1.5
  HKD065  薫別          43.794  145.056    10    11     9            12     2.3
  IWTH27  陸前高田      39.031  141.532     7    11     4            12     1.5
  HKD090  本別          43.121  143.618    10    11     4            11     2.0
  IWT004  田老          39.736  141.967     8    10     5            11     2.0
  HKD087  二股          43.150  143.892     9    10     4            11     2.0
  HKD098  大樹          42.498  143.279    11    11     6            11     2.3
  KKWH08  占冠          43.041  142.656    10    11     4            11     2.1
  IWT009  大東          39.019  141.403    10     9     3            11     1.3
  HDKH06  静内          42.350  142.357     6    11     5            11     2.4
  HKD081  川湯          43.643  144.390     9     9     8            11     2.2
  MYG001  気仙沼        38.901  141.568    11     7     3            11     1.9
  HKD060  斜里          43.914  144.666    11    10     4            11     2.3
  KSRH08  白糠北        43.160  143.894     9     8     4            11     1.9
  HKD099  新得          43.074  142.839     8    10     7            11     2.0
  IWTH11  一戸          40.081  141.191     9     7     5            10     2.2
  MYG012  塩竈          38.318  141.019     9     7     5            10     1.9
  IWT026  相去          39.257  141.098    10     8     5            10     1.9
  HKD106  静内          42.341  142.369     9     9     3            10     2.1
  MYG002  歌津          38.726  141.511     9    10     2            10     1.3
  IWTH21  山田          39.473  141.934     7     8     3            10     1.6
  AOM014  子ノ口        40.437  140.941     9     9     5            10     2.2
  AOM024  蟹田          41.047  140.640     7     9     5            10     2.1
  IWT024  二戸          40.261  141.291     8     9     3             9     1.7
  AOM023  中里          40.968  140.433     8     9     3             9     2.2
  IWTH14  田老          39.743  141.909     7     9     2             9     1.1
  FKSH19  都路          37.470  140.723     9     5     2             9     1.7
  IWT017  門馬          39.634  141.438     9     7     3             9     1.7
  FKS006  葛尾          37.503  140.759     6     7     2             9     1.7
  AOM028  八甲田        40.700  140.919     7     6     3             9     1.9
  HKD089  足寄          43.244  143.554     9     9     4             9     1.8
  MYG015  岩沼          38.105  140.870     7     6     2             9     1.8
  ABSH09  斜里南        43.927  144.807     6     8     7             9     1.7
  MYG007  豊里          38.588  141.251     7     8     4             8     2.1
  HKD064  羅臼          44.020  145.189     7     8     5             8     2.2
  MYG010  石巻          38.429  141.282     8     4     2             8     1.8
  IWT006  山田          39.485  141.975     7     7     3             8     1.5
  HKD131  登別          42.421  141.081     8     7     3             8     1.6
  HKD184  千歳          42.790  141.601     5     8     5             8     1.7
  KSRH01  阿寒北        43.436  144.084     7     6     5             8     2.2
  IWT003  普代          40.008  141.886     7     7     3             8     1.9
  HKD095  帯広          42.931  143.214     7     8     5             8     1.7
  AOM021  十和田        40.615  141.208     7     7     5             8     1.8
  AOMH09  岩木          40.620  140.350     6     7     2             8     1.9
  ABSH12  小清水        43.857  144.457     8     5     3             8     1.9
  FKSH12  平田          37.217  140.570     6     8     2             8     1.5
  IWTH22  東和          39.334  141.302     8     6     3             8     1.4
  MYG003  東和          38.735  141.311     5     6     3             7     1.2
  AOM004  尻屋          41.409  141.449     7     6     3             7     1.4
  IWTH07  軽米          40.270  141.571     7     4     3             7     1.5
  MYGH07  川崎          38.180  140.641     6     6     2             7     1.5
  IWT018  盛岡          39.695  141.148     6     6     3             7     1.6
  IWT016  川井          39.600  141.679     7     6     3             7     1.6
  HKD185  支笏湖畔      42.776  141.402     6     5     3             7     1.7
  HKD155  鹿部          42.044  140.806     6     6     2             7     1.7
  AOM022  東田沢        40.992  140.916     6     7     2             7     1.6
  HKD096  中札内        42.697  143.136     7     5     7             7     1.5
  HKD061  ウトロ        44.070  144.997     6     5     2             7     1.4
  IWT022  安代          40.101  141.052     7     6     3             7     1.7
  HKD128  早来          42.766  141.822     7     5     6             7     2.0
  HKD105  門別          42.483  142.054     7     6     2             7     1.7
  AOM016  弘前          40.602  140.499     6     5     1             7     1.7
  AOM020  青森          40.819  140.750     7     5     3             7     1.8
  AOM002  福浦          41.328  140.813     6     6     2             7     1.5
  HKD132  室蘭          42.348  141.032     7     6     3             7     1.7
  IWTH15  矢巾          39.615  141.093     7     6     3             7     1.8
  MYGH04  東和          38.786  141.325     5     7     2             7     0.8
  IWTH16  雫石          39.644  140.946     5     7     3             7     1.9
  ABSH11  女満別        43.914  144.191     6     6     2             7     1.9
  IWT014  石鳥谷        39.484  141.147     5     6     2             7     2.0
  MYG008  北上          38.568  141.427     6     5     2             7     1.2
  IWTH23  釜石          39.274  141.823     6     6     2             7     1.1
  HKD129  苫小牧        42.634  141.606     6     5     2             6     1.5
  AOMH18  田子          40.296  141.014     6     5     3             6     1.5
  IBR005  笠間          36.385  140.237     6     5     2             6     1.4
  MYG006  古川          38.566  140.977     5     6     2             6     2.0
  HKD127  追分          42.874  141.820     5     6     2             6     1.4
  HDKH03  門別東        42.593  142.352     6     5     2             6     1.6
  IWT023  葛巻          40.037  141.450     5     4     2             6     1.2
  IWTH26  一関東        38.969  141.001     5     6     3             6     1.5
  IBUH01  追分          42.874  141.819     5     5     2             6     1.6
  HKD162  福島          41.486  140.247     2     6     1             6     1.5
  IWTH20  花巻南        39.343  141.047     5     4     2             6     1.7
  MYG004  築館          38.732  141.027     4     6     2             6     1.7
  IWT005  宮古          39.647  141.946     5     3     5             6     1.5
  IWTH09  久慈南        40.086  141.712     4     5     3             6     0.9
  TKCH04  新得南        43.174  142.918     4     5     2             6     1.4
  HKD125  穂別          42.761  142.135     5     5     2             5     1.7
  MYGH10  山元          37.941  140.892     4     5     2             5     1.3
  IWTH19  花巻北        39.456  141.000     5     5     1             5     1.4
  TKCH02  足寄東        43.382  143.898     3     5     2             5     1.0
  HKD134  大滝          42.671  141.079     5     5     1             5     1.4
  IBR013  鉾田          36.159  140.489     5     5     3             5     1.1
  AOMH03  川内          41.234  140.990     5     4     3             5     1.4
  HKD103  幌毛志        42.727  142.297     4     4     2             5     1.4
  FKS001  相馬          37.795  140.920     5     5     2             5     1.4
  HKD156  七飯          41.900  140.696     5     4     1             5     1.1
  IWTH10  安代          40.139  140.953     4     4     2             5     1.1
  IWT011  水沢          39.145  141.152     4     4     2             5     1.7
  IBRH11  岩瀬          36.370  140.140     4     5     2             5     1.5
  IBR003  日立          36.592  140.645     4     5     2             5     1.0
  AKTH04  東成瀬        39.174  140.713     5     4     2             5     1.4
  AKT006  鹿角          40.215  140.787     4     4     2             5     1.3
  HDKH04  門別西        42.513  142.038     4     4     2             5     1.7
  HDKH05  新冠          42.598  142.545     4     5     2             5     1.2
  MYGH11  河北          38.516  141.342     5     5     2             5     1.0
  IWTH17  川井北        39.644  141.598     4     4     3             5     1.2
  HKD059  小清水        43.856  144.463     4     3     4             5     1.7
  OSMH02  上磯          41.837  140.633     5     4     1             5     1.5
  TCG014  茂木          36.545  140.174     5     4     1             5     1.3
  AOM026  小泊          41.128  140.311     4     5     1             5     1.6
  MYGH14  利府          38.340  140.955     4     4     2             5     1.4
  IBR001  大子          36.776  140.357     4     3     1             5     1.3
  IWT002  久慈          40.182  141.764     4     3     2             4     1.3
  HKD160  函館          41.770  140.738     4     3     2             4     1.4
  FKSH18  三春          37.489  140.538     4     3     2             4     1.1
  FKS013  古殿          37.090  140.556     4     3     1             4     1.2
  FKSH20  浪江          37.491  140.987     3     3     2             4     1.5
  TKCH03  足寄西        43.271  143.432     3     4     2             4     1.4
  IBR006  水戸          36.367  140.454     4     3     1             4     0.9
  MYG013  仙台          38.266  140.929     4     3     1             4     1.4
  FKS004  飯舘          37.680  140.735     4     4     2             4     0.8
  IWTH13  葛巻          39.940  141.549     4     4     2             4     1.2
  FKS005  原町          37.639  140.985     4     4     1             4     1.0
  IWT019  岩泉          39.803  141.658     4     3     1             4     0.9
  AOM025  今別          41.179  140.480     3     4     2             4     1.3
  TCG009  今市          36.726  139.715     4     4     1             4     1.3
  AKTH17  中仙          39.557  140.612     3     3     2             4     1.5
  MYG018  伊里前        38.719  141.523     4     3     1             4     0.8
  FKSH14  いわき東      37.026  140.970     4     2     1             4     1.7
  AOMH08  鰺ヶ沢        40.762  140.312     3     4     1             4     1.2
  HKD038  南富良野      43.167  142.566     3     3     1             4     1.0
  FKS017  須賀川        37.284  140.369     4     3     1             4     1.3
  AKT001  小坂          40.328  140.743     3     4     1             4     1.0
  HKD161  木古内        41.680  140.433     3     4     3             4     1.6
  IBRH16  山方          36.641  140.398     4     4     1             4     0.9
  FKS009  小野          37.278  140.635     3     2     1             4     0.7
  HKD154  森            42.096  140.563     3     4     1             4     1.0
  MYG017  角田          37.976  140.782     4     3     1             4     1.5
  IBRH06  北茨城2       36.881  140.655     3     3     1             4     0.7
  TKCH01  陸別          43.468  143.683     3     3     2             4     1.3
  IWT010  一関          38.935  141.126     3     3     2             4     1.4
  HKD111  えりも        42.017  143.149     3     3     2             4     1.1
  IWT008  大船渡        39.081  141.708     3     3     2             3     0.9
  IBRH12  大子          36.837  140.318     2     3     1             3     0.7
  HKD104  平取          42.589  142.131     3     3     1             3     1.2
  FKS016  白河          37.123  140.191     3     3     1             3     0.9
  IKRH03  千歳          42.888  141.640     3     2     1             3     1.0
  ABSH14  美幌          43.723  144.184     3     3     2             3     1.4
  IBUH07  大滝          42.648  141.064     3     3     1             3     1.1
  HKD094  士幌          43.169  143.241     3     3     2             3     1.2
  IBRH13  高萩          36.795  140.575     3     2     1             3     1.0
  IWTH28  一関西2       39.009  140.864     2     3     2             3     1.0
  FKSH11  矢吹          37.201  140.339     3     2     2             3     1.2
  FKS008  船引          37.436  140.567     2     3     1             3     0.8
  AKT002  大館          40.268  140.566     2     3     1             3     1.1
  TCGH16  芳賀          36.548  140.075     3     3     1             3     1.0
  IBR012  石岡          36.195  140.271     2     3     1             3     0.9
  KNG206  平塚ST6       35.097  139.378     2     3     1             3     1.4
  IBUH05  白老          42.563  141.350     2     3     2             3     1.0
  IBRH17  霞ヶ浦        36.086  140.314     3     3     2             3     0.8
  MYG019  鳴子温泉      38.751  140.723     3     3     1             3     0.8
  HKD181  江別          43.116  141.546     3     2     2             3     1.2
  FKSH17  川俣          37.664  140.597     2     2     1             3     0.9
  HKD107  農屋          42.419  142.499     2     3     1             3     1.1
  IBR011  つくば        36.125  140.090     2     3     1             3     1.1
  MYGH03  唐桑          38.921  141.638     2     2     2             3     0.6
  SITH11  飯能          35.864  139.273     2     2     1             3     0.8
  HKD130  白老          42.563  141.350     2     3     2             3     1.0
  HKD055  美幌          43.824  144.109     2     2     1             3     1.3
  ABSH07  白滝          43.849  143.086     2     2     1             3     1.2
  FKS010  広野          37.234  141.002     3     2     1             3     0.8
  FKS003  福島          37.761  140.480     2     2     1             3     1.0
  KNG201  平塚ST1       34.596  139.918     1     3     0             3     0.9
  IBRH10  石下          36.111  139.989     2     3     1             3     1.4
  CHB007  佐倉          35.723  140.227     3     2     1             3     1.1
  FKS011  いわき        37.091  140.904     3     2     1             3     0.8
  HKD052  常呂          44.120  144.071     2     3     1             3     1.3
  AKTH19  湯沢          39.191  140.471     2     2     1             3     1.1
  IBRH15  御前山        36.557  140.301     2     3     1             3     0.5
  HKD093  糠平          43.319  143.305     2     2     2             3     1.0
  IBR004  大宮          36.552  140.410     3     2     1             3     0.7
  HDKH01  平取西        42.703  142.230     2     2     1             3     0.9
  IBR014  土浦          36.073  140.195     2     3     1             3     0.9
  AOMH10  黒石          40.609  140.665     2     1     1             3     1.0
  OSMH01  知内          41.598  140.421     2     2     1             3     1.1
  MYG011  牡鹿          38.305  141.504     2     2     1             3    <0.5
  IBR010  下妻          36.184  139.965     2     3     1             3     0.9
  FKS012  勿来          36.907  140.793     2     2     1             3     1.0
  FKS014  矢祭          36.886  140.417     2     2     1             2    <0.5
  SBSH08  喜茂別        42.768  140.977     2     2     1             2     0.7
  FKS002  梁川          37.845  140.601     2     2     1             2     0.6
  KNG202  平塚ST2       34.740  139.839     2     2     1             2     0.9
  IWT015  川尻          39.318  140.779     2     2     1             2     1.0
  IKRH02  新篠津        43.220  141.652     2     2     1             2     1.2
  KNGH10  横浜          35.499  139.519     2     2     1             2     1.0
  MYG005  鳴子          38.799  140.651     2     2     2             2     1.3
  ABSH13  留辺蘂        43.742  143.451     2     2     1             2     1.3
  MYGH08  岩沼          38.113  140.844     2     2     1             2     0.9
  IBR017  江戸崎        35.954  140.319     2     2     1             2     0.6
  MYGH06  田尻          38.591  141.071     2     2     1             2     1.0
  YMT011  上山          38.150  140.267     2     2     1             2     1.2
  AKTH07  小坂          40.456  140.839     2     2     1             2     0.8
  FKS031  川内          37.336  140.813     2     2     1             2     0.6
  FKSH10  西郷          37.162  140.093     2     2     1             2     0.5
  ABSH15  置戸東        43.635  143.510     2     2     1             2     1.0
  FKSH09  郡山          37.353  140.426     2     2     0             2    <0.5
  FKS024  中野          37.396  140.132     2     2     1             2     1.2
  TCG006  小川          36.764  140.130     2     2     1             2     1.0
  SIT008  春日部        35.983  139.746     2     2     1             2     1.1
  AKT014  角館          39.595  140.555     2     1     1             2     0.7
  ABSH06  湧別北        44.215  143.620     1     2     1             2     1.0
  SIT003  久喜          36.072  139.697     2     1     1             2     1.1
  GNM009  桐生          36.411  139.325     1     2     1             2     0.9
  YMTH02  山形          38.269  140.258     2     2     1             2     1.2
  HKD057  津別          43.706  144.027     2     2     1             2     1.0
  MYG016  白石          38.008  140.621     2     2     1             2     0.7
  HKD088  陸別          43.472  143.748     2     2     1             2     0.5
  AKTH09  田代          40.276  140.460     2     1     1             2     0.8
  AKT012  田沢湖        39.699  140.718     1     1     1             2     0.5
  HKD040  占冠          42.980  142.399     2     2     1             2     0.7
  FKS007  大熊          37.406  140.963     2     2     1             2     0.7
  HKD048  湧別          44.220  143.615     1     2     1             2     1.1
  HKD004  上猿払        45.214  142.226     2     2     0             2     1.4
  KNG205  平塚ST5       34.941  139.421     1     2     0             2     0.8
  CHBH13  成田          35.831  140.298     1     2     1             2     0.8
  IBRH14  十王          36.692  140.548     2     1     1             2    <0.5
  AKTH13  阿仁          39.982  140.407     2     1     1             2    <0.5
  HKD135  壮瞥          42.553  140.887     2     1     1             2     0.7
  AKTH08  藤里          40.319  140.234     2     1     1             2    <0.5
  TKY021  猿江          35.688  139.819     2     1     1             2     0.9
  AKT019  雄勝          39.038  140.451     1     2     1             2     0.7
  CHBH06  匝瑳          35.721  140.505     2     1     1             2     0.5
  AOM018  鯵ヶ沢        40.778  140.198     1     2     1             2     0.7
  TKY013  砂町          35.660  139.834     1     2     1             2     1.0
  YMT007  東根          38.431  140.391     2     2     1             2     1.0
  HKD124  由仁          42.999  141.790     2     1     1             2     0.5
  TKY028  越中島        35.669  139.789     1     1     1             2     1.0
  YMT015  米沢          37.904  140.100     1     2     1             2     1.0
  AKTH02  西木南        39.663  140.572     1     1     1             2     0.5
  TKY027  瑞江          35.693  139.891     2     2     1             2     0.9
  MYGH09  白石          38.009  140.603     2     2     1             2     0.7
  HKD178  石狩          43.172  141.305     2     1     1             2     0.8
  YMTH06  高畠          37.963  140.184     1     2     0             2     0.9
  IBUH02  穂別          42.871  142.129     1     2     1             2    <0.5
  MYG009  大和          38.447  140.887     1     1     1             2     0.7
  TCGH14  粟野          36.551  139.615     1     1     0             2    <0.5
  AKTH16  西仙北        39.545  140.348     1     1     1             2     0.8
  CHB029  行徳          35.695  139.918     1     1     0             2     0.9
  AKT003  藤里          40.278  140.263     1     1     1             2     0.7
  YMT006  尾花沢        38.600  140.405     1     1     0             1     0.7
  HKD102  日高          42.877  142.448     1     1     1             1     0.5
  SIT010  大宮          35.907  139.648     1     1     1             1     0.9
  AKT023  椿台          39.146  140.717     1     1     1             1     0.6
  HKD163  松前          41.434  140.112     1     1     0             1    <0.5
  HKD054  北見          43.800  143.901     1     1     1             1     1.1
  KKWH14  中富良野      43.384  142.524     1     1     1             1    <0.5
  HKD053  留辺蘂        43.785  143.607     1     1     1             1    <0.5
  TKY026  宇喜田        35.670  139.863     1     1     1             1     0.9
  TKCH10  新得北        43.334  142.945     1     1     1             1    <0.5
  AOMH07  深浦          40.745  140.023     1     1     0             1    <0.5
  TKY025  篠崎          35.714  139.897     1     1     0             1     0.6
  YMTH07  米沢          37.896  140.028     1     1     1             1     0.6
  HKD151  長万部        42.494  140.354     1     1     1             1     0.6
  YMNH11  大月          35.625  138.978     1     1     0             1    <0.5
  TKY023  八広          35.725  139.825     1     1     1             1     0.7
  YMT008  中村          38.386  139.992     1     1     1             1     0.9
  GNMH12  神流          36.144  138.913     1     1     0             1    <0.5
  YMTH14  西川西        38.386  139.992     1     1     1             1     0.8
  TCGH10  大田原        36.858  140.023     1     1     1             1    <0.5
  YMTH15  西川東        38.426  140.125     1     1     0             1     0.7
  CHBH04  下総          35.797  140.021     1     1     1             1    <0.5
  TCGH06  真岡          36.446  139.951     1     1     0             1    <0.5
  TKYH12  八王子        35.670  139.265     1     1     0             1    <0.5
  HYMH02  厚沢部        41.986  140.309     1     1     1             1    <0.5
  SRCH08  砂川          43.514  141.909     1     1     0             1     0.5
  AKTH06  雄勝          38.980  140.495     1     1     0             1    <0.5
  YMTH12  立川          38.636  140.006     1     1     0             1     0.6
  IBRH19  つくば        36.214  140.089     1     1     0             1    <0.5
  YMTH09  戸沢          38.750  140.178     1     1     0             1    <0.5
  SRCH10  夕張          42.993  142.008     1     1     0             1    <0.5
  KKWH04  名寄          44.438  142.406     1     1     1             1     0.6
  IKRH01  当別          43.409  141.584     1     1     0             1    <0.5
  YMTH11  最上          38.713  140.554     1     1     0             1    <0.5
  YMTH08  八幡          38.970  140.033     1     1     0             1    <0.5
  SZOH42  修善寺        34.976  138.913     1     1     0             1    <0.5
  HYMH01  北檜山        42.485  139.968     1     1     0             1    <0.5
  CHBH10  千葉          35.546  140.242     1     1     0             1    <0.5
  KKWH13  美瑛西        43.511  142.391     1     1     0             1    <0.5
  NIGH04  関川          38.131  139.543     1     0     0             1    <0.5
  KKWH15  上川          43.855  142.766     1     1     0             1    <0.5
  NIGH05  聖籠          37.976  139.279     1     1     0             1    <0.5
  SITH08  小鹿野        36.027  138.969     0     1     0             1    <0.5
  KKWH11  和寒          43.975  142.283     0     1     0             1    <0.5
  SITH07  名栗          35.912  139.149     1     1     0             1    <0.5
  KKWH05  下川西        44.292  142.630     1     1     0             1    <0.5
  ABSH03  興部東        44.384  143.241     0     0     0             1    <0.5
  SOYH05  稚内北        45.488  141.885     0     0     0             1    <0.5
  SRCH06  深川南        43.695  142.078     1     1     0             1    <0.5
  NIGH02  朝日          38.280  139.549     0     0     1             1    <0.5
  RMIH05  小平西        44.025  141.788     0     0     0             1    <0.5
  SOYH09  歌登北        44.857  142.487     0     1     0             1    <0.5
  SOYH06  豊富          45.102  141.783     0     0     0             1    <0.5
  SRCH03  幌加内南      43.999  142.126     0     0     0             1    <0.5
  KKWH12  美瑛東        43.504  142.601     0     0     0             1    <0.5
  CHBH11  養老          35.287  140.153     0     0     0             0    <0.5
  SOYH10  歌登南        44.743  142.604     0     0     0             0    <0.5
  SBSH09  黒松内        42.610  140.484     0     0     0             0    <0.5
  NIGH03  荒川          38.133  139.429     0     0     0             0    <0.5
  SBSH06  蘭越          42.831  140.483     0     0     0             0    <0.5
  SBSH04  共和          42.976  140.622     0     0     0             0    <0.5
  TCGH09  矢板          36.862  139.836     0     0     0             0    <0.5
  KNGH23  葉山          35.262  139.611     0     0     0             0    <0.5
  GNMH14  みどり        36.493  139.322     0     0     0             0    <0.5
  GNMH11  富岡          36.286  138.921     0     0     0             0    <0.5
  ABSH02  興部西        44.423  143.026     0     0     0             0    <0.5
  KKWH10  中川          44.662  142.053     0     0     0             0    <0.5
  YMNH12  増穂          35.562  138.449     0     0     0             0    <0.5
  SBSH02  泊            43.053  140.502     0     0     0             0    <0.5
  SOYH08  中頓別        44.939  142.225     0     0     0             0    <0.5
  SOYH01  猿払北        45.335  142.119     0     0     0             0    <0.5
  KKWH02  美深東        44.551  142.574     0     0     0             0    <0.5
  KNGH21  清川          35.463  139.215     0     0     0             0    <0.5
  KKWH06  下川東        44.321  142.766     0     0     0             0    <0.5
  KKWH03  美深西        44.473  142.273     0     0     0             0    <0.5
  YMTH05  小国          37.988  139.802     0     0     0             0    <0.5
  SZOH54  初島2         35.042  139.168     0     0     0             0    <0.5
  NIGH11  川西          37.173  138.744     0     0     0             0    <0.5