最大加速度リスト

地震発生時刻   2018/09/05-05:11:00.00
震央北緯       36.5°
震央東経       141.3°
震源深さ       60.0km
マグニチュード M5.5

  コード  観測点名      緯度    経度     最大加速度 (ガル) 三成分合成値 計測震度
　　　　　 　　         北緯    東経      N-S   E-W   U-D        (ガル)         
  IBR003  日立          36.592  140.645   104   147    73           149     3.6
  FKS008  船引          37.436  140.567    58    98    15           104     3.7
  TCG014  茂木          36.545  140.174    78    72    60           104     3.6
  IBR002  高萩          36.706  140.707    88    77    28           103     3.5
  FKSH12  平田          37.217  140.570    98    52    20           103     4.0
  IBRH15  御前山        36.557  140.301    73    64    29            95     3.2
  IBR004  大宮          36.552  140.410    87    75    42            92     3.4
  IBR013  鉾田          36.159  140.489    76    84    67            90     3.5
  IBRH16  山方          36.641  140.398    61    71    34            85     3.4
  IBR018  鹿嶋          35.977  140.632    54    72    23            74     3.2
  FKSH19  都路          37.470  140.723    69    53    24            70     3.4
  FKS006  葛尾          37.503  140.759    27    66    12            66     3.4
  IBR005  笠間          36.385  140.237    60    42    51            64     3.2
  FKS016  白河          37.123  140.191    47    58    17            61     3.3
  TCGH13  馬頭          36.734  140.178    53    53    20            60     3.3
  FKSH14  いわき東      37.026  140.970    48    42    13            60     3.4
  IBRH18  ひたちなか    36.363  140.620    45    58    31            59     3.3
  FKSH10  西郷          37.162  140.093    51    47    29            58     3.1
  IBRH17  霞ヶ浦        36.086  140.314    35    26    57            57     2.8
  FKSH18  三春          37.489  140.538    45    46    30            57     3.2
  TCG009  今市          36.726  139.715    54    35    19            56     3.3
  TCGH16  芳賀          36.548  140.075    41    46    17            54     3.2
  IBRH12  大子          36.837  140.318    51    50    24            52     3.0
  IBRH13  高萩          36.795  140.575    46    30    16            51     3.1
  IBR006  水戸          36.369  140.453    39    42    41            49     2.7
  IBR007  那珂湊        36.352  140.595    48    40    18            49     2.9
  IBRH11  岩瀬          36.370  140.140    47    46    21            49     3.2
  FKSH11  矢吹          37.201  140.339    45    32    18            46     3.0
  IBRH06  北茨城2       36.881  140.655    35    43    22            45     2.7
  FKSH09  郡山          37.353  140.426    38    44     9            45     2.5
  FKS019  二本松        37.603  140.437    37    41    16            44     2.8
  FKS013  古殿          37.090  140.556    42    23    16            43     3.3
  FKS009  小野          37.278  140.635    41    33    11            43     2.6
  FKS018  郡山          37.396  140.362    28    42    20            43     3.0
  IBR014  土浦          36.073  140.195    31    42    17            43     2.9
  IBR001  大子          36.776  140.357    40    22    20            41     3.1
  FKS011  いわき        37.091  140.904    34    33    14            39     3.0
  CHBH06  匝瑳          35.721  140.505    29    37    14            38     2.9
  FKS007  大熊          37.406  140.963    36    22    15            36     2.8
  TCG013  真岡          36.437  140.023    27    23    35            36     2.3
  FKS024  中野          37.396  140.132    30    26    11            34     2.9
  FKS012  勿来          36.907  140.793    26    30    11            34     3.2
  FKS004  飯舘          37.680  140.735    30    20    10            32     2.4
  IBRH14  十王          36.692  140.548    29    20    26            31     2.4
  FKS014  矢祭          36.886  140.417    27    31    10            31     2.5
  FKS010  広野          37.234  141.002    23    24    10            31     2.7
  TCGH10  大田原        36.858  140.023    27    19    13            30     2.5
  FKS017  須賀川        37.284  140.369    27    27    16            30     3.1
  IBR016  取手          35.911  140.049    29    23    25            30     2.6
  MYGH07  川崎          38.180  140.641    21    29     7            29     2.3
  IBR017  江戸崎        35.954  140.319    24    27    18            29     2.4
  TCG012  小山          36.286  139.805    14    26    15            28     2.5
  TCGH12  氏家          36.696  139.984    26    25    21            28     2.5
  IBRH10  石下          36.111  139.989    19    17    28            28     2.7
  FKSH17  川俣          37.664  140.597    28    18     7            28     2.8
  IBR010  下妻          36.184  139.965    25    24    11            28     2.5
  TCG006  小川          36.764  140.130    22    19    22            27     2.6
  TCGH11  今市          36.708  139.769    23    22    12            26     2.2
  CHB004  佐原          35.901  140.490    20    23    17            26     2.4
  IBR012  石岡          36.195  140.271    23    20    18            26     2.3
  CHB001  野田          35.959  139.873    19    20    11            25     2.3
  FKS029  桧枝岐        37.016  139.380    21    18     3            25     1.9
  FKSH08  長沼          37.282  140.214    17    23     9            25     2.4
  FKS023  会津若松      37.477  139.929    19    17     4            23     2.9
  TCG003  藤原          36.814  139.715    19    23    11            23     2.3
  CHB003  白井          35.794  140.056    19    21    12            23     2.6
  FKS031  川内          37.336  140.813    22    15    10            22     2.5
  IBR011  つくば        36.125  140.090    18    20    12            22     2.3
  CHB007  佐倉          35.723  140.227    18    18    13            22     2.4
  GNM009  桐生          36.411  139.325    17    17     8            21     2.0
  FKSH20  浪江          37.491  140.987    16    19    10            21     2.7
  IBR008  下館          36.306  139.983    15    20    16            20     2.2
  MYG015  岩沼          38.105  140.870    17    13     5            20     2.5
  GNM001  片品          36.772  139.225    19     8     6            20     1.8
  TCGH07  栗山西        36.882  139.453    17    18     5            19     2.3
  FKS015  棚倉          37.022  140.377    19    16     7            19     2.3
  FKS020  猪苗代        37.547  140.108    19    17     5            19     2.5
  IBRH07  江戸崎        35.952  140.330    16    10    17            18     2.5
  FKS003  福島          37.761  140.480    14    18     8            18     2.4
  IBR015  岩井          36.069  139.908    15    17    10            17     2.3
  CHB006  成田          35.780  140.307    12    15    12            17     2.0
  MYGH13  南三陸        38.699  141.418    17     7     4            17     2.2
  TCG015  芹沼          36.749  139.714    16    16     9            17     1.8
  CHB010  八日市場      35.708  140.568    13    15     6            17     2.2
  TCG010  足尾          36.635  139.438     8    15    11            16     1.8
  TCGH06  真岡          36.446  139.951    15     9     7            16     1.8
  CHB028  市川北        35.766  139.966    11    14     9            16     2.0
  CHBH04  下総          35.797  140.021    12    13     9            15     2.1
  TCG008  鹿沼          36.560  139.768    13    14    11            15     2.0
  TCG016  北高岡        36.529  140.156    11    15     7            15     1.8
  FKS001  相馬          37.795  140.920    15    10     8            15     2.0
  MYG017  角田          37.976  140.782    15     8     4            15     2.2
  FKS005  原町          37.639  140.985    13    13     5            14     2.0
  MYGH10  山元          37.941  140.892    13    13     6            14     2.0
  TCGH09  矢板          36.862  139.836    11     9     5            14     1.5
  CHBH13  成田          35.831  140.298    11    12     8            14     2.2
  FKS027  滝原          37.070  139.681     7    13     3            14     0.9
  TCG001  黒磯          36.942  140.083    13    11     8            13     2.3
  TCG005  矢板          36.806  139.926    11     9     3            13     1.9
  FKS002  梁川          37.845  140.601    12     9     4            12     1.9
  CHB002  松戸          35.787  139.903    11     8     9            12     1.7
  CHB009  千葉          35.608  140.102    11     7     5            12     1.7
  CHB012  東金          35.573  140.333    11     9     6            12     2.0
  CHB005  銚子          35.736  140.830     7     9     4            11     2.0
  GNMH14  みどり        36.493  139.322     5     7    10            11     1.0
  YMTH06  高畠          37.963  140.184     7    11     4            11     2.1
  SIT004  長瀞          36.118  139.105    10    11     5            11     1.3
  TKY027  瑞江          35.693  139.891     8    10     4            10     1.8
  GNM011  太田          36.291  139.361     9     9     7            10     2.0
  TCGH08  栗山東        36.883  139.646     8    10     4            10     1.6
  SITH06  川本          36.113  139.289    10     9     5            10     1.6
  MYG002  歌津          38.726  141.511     9     7     4            10     1.1
  YMTH04  上山          38.081  140.298     6     9     2            10     1.1
  IBRH19  つくば        36.214  140.089     8     6     8             9     1.2
  GNM003  沼田          36.658  139.078     9     6     5             9     1.7
  TCG011  葛生          36.387  139.614     6     8     6             9     1.3
  SIT011  川口          35.810  139.721     8     6     3             9     1.8
  SIT008  春日部        35.983  139.746     9     7     3             9     1.9
  CHBH14  銚子中        35.734  140.823     5     7     3             8     1.8
  TCG007  宇都宮        36.569  139.886     7     8     5             8     1.3
  GNMH12  神流          36.144  138.913     7     7     5             8     1.8
  SIT003  久喜          36.072  139.697     5     6     8             8     1.8
  TKY026  宇喜田        35.670  139.863     6     6     4             8     1.7
  GNM010  館林          36.234  139.533     6     8     5             8     1.5
  SIT009  川越          35.903  139.483     6     6     3             8     1.3
  CHB011  蓮沼          35.588  140.497     8     6     2             8     1.7
  KNGH10  横浜          35.499  139.519     7     7     3             8     1.9
  IWT009  大東          39.019  141.403     6     7     2             8     0.7
  CHB029  行徳          35.695  139.918     7     6     4             8     1.8
  GNM002  水上          36.782  138.970     7     6     2             8     1.3
  MYG008  北上          38.568  141.427     7     5     3             7     0.8
  FKS022  西会津        37.600  139.647     7     7     3             7     2.0
  SITH05  神泉          36.151  139.050     5     7     2             7     1.0
  TCG004  湯元          36.806  139.420     5     7     6             7     1.4
  SITH10  都幾川        35.996  139.219     5     6     3             7     1.1
  GNMH05  伊勢崎        36.314  139.185     7     4     3             7     1.5
  FKS025  下郷          37.308  139.900     5     7     6             7     1.3
  YMT015  米沢          37.904  140.100     5     7     2             7     1.8
  MYGH14  利府          38.340  140.955     6     6     4             7     1.6
  GNM006  吾妻          36.510  138.752     7     6     3             7     1.4
  SIT007  東松山        36.054  139.391     6     7     2             7     1.2
  MYG012  塩竈          38.318  141.019     6     5     4             7     1.5
  KNG202  平塚ST2       34.740  139.839     4     6     2             7     1.5
  IBR009  古河          36.185  139.704     5     6     4             7     1.4
  MYGH11  河北          38.516  141.342     6     6     4             7     0.9
  TKY028  越中島        35.669  139.789     6     4     5             7     1.6
  IWTH05  藤沢          38.865  141.351     4     6     2             7     0.8
  GNMH07  利根          36.700  139.210     5     6     4             6     1.2
  KNG201  平塚ST1       34.596  139.918     6     5     1             6     1.6
  TKY018  八枝          35.655  139.811     6     4     6             6     1.6
  MYG003  東和          38.735  141.311     6     5     3             6     0.8
  CHB024  稲毛          35.633  140.078     5     6     3             6     1.5
  KNG206  平塚ST6       35.097  139.378     5     5     1             6     1.7
  MYG016  白石          38.008  140.621     6     6     3             6     1.7
  KNG203  平塚ST3       34.798  139.643     3     6     1             6     1.1
  SIT006  秩父          35.995  139.071     6     5     1             6     1.1
  SITH11  飯能          35.864  139.273     5     6     3             6     1.5
  IWT012  北上          39.321  141.138     6     4     2             6     1.5
  TKY017  辰巳          35.647  139.809     6     5     5             6     1.5
  CHBH10  千葉          35.546  140.242     5     5     3             6     1.4
  CHB014  姉崎          35.477  140.049     5     5     3             6     1.7
  CHBH19  蓮沼          35.594  140.511     5     5     4             6     1.7
  TKY021  猿江          35.688  139.819     5     5     3             6     1.6
  TCG002  塩原          36.990  139.803     5     6     3             6     1.1
  KNG205  平塚ST5       34.941  139.421     5     4     1             6     1.3
  MYGH08  岩沼          38.113  140.844     6     5     3             6     1.3
  TKY025  篠崎          35.714  139.897     4     5     3             5     1.4
  MYG010  石巻          38.429  141.282     4     5     2             5     1.4
  GNM016  万場          36.116  138.925     5     4     1             5     0.9
  IWTH27  陸前高田      39.031  141.532     5     4     2             5     0.8
  MYGH09  白石          38.009  140.603     4     5     3             5     1.4
  FKSH05  下郷          37.254  139.873     5     4     2             5     1.3
  TKY007  新宿          35.711  139.686     4     4     5             5     1.2
  TKY014  亀戸          35.689  139.835     4     3     4             5     1.3
  MYG013  仙台          38.266  140.929     4     5     3             5     1.5
  CHB008  浦安          35.654  139.902     4     5     3             5     1.6
  KNG001  川崎          35.529  139.706     4     4     5             5     1.3
  SITH01  岩槻          35.929  139.735     4     5     3             5     1.4
  TKY022  横網          35.687  139.796     5     4     3             5     1.5
  FKS026  南郷          37.266  139.539     4     4     1             5     1.0
  FKSH02  熱塩加納      37.732  139.882     5     4     2             5     1.0
  TKY024  奥戸          35.740  139.862     5     4     3             5     1.5
  TKY013  砂町          35.660  139.834     4     3     4             5     1.3
  MYG018  伊里前        38.719  141.523     5     2     1             5    <0.5
  MYGH04  東和          38.786  141.325     4     4     2             5    <0.5
  SIT005  小川          36.056  139.263     4     5     2             5     0.8
  TKY023  八広          35.725  139.825     4     4     3             5     1.4
  FKSH07  檜枝岐        37.010  139.375     4     4     2             4    <0.5
  SZO001  熱海          35.142  139.079     3     4     1             4    <0.5
  IWTH23  釜石          39.274  141.823     3     3     1             4    <0.5
  YMT011  上山          38.150  140.267     4     4     2             4     1.5
  SITH07  名栗          35.912  139.149     4     4     1             4     0.6
  FKS021  喜多方        37.654  139.863     4     3     1             4     1.2
  IWTH04  住田          39.181  141.391     3     4     2             4     1.0
  GNM008  前橋          36.348  139.137     4     4     3             4     1.3
  TKY015  東白鬚        35.731  139.812     3     4     3             4     1.4
  MYG004  築館          38.732  141.027     3     4     2             4     1.1
  SZO003  東伊豆        34.816  139.055     3     4     2             4     1.1
  SIT013  所沢          35.797  139.466     2     4     2             4     1.0
  YMTH02  山形          38.269  140.258     3     4     1             4     1.5
  SITH08  小鹿野        36.027  138.969     3     4     1             4     0.8
  IWTH21  山田          39.473  141.934     3     3     2             4    <0.5
  TKYH13  檜原南        35.702  139.127     3     4     1             4    <0.5
  IWT026  相去          39.257  141.098     2     4     2             4     1.0
  SIT002  熊谷          36.148  139.388     3     4     2             4     1.1
  YMTH07  米沢          37.896  140.028     3     3     1             4     1.2
  IWTH26  一関東        38.969  141.001     3     4     2             4     0.7
  KNG204  平塚ST4       34.893  139.571     3     4     1             4     0.9
  SIT010  大宮          35.907  139.648     3     3     2             4     1.3
  TKY004  八王子        35.628  139.403     3     3     2             4     1.0
  SIT014  中津川        35.995  138.801     3     2     1             4    <0.5
  GNM007  渋川          36.464  139.009     4     2     1             4     1.0
  TKY016  東雲          35.648  139.799     2     2     3             4     1.1
  NIG012  鹿瀬          37.686  139.477     3     3     1             3     1.4
  MYG011  牡鹿          38.305  141.504     3     3     1             3    <0.5
  YMNH14  都留南        35.511  138.968     2     3     2             3    <0.5
  IWTH18  川井南        39.463  141.678     3     3     2             3    <0.5
  TKY003  青梅          35.797  139.291     3     3     2             3     1.2
  GNMH13  水上2         36.862  139.063     3     3     1             3     0.8
  GNM014  坂本          36.347  138.721     3     3     2             3     0.9
  MYGH03  唐桑          38.921  141.638     3     3     1             3    <0.5
  TKY020  塩浜          35.666  139.809     3     2     3             3     1.2
  CHB013  茂原          35.433  140.291     3     3     2             3     1.1
  TKY005  町田          35.580  139.414     3     3     1             3     0.9
  TKY006  小金井        35.699  139.503     2     3     1             3     0.9
  CHB017  市場          35.299  140.076     3     3     1             3     1.3
  IWTH02  玉山          39.825  141.383     2     3     1             3     0.8
  IWTH14  田老          39.743  141.909     2     3     1             3    <0.5
  TKY009  波浮港        34.687  139.441     2     3     1             3    <0.5
  SZO011  富士宮        35.213  138.602     2     3     1             3     0.6
  YMN002  大月          35.613  138.947     2     2     1             3     0.6
  MYG001  気仙沼        38.901  141.568     3     3     2             3     0.6
  MYG019  鳴子温泉      38.751  140.723     2     3     1             3    <0.5
  TKYH12  八王子        35.670  139.265     3     2     2             3     0.9
  MYG006  古川          38.580  140.965     3     2     1             3     1.4
  GNMH11  富岡          36.286  138.921     2     2     2             3     0.5
  YMN004  塩山          35.702  138.727     3     2     2             3     0.7
  KNGH18  藤野          35.644  139.128     2     2     1             3     0.7
  TKY008  岡田          34.785  139.391     2     2     3             3     0.5
  YMT007  東根          38.431  140.391     2     2     1             3     0.9
  YMT014  下屋地        37.921  139.870     2     3     1             3     0.6
  KNG004  三崎          35.144  139.622     2     2     1             3     0.8
  FKS028  只見          37.304  139.362     2     2     1             3     0.6
  NIGH19  湯沢          36.811  138.785     2     1     1             3    <0.5
  IWTH03  岩泉          39.802  141.652     2     2     1             3    <0.5
  IWT006  山田          39.485  141.975     2     2     1             3    <0.5
  YMN009  六郷          35.496  138.463     2     2     1             3     0.8
  CHB018  勝浦          35.158  140.322     2     2     1             2     0.6
  GNMH08  嬬恋          36.492  138.524     2     2     1             2     0.7
  IWTH22  東和          39.334  141.302     2     2     1             2    <0.5
  YMT008  中村          38.386  139.992     2     2     1             2     1.0
  CHB016  岬            35.300  140.387     2     2     1             2     1.2
  TKY001  氷川          35.803  139.096     2     2     1             2    <0.5
  YMTH03  南陽          38.103  140.155     1     2     0             2    <0.5
  IWTH28  一関西2       39.009  140.864     2     2     1             2     0.6
  CHB026  長南          35.387  140.237     2     2     2             2     0.9
  MYG009  大和          38.447  140.887     2     2     1             2     0.7
  IWT008  大船渡        39.081  141.708     1     2     1             2    <0.5
  SIT001  本庄          36.243  139.194     2     2     1             2     0.9
  KNG002  横浜          35.437  139.634     2     2     2             2     1.1
  IWT017  門馬          39.634  141.438     2     2     1             2    <0.5
  IWTH20  花巻南        39.343  141.047     2     1     1             2     0.7
  YMTH14  西川西        38.386  139.992     2     2     1             2     1.0
  CHB019  鋸南          35.111  139.835     2     2     1             2     1.0
  YMNH08  西野原        35.690  138.734     2     2     1             2     0.5
  NGN014  小海          36.096  138.484     2     1     1             2    <0.5
  KNG014  山北          35.361  139.083     2     2     1             2     0.5
  KNGH20  松田          35.366  139.126     2     2     2             2    <0.5
  FKSH21  只見          37.342  139.315     2     2     1             2     0.6
  GNM004  草津          36.617  138.592     2     2     2             2     0.6
  YMN001  丹波山        35.789  138.920     2     2     1             2    <0.5
  NIG011  新津          37.801  139.144     2     2     1             2     0.9
  TKY002  桧原          35.730  139.145     2     2     1             2    <0.5
  YMT006  尾花沢        38.600  140.405     2     2     1             2     0.8
  NIGH08  津川          37.671  139.465     2     2     1             2     1.0
  GNM015  下仁田        36.229  138.758     1     2     0             2    <0.5
  SITH04  所沢          35.803  139.535     2     2     1             2     0.5
  IWT004  田老          39.736  141.967     2     2     1             2     0.5
  KNG010  平塚          35.336  139.350     1     2     1             2     0.8
  IWT021  西根          39.920  141.082     2     1     1             2    <0.5
  IWT001  種市          40.410  141.719     2     1     1             2    <0.5
  IWT013  遠野          39.329  141.564     2     2     1             2    <0.5
  SZOH34  清水北        35.130  138.424     2     1     0             2    <0.5
  SZOH42  修善寺        34.976  138.913     1     2     1             2     0.6
  IWT020  藪川          39.784  141.329     1     2     1             2     0.7
  GNM005  嬬恋          36.513  138.518     1     2     1             2    <0.5
  KNG003  横須賀        35.273  139.658     1     2     1             2    <0.5
  TCGH17  藤原2         36.985  139.692     1     2     1             2    <0.5
  CHBH17  勝浦東        35.171  140.340     1     2     1             2    <0.5
  IWT014  石鳥谷        39.484  141.147     1     2     1             2    <0.5
  CHBH11  養老          35.287  140.153     2     1     1             2     0.6
  IWT003  普代          40.008  141.886     1     2     1             2     0.6
  IWTH19  花巻北        39.456  141.000     1     1     1             2    <0.5
  NIGH06  加茂          37.653  139.068     2     1     1             2     0.6
  YMTH15  西川東        38.426  140.125     1     1     1             2     0.6
  CHB020  鴨川          35.115  140.102     1     1     1             1     0.7
  YMNH15  上九一色      35.532  138.605     1     1     1             1    <0.5
  NGNH19  川上          35.974  138.584     1     1     1             1    <0.5
  AOMH16  新郷          40.462  141.092     1     1     1             1    <0.5
  IWTH24  金ヶ崎        39.198  141.012     1     1     1             1    <0.5
  NIGH04  関川          38.131  139.543     1     1     1             1    <0.5
  NIGH02  朝日          38.280  139.549     1     1     1             1     0.7
  SZOH35  伊東中        34.947  139.085     1     1     1             1    <0.5
  KSRH07  鶴居南        43.136  144.327     1     1     1             1    <0.5
  IWTH09  久慈南        40.086  141.712     1     1     1             1    <0.5
  IWTH17  川井北        39.644  141.598     1     1     1             1    <0.5
  GNMH09  高山          36.621  138.907     1     1     1             1    <0.5
  KNGH21  清川          35.463  139.215     1     1     1             1    <0.5
  IWTH15  矢巾          39.615  141.093     1     1     1             1    <0.5
  YMNH10  早川北        35.535  138.309     1     1     0             1    <0.5
  AKTH06  雄勝          38.980  140.495     1     1     0             1    <0.5
  KNGH19  山北中        35.417  139.044     1     1     1             1    <0.5
  YMTH11  最上          38.713  140.554     1     1     1             1    <0.5
  YMNH16  甲府2         35.742  138.565     1     1     0             1    <0.5
  MYGH06  田尻          38.591  141.071     1     1     1             1    <0.5
  AOMH17  名川          40.449  141.337     1     1     1             1    <0.5
  YMNH12  増穂          35.562  138.449     1     1     1             1    <0.5
  SZOH38  函南          35.085  138.978     1     1     1             1    <0.5
  KSRH06  鶴居東        43.220  144.429     1     1     0             1    <0.5
  YMTH13  朝日          38.470  139.761     1     1     0             1    <0.5
  YMTH09  戸沢          38.750  140.178     1     1     0             1    <0.5
  KSRH09  白糠南        42.986  143.984     1     1     0             1    <0.5
  NIGH03  荒川          38.133  139.429     1     1     0             1    <0.5
  KNGH23  葉山          35.262  139.611     1     1     0             1    <0.5
  YMTH12  立川          38.636  140.006     1     1     0             1    <0.5
  AOMH12  十和田湖東    40.585  141.155     1     1     0             1    <0.5
  SZOH54  初島2         35.042  139.168     1     1     0             1    <0.5
  YMTH05  小国          37.988  139.802     1     1     0             1    <0.5
  KSRH04  標茶南        43.214  144.680     1     1     0             1    <0.5
  IWTH13  葛巻          39.940  141.549     0     1     0             1    <0.5
  IWTH16  雫石          39.644  140.946     1     1     0             1    <0.5
  NIGH07  村松          37.666  139.261     1     1     0             1    <0.5
  AOMH13  八戸          40.579  141.445     1     0     0             1    <0.5
  NGNH03  阿智2         35.479  137.735     1     1     0             1    <0.5
  NIGH15  六日          37.053  138.995     1     1     0             1    <0.5
  NGNH24  松川          35.615  137.880     1     0     0             1    <0.5
  NGNH23  南木曽        35.606  137.611     1     1     0             1    <0.5
  AKTH19  湯沢          39.191  140.471     1     0     0             1    <0.5
  NIGH05  聖籠          37.976  139.279     1     0     0             1    <0.5
  NIGH11  川西          37.173  138.744     0     0     1             1    <0.5
  NGNH29  野沢温泉      36.910  138.441     0     0     0             0    <0.5
  AKTH16  西仙北        39.545  140.348     0     0     0             0    <0.5
  NGNH28  戸隠          36.708  138.096     0     0     0             0    <0.5
  CHBH20  鴨川南        35.088  140.100     0     0     0             0    <0.5