最大加速度リスト

地震発生時刻   2020/04/24-04:52:00.00
震央北緯       41.5°
震央東経       142.0°
震源深さ       65.0km
マグニチュード M5.2

  コード  観測点名      緯度    経度     最大加速度 (ガル) 三成分合成値 計測震度
　　　　　 　　         北緯    東経      N-S   E-W   U-D        (ガル)         
  AOMH06  六ヶ所        40.966  141.374    24    33     8            33     2.4
  AOMH05  野辺地        40.856  141.103    17    18     6            22     2.4
  HKD100  広尾          42.286  143.312    13    20     3            22     2.3
  AOM010  野辺地        40.872  141.142    15    21     6            21     2.1
  IWT001  種市          40.410  141.719    16    17    10            20     2.2
  AOM012  八戸          40.514  141.481    15    17     7            18     2.1
  HKD159  戸井          41.716  141.002    11    15     6            17     2.2
  HKD112  えりも岬      41.937  143.240    14    17     3            17     2.3
  AOM004  尻屋          41.409  141.449    16     9     4            16     1.3
  IWTH08  久慈北        40.269  141.783    15     9     7            15     2.2
  HKD110  様似          42.131  142.935    12    10     4            15     2.6
  IWTH02  玉山          39.825  141.383    12    12     2            14     2.1
  AOMH17  名川          40.449  141.337    13     8     5            14     1.7
  HKD091  浦幌          42.809  143.659    11     7     5            12     2.5
  AOM011  三沢          40.680  141.367    11    10     7            12     2.0
  AOMH16  新郷          40.462  141.092     9    11     6            11     2.1
  HDKH07  様似          42.133  142.916     8     9     5            11     2.1
  AOMH13  八戸          40.579  141.445     8     8     3            11     2.0
  AOM009  六ヶ所        40.967  141.373     8     9     5            10     1.5
  AOMH12  十和田湖東    40.585  141.155     6     8     5             9     1.5
  AOM007  南通          41.169  141.385     8     9     3             9     1.4
  HKD109  浦河          42.168  142.767     8     9     2             9     2.0
  HKD158  椴法華        41.834  141.141     8     7     6             8     1.9
  IWTH12  九戸          40.153  141.424     7     7     4             8     1.7
  AOMH11  十和田湖西    40.580  140.995     7     7     3             8     1.3
  AOM005  むつ          41.295  141.197     6     8     3             8     1.5
  HKD108  三石          42.253  142.564     5     7     2             8     1.6
  AOM013  南部          40.412  141.280     6     7     2             8     1.6
  HKD097  生花          42.618  143.421     7     6     1             7     1.4
  AOM008  横浜          41.084  141.255     7     6     4             7     1.3
  AOM003  大畑          41.405  141.169     7     7     4             7     1.5
  HKD184  千歳          42.790  141.601     6     4     4             7     1.4
  IWTH01  二戸東        40.238  141.342     7     6     3             7     1.6
  AOMH01  大間          41.527  140.913     4     7     6             7     1.1
  IBUH06  室蘭          42.412  141.002     6     5     4             7     1.5
  IWTH03  岩泉          39.802  141.652     5     6     2             7     0.8
  HKD106  静内          42.341  142.369     6     3     2             6     1.4
  IBUH01  追分          42.874  141.819     6     5     1             6     1.4
  IWTH14  田老          39.743  141.909     5     5     1             6     0.9
  HKD098  大樹          42.498  143.279     5     4     3             6     1.8
  IWTH07  軽米          40.270  141.571     6     4     2             6     1.1
  AOM006  川内          41.198  140.997     6     5     3             6     1.5
  IWT020  藪川          39.784  141.329     5     5     4             6     1.8
  IWT012  北上          39.321  141.138     5     4     2             6     1.4
  HKD105  門別          42.483  142.054     4     5     2             6     1.3
  HKD086  直別          42.854  143.858     5     5     3             5     1.7
  IWT021  西根          39.920  141.082     5     4     1             5     1.2
  HKD157  南茅部        41.905  140.970     5     4     3             5     0.9
  HDKH06  静内          42.350  142.357     4     4     2             5     1.7
  IWT016  川井          39.600  141.679     5     4     1             5     0.9
  HKD127  追分          42.874  141.820     5     4     1             5     1.1
  KSRH07  鶴居南        43.136  144.327     5     3     2             5     0.9
  HKD132  室蘭          42.348  141.032     4     4     2             5     1.1
  HKD131  登別          42.421  141.081     4     3     2             5     0.8
  IWT004  田老          39.736  141.967     4     4     2             5     1.3
  IWT017  門馬          39.634  141.438     5     3     2             5     1.0
  IWTH21  山田          39.473  141.934     3     4     1             5     0.9
  AOM024  蟹田          41.047  140.640     4     5     1             5     1.2
  HKD092  池田          42.928  143.448     4     3     1             5     1.1
  IWT022  安代          40.101  141.052     4     2     1             4     0.7
  IWTH11  一戸          40.081  141.191     3     4     2             4     1.1
  HKD128  早来          42.766  141.822     4     4     3             4     1.3
  HKD129  苫小牧        42.634  141.606     3     4     1             4     1.1
  NMRH05  別海西        43.390  144.802     3     4     2             4     0.9
  IWT002  久慈          40.182  141.764     3     4     2             4     1.1
  MYGH13  南三陸        38.699  141.418     4     2     1             4     1.0
  AOM014  子ノ口        40.437  140.941     3     4     2             4     1.1
  AKTH14  鹿角          40.062  140.808     4     3     1             4     1.0
  KSRH09  白糠南        42.986  143.984     4     3     1             4     1.3
  IWT024  二戸          40.261  141.291     3     4     2             4     0.8
  IWTH09  久慈南        40.086  141.712     3     4     3             4     0.5
  HKD125  穂別          42.761  142.135     4     3     1             4     1.2
  HKD156  七飯          41.900  140.696     4     3     1             4     0.7
  AOM021  十和田        40.615  141.208     3     4     3             4     1.1
  NMRH02  標津南        43.677  144.962     3     4     1             4     0.8
  HDKH03  門別東        42.593  142.352     3     4     1             4     1.0
  AOM027  脇野沢        41.145  140.822     4     3     2             4     1.0
  HKD113  目黒          42.129  143.315     2     4     1             4     1.0
  HKD134  大滝          42.671  141.079     3     3     1             4     0.9
  KSRH02  阿寒南        43.114  144.123     3     3     1             4     1.1
  HKD090  本別          43.121  143.618     2     4     1             4     0.7
  IWT013  遠野          39.329  141.564     3     3     1             4     0.9
  TKCH05  本別          43.121  143.618     3     3     1             4     0.9
  HKD185  支笏湖畔      42.776  141.402     3     3     2             4     0.8
  HKD111  えりも        42.017  143.149     3     3     2             3     0.9
  AOM020  青森          40.819  140.750     3     3     1             3     1.0
  HKD069  別海          43.394  145.117     3     3     1             3     1.0
  AOM002  福浦          41.328  140.813     3     3     2             3     0.6
  NMRH03  中標津        43.551  144.966     3     3     1             3     0.8
  IWTH04  住田          39.181  141.391     3     3     1             3     0.9
  HKD078  塘路          43.149  144.498     3     2     3             3     0.8
  HKD095  帯広          42.931  143.214     3     3     1             3     1.0
  IWTH17  川井北        39.644  141.598     3     3     1             3    <0.5
  NMRH04  別海東        43.398  145.122     2     3     1             3     0.9
  HKD070  本別海        43.385  145.284     3     2     1             3     0.9
  KSRH03  標茶北        43.385  144.628     3     3     2             3     0.7
  IWT006  山田          39.485  141.975     2     3     1             3     0.6
  AOM023  中里          40.968  140.433     3     3     1             3     1.2
  KSRH06  鶴居東        43.220  144.429     3     3     1             3    <0.5
  HDKH04  門別西        42.513  142.038     3     3     2             3     1.1
  AOM022  東田沢        40.992  140.916     3     3     1             3     0.7
  AOMH03  川内          41.234  140.990     3     2     2             3     0.6
  HKD155  鹿部          42.044  140.806     3     2     2             3     0.8
  IWT003  普代          40.008  141.886     2     2     2             3     0.9
  HDKH01  平取西        42.703  142.230     2     3     0             3     0.6
  HKD160  函館          41.770  140.738     3     3     2             3     0.8
  IKRH03  千歳          42.888  141.640     2     3     1             3     0.7
  IWT023  葛巻          40.037  141.450     2     3     1             3     0.5
  MYG002  歌津          38.726  141.511     3     2     1             3    <0.5
  HKD135  壮瞥          42.553  140.887     2     3     1             3     0.8
  IWTH27  陸前高田      39.031  141.532     2     3     1             3     0.5
  HKD074  納沙布        43.368  145.803     2     2     1             3     0.7
  HKD085  白糠          42.958  144.070     2     2     1             3     1.1
  IWTH22  東和          39.334  141.302     2     2     1             3     0.5
  IWT005  宮古          39.647  141.946     2     1     3             3     0.7
  HKD181  江別          43.116  141.546     2     2     2             3     0.8
  IWT018  盛岡          39.695  141.148     2     2     1             3    <0.5
  AOM028  八甲田        40.700  140.919     2     2     2             3     0.8
  HKD099  新得          43.074  142.839     2     2     1             2     0.8
  AOM001  大間          41.527  140.924     2     2     2             2     0.5
  IWTH10  安代          40.139  140.953     2     2     1             2    <0.5
  MYG001  気仙沼        38.901  141.568     2     1     1             2     0.6
  HKD072  落石          43.195  145.521     2     2     0             2     0.6
  HKD096  中札内        42.697  143.136     2     2     1             2     0.6
  SBSH08  喜茂別        42.768  140.977     1     2     1             2    <0.5
  HKD066  標津          43.662  145.131     2     2     1             2     0.9
  HKD154  森            42.096  140.563     2     2     1             2     0.5
  HKD103  幌毛志        42.727  142.297     2     2     1             2     0.9
  IKRH02  新篠津        43.220  141.652     2     2     1             2     0.9
  IWT014  石鳥谷        39.484  141.147     2     2     1             2     0.8
  KSRH05  鶴居西        43.256  144.234     2     2     1             2    <0.5
  IWTH23  釜石          39.274  141.823     2     2     1             2    <0.5
  HKD180  札幌          43.139  141.351     2     2     1             2     0.5
  IWTH13  葛巻          39.940  141.549     2     2     1             2     0.5
  IWTH15  矢巾          39.615  141.093     2     2     1             2     0.7
  IWT009  大東          39.019  141.403     2     2     1             2    <0.5
  KSRH04  標茶南        43.214  144.680     2     2     1             2    <0.5
  AKT006  鹿角          40.215  140.787     2     2     1             2    <0.5
  TKCH04  新得南        43.174  142.918     2     2     1             2     0.5
  HKD162  福島          41.486  140.247     2     2     1             2     0.5
  IBUH05  白老          42.563  141.350     2     2     1             2    <0.5
  HKD124  由仁          42.999  141.790     2     2     0             2    <0.5
  HKD073  根室          43.333  145.600     2     2     1             2    <0.5
  AOMH09  岩木          40.620  140.350     1     2     1             2     0.6
  HKD094  士幌          43.169  143.241     2     1     1             2    <0.5
  IWTH16  雫石          39.644  140.946     1     2     1             2    <0.5
  AOM025  今別          41.179  140.480     2     1     1             2     0.7
  IWT025  大志田        39.517  140.830     1     2     0             2    <0.5
  TKCH03  足寄西        43.271  143.432     2     1     1             2    <0.5
  MYG003  東和          38.735  141.311     1     2     1             2    <0.5
  AOMH08  鰺ヶ沢        40.762  140.312     1     1     1             2    <0.5
  IWTH20  花巻南        39.343  141.047     1     1     1             2     0.5
  IBUH07  大滝          42.648  141.064     1     1     1             2     0.5
  NMRH01  標津北        43.785  145.025     1     2     0             2    <0.5
  MYGH04  東和          38.786  141.325     1     1     0             2    <0.5
  KKWH08  占冠          43.041  142.656     1     1     0             1     0.5
  AOM026  小泊          41.128  140.311     1     1     1             1     0.7
  IWTH05  藤沢          38.865  141.351     1     1     1             1    <0.5
  HKD076  厚岸          43.051  144.850     1     1     1             1    <0.5
  IWTH26  一関東        38.969  141.001     1     1     1             1    <0.5
  OSMH01  知内          41.598  140.421     1     1     1             1    <0.5
  ABSH12  小清水        43.857  144.457     1     1     0             1    <0.5
  IBUH02  穂別          42.871  142.129     1     1     0             1    <0.5
  MYGH03  唐桑          38.921  141.638     1     1     0             1    <0.5
  TKCH10  新得北        43.334  142.945     1     1     0             1    <0.5
  AKTH17  中仙          39.557  140.612     1     1     0             1    <0.5
  IKRH01  当別          43.409  141.584     1     1     0             1    <0.5
  KSRH01  阿寒北        43.436  144.084     1     1     0             1     0.5
  SRCH08  砂川          43.514  141.909     1     1     0             1    <0.5
  HDKH05  新冠          42.598  142.545     1     1     0             1    <0.5
  TKCH01  陸別          43.468  143.683     1     1     0             1    <0.5
  AKTH19  湯沢          39.191  140.471     1     1     0             1    <0.5
  KSRH08  白糠北        43.160  143.894     1     1     1             1    <0.5
  AKTH07  小坂          40.456  140.839     1     1     1             1    <0.5
  MYGH07  川崎          38.180  140.641     1     1     0             1    <0.5
  ABSH15  置戸東        43.635  143.510     1     1     0             1    <0.5
  SRCH10  夕張          42.993  142.008     1     1     0             1    <0.5
  ABSH13  留辺蘂        43.742  143.451     1     1     0             1    <0.5
  MYGH10  山元          37.941  140.892     1     1     0             1    <0.5
  HYMH02  厚沢部        41.986  140.309     1     1     1             1    <0.5
  KKWH14  中富良野      43.384  142.524     1     1     0             1    <0.5
  AKTH09  田代          40.276  140.460     0     0     0             1    <0.5
  AOMH10  黒石          40.609  140.665     1     0     0             1    <0.5
  SBSH06  蘭越          42.831  140.483     0     0     0             1    <0.5
  ABSH06  湧別北        44.215  143.620     0     0     0             0    <0.5
  SRCH06  深川南        43.695  142.078     0     0     0             0    <0.5
  MYGH08  岩沼          38.113  140.844     0     0     0             0    <0.5