最大加速度リスト

地震発生時刻   2020/02/12-19:37:00.00
震央北緯       37.3°
震央東経       141.4°
震源深さ       87.0km
マグニチュード M5.4

  コード  観測点名      緯度    経度     最大加速度 (ガル) 三成分合成値 計測震度
　　　　　 　　         北緯    東経      N-S   E-W   U-D        (ガル)         
  MYGH10  山元          37.941  140.892    96   108    33           119     3.7
  FKSH18  三春          37.489  140.538   105    67    26           119     3.8
  FKS001  相馬          37.795  140.920    93    75    34           116     3.8
  MYGH13  南三陸        38.699  141.418   109    63    29           110     4.0
  FKSH20  浪江          37.491  140.987    74    68   106           108     3.9
  FKS008  船引          37.436  140.567    98   100    30           106     3.6
  FKS005  原町          37.639  140.985   104    64    29           106     3.5
  MYGH07  川崎          38.180  140.641    91    69    23           103     3.3
  FKS004  飯舘          37.680  140.735    90    95    37           103     3.7
  FKS006  葛尾          37.503  140.759    78    85    25            92     3.9
  FKS010  広野          37.234  141.002    84    81    29            85     3.6
  IBRH16  山方          36.641  140.398    63    79    20            81     3.4
  FKSH19  都路          37.470  140.723    78    43    27            80     3.4
  FKS016  白河          37.123  140.191    65    78    16            79     3.5
  FKSH09  郡山          37.353  140.426    78    73    19            78     2.9
  FKS009  小野          37.278  140.635    73    61    20            77     3.1
  FKS007  大熊          37.406  140.963    60    73    37            76     3.1
  FKS019  二本松        37.603  140.437    62    56    30            76     3.3
  MYG015  岩沼          38.105  140.870    72    41    17            74     3.6
  FKSH12  平田          37.217  140.570    58    66    31            74     3.2
  IBRH06  北茨城2       36.881  140.655    65    43    23            70     3.2
  TCG014  茂木          36.545  140.174    57    45    15            68     3.5
  FKS011  いわき        37.091  140.904    51    63    51            67     3.5
  FKS002  梁川          37.845  140.601    51    64    12            67     3.0
  MYG013  仙台          38.266  140.929    35    60    16            65     3.2
  IBR003  日立          36.592  140.645    55    48    29            63     3.1
  IBRH12  大子          36.837  140.318    62    40    14            63     3.1
  FKSH14  いわき東      37.026  140.970    60    61    17            63     3.6
  IBR005  笠間          36.385  140.237    40    59    19            62     3.1
  FKS013  古殿          37.090  140.556    52    54    20            61     3.6
  MYG002  歌津          38.726  141.511    57    31    13            58     2.5
  FKS014  矢祭          36.886  140.417    30    50    10            58     2.9
  IBR006  水戸          36.367  140.454    52    34    18            57     2.8
  MYG012  塩竈          38.318  141.019    40    56    26            56     3.3
  FKSH11  矢吹          37.201  140.339    53    43    29            56     3.1
  MYG016  白石          38.008  140.621    49    37    18            55     3.2
  FKS012  勿来          36.907  140.793    51    24    20            53     3.2
  IBRH14  十王          36.692  140.548    44    34    23            52     2.4
  MYGH11  河北          38.516  141.342    52    31    16            52     2.8
  FKSH17  川俣          37.664  140.597    37    42    17            52     3.3
  MYG008  北上          38.568  141.427    49    33    10            50     2.6
  IBRH15  御前山        36.557  140.301    49    31    11            50     2.7
  MYG010  石巻          38.429  141.282    42    31    12            48     2.9
  IBR002  高萩          36.706  140.707    32    42    16            47     3.1
  MYG017  角田          37.976  140.782    37    39    12            46     3.4
  IBR004  大宮          36.552  140.410    44    25    11            44     2.8
  IBRH13  高萩          36.795  140.575    38    34    22            43     3.1
  IBR001  大子          36.776  140.357    33    41    17            43     3.3
  FKS031  川内          37.336  140.813    42    35    24            43     2.9
  IBRH11  岩瀬          36.370  140.140    42    27    16            42     3.2
  FKS017  須賀川        37.284  140.369    30    39    16            42     3.1
  MYG011  牡鹿          38.305  141.504    25    37    12            41     2.5
  IBR013  鉾田          36.159  140.489    33    33    25            39     2.8
  MYGH14  利府          38.340  140.955    37    38    17            38     3.2
  FKSH10  西郷          37.162  140.093    25    34    24            37     2.7
  MYGH09  白石          38.009  140.603    29    35    19            36     2.9
  FKS023  会津若松      37.477  139.929    26    29     7            36     3.1
  TCG009  今市          36.726  139.715    24    29    13            35     3.0
  FKS003  福島          37.761  140.480    25    29    14            33     2.7
  MYG003  東和          38.735  141.311    28    31    11            33     2.6
  FKS018  郡山          37.396  140.362    31    29    15            33     3.0
  TCGH16  芳賀          36.548  140.075    30    25     8            32     2.8
  YMTH06  高畠          37.963  140.184    24    28     9            31     3.0
  MYGH04  東和          38.786  141.325    19    23     6            29     1.8
  FKS020  猪苗代        37.547  140.108    26    16     7            29     2.7
  IBR007  那珂湊        36.352  140.595    20    27    11            29     2.5
  IWT009  大東          39.019  141.403    25    28     8            28     1.9
  TCG006  小川          36.764  140.130    26    15     9            26     2.5
  MYGH08  岩沼          38.113  140.844    24    19    12            26     2.5
  IWT012  北上          39.321  141.138    21    13     6            25     2.5
  MYG014  作並          38.318  140.636    23    18    10            24     2.5
  MYG007  豊里          38.588  141.251    21    21    12            23     2.5
  IBR008  下館          36.306  139.983    16    17    10            21     2.2
  MYG009  大和          38.447  140.887    15    16     9            21     2.4
  FKS024  中野          37.396  140.132    20    16    13            21     2.6
  MYG001  気仙沼        38.901  141.568    18    16     8            20     2.4
  MYG004  築館          38.732  141.027    14    20     7            20     2.5
  IBR012  石岡          36.195  140.271    19    17     9            20     2.3
  TCGH12  氏家          36.696  139.984    19    12     8            19     2.1
  IBRH18  ひたちなか    36.363  140.620    15    19    12            19     2.3
  IWT007  釜石          39.270  141.856    18    18     7            19     2.2
  MYG006  古川          38.566  140.977    15    18    13            19     2.6
  IWTH27  陸前高田      39.031  141.532    13    17     9            18     2.0
  IWTH26  一関東        38.969  141.001    16    13     6            18     1.9
  IBR014  土浦          36.073  140.195    16    14     8            18     2.2
  TCG008  鹿沼          36.560  139.768    13    15     7            17     2.3
  FKS015  棚倉          37.022  140.377    12    17     7            17     2.2
  FKSH08  長沼          37.282  140.214    13    16     7            17     1.9
  IWTH04  住田          39.181  141.391    15    14    10            17     2.1
  TCGH14  粟野          36.551  139.615    12    16     5            17     1.8
  IBRH17  霞ヶ浦        36.086  140.314    15    16    10            17     2.1
  IWT026  相去          39.257  141.098    11    13     7            17     2.1
  YMT012  長井          38.107  140.043    16     8     3            16     2.5
  GNM009  桐生          36.411  139.325     9    13     6            16     1.9
  MYG018  伊里前        38.719  141.523    14    11     6            16     1.9
  YMTH07  米沢          37.896  140.028    16    11     5            16     2.5
  TCGH10  大田原        36.858  140.023    13    15     6            16     2.0
  YMT011  上山          38.150  140.267    13    11     4            15     2.4
  IBR017  江戸崎        35.954  140.319    12    14     8            15     1.9
  IWTH28  一関西2       39.009  140.864    15     8     6            15     2.0
  IBR011  つくば        36.125  140.090    14     9     6            15     2.0
  IBR010  下妻          36.184  139.965    13    11     7            15     2.2
  YMT007  東根          38.431  140.391    11    11     5            15     2.3
  IWTH23  釜石          39.274  141.823    11    11     4            15     1.2
  YMT015  米沢          37.904  140.100    13    11     6            14     2.5
  IBR015  岩井          36.069  139.908    10    13     6            14     2.2
  TCG013  真岡          36.437  140.023    12    13     6            14     1.9
  IBR016  取手          35.911  140.049    11    12     7            14     1.9
  IBR018  鹿嶋          35.977  140.632     9    13     6            13     2.0
  MYGH03  唐桑          38.921  141.638     9    13     4            13     1.2
  IBRH10  石下          36.111  139.989    11    11     6            13     2.2
  CHB006  成田          35.780  140.307     6    12     4            12     1.6
  SITH11  飯能          35.864  139.273    11    11     4            11     2.0
  TCG012  小山          36.286  139.805     9     9     4            11     1.9
  IWTH21  山田          39.473  141.934    11    10     4            11     1.7
  IWT010  一関          38.935  141.126     8     8     4            11     1.7
  CHB001  野田          35.959  139.873     7    11     6            11     1.7
  TCG015  芹沼          36.749  139.714    11     9     5            11     1.8
  CHB003  白井          35.794  140.056    10     8     5            11     2.1
  MYG019  鳴子温泉      38.751  140.723     8    10     4            11     1.8
  IWTH02  玉山          39.825  141.383    10     9     2            11     1.8
  CHBH06  匝瑳          35.721  140.505    10     9     4            11     1.9
  FKS022  西会津        37.600  139.647    10     8     4            10     2.2
  TCG005  矢板          36.806  139.926    10     7     3            10     1.7
  GNM011  太田          36.291  139.361     9     8     4            10     1.9
  AKTH04  東成瀬        39.174  140.713     6    10     2            10     1.7
  YMT006  尾花沢        38.600  140.405    10     8     2            10     2.0
  TCG003  藤原          36.814  139.715     8     9     4            10     1.6
  MYGH05  小野田        38.579  140.780    10     8     7            10     1.8
  IBRH19  つくば        36.214  140.089     9     7     4            10     1.4
  CHB007  佐倉          35.723  140.227     9     9     4            10     1.8
  TCG001  黒磯          36.942  140.083     7    10     4            10     1.7
  CHBH13  成田          35.831  140.298     8     9     4            10     1.8
  TCG016  北高岡        36.529  140.156     6     9     3             9     1.5
  IWT013  遠野          39.329  141.564     8     9     2             9     1.7
  YMT013  小国          38.062  139.757     6     9     2             9     1.7
  IWTH22  東和          39.334  141.302     8     9     3             9     1.4
  CHB028  市川北        35.766  139.966     5     9     4             9     1.5
  YMTH03  南陽          38.103  140.155     8     8     2             9     1.6
  TCG011  葛生          36.387  139.614     8     8     5             9     1.6
  SIT007  東松山        36.054  139.391     7     7     3             9     1.3
  CHB004  佐原          35.901  140.490     7     7     4             9     1.5
  GNM010  館林          36.234  139.533     8     6     4             9     1.5
  YMT008  中村          38.386  139.992     5     8     3             9     1.9
  IWT008  大船渡        39.081  141.708     4     8     3             8     1.2
  IWTH20  花巻南        39.343  141.047     8     8     3             8     1.9
  IWT006  山田          39.485  141.975     6     8     3             8     1.4
  YMTH02  山形          38.269  140.258     7     6     4             8     2.0
  IBR009  古河          36.185  139.704     5     6     3             8     1.5
  FKS027  滝原          37.070  139.681     6     8     2             8     0.8
  IWT017  門馬          39.634  141.438     7     7     4             8     1.4
  YMTH14  西川西        38.386  139.992     5     8     3             8     1.9
  SIT004  長瀞          36.118  139.105     7     5     2             8     1.0
  TCGH06  真岡          36.446  139.951     7     6     3             8     1.5
  FKS025  下郷          37.308  139.900     6     6     6             8     1.3
  TCG010  足尾          36.635  139.438     6     7     3             7     1.4
  IWTH19  花巻北        39.456  141.000     6     7     2             7     1.4
  MYG005  鳴子          38.799  140.651     7     7     4             7     1.8
  SITH06  川本          36.113  139.289     7     6     2             7     1.3
  SIT008  春日部        35.983  139.746     7     7     4             7     1.9
  IWT004  田老          39.736  141.967     5     5     4             7     1.5
  KNGH10  横浜          35.499  139.519     5     5     2             7     1.8
  SIT009  川越          35.903  139.483     6     6     3             7     1.4
  TCG007  宇都宮        36.569  139.886     6     6     3             7     1.3
  SITH07  名栗          35.912  139.149     6     4     1             6     0.7
  IWT003  普代          40.008  141.886     5     5     2             6     1.7
  CHB002  松戸          35.787  139.903     6     5     4             6     1.1
  SIT003  久喜          36.072  139.697     5     4     5             6     1.6
  TCG002  塩原          36.990  139.803     3     6     2             6     1.4
  GNMH12  神流          36.144  138.913     6     6     3             6     1.5
  GNM003  沼田          36.658  139.078     6     5     3             6     1.5
  IWT014  石鳥谷        39.484  141.147     5     5     3             6     1.5
  IWT016  川井          39.600  141.679     5     4     2             6     1.1
  IWT021  西根          39.920  141.082     5     4     1             6     1.4
  IWT018  盛岡          39.695  141.148     5     5     2             6     1.4
  IWTH14  田老          39.743  141.909     5     4     1             6     0.6
  IWT020  藪川          39.784  141.329     5     5     3             5     1.9
  MYGH06  田尻          38.591  141.071     5     4     4             5     1.3
  IWTH15  矢巾          39.615  141.093     4     5     2             5     1.2
  FKS029  桧枝岐        37.016  139.380     5     4     1             5     0.5
  IWT011  水沢          39.145  141.152     5     5     2             5     1.5
  CHB012  東金          35.573  140.333     5     5     4             5     1.4
  NIG012  鹿瀬          37.686  139.477     5     3     2             5     1.6
  IBRH20  波崎2         35.828  140.732     5     4     2             5     1.2
  SIT006  秩父          35.995  139.071     4     5     1             5     1.1
  TKY027  瑞江          35.693  139.891     4     5     2             5     1.3
  CHBH04  下総          35.797  140.021     4     5     3             5     1.3
  GNMH14  みどり        36.493  139.322     3     4     2             5     0.8
  YMTH11  最上          38.713  140.554     4     4     3             5     1.4
  IWT005  宮古          39.647  141.946     3     2     5             5     1.2
  YMT010  山形          38.260  140.349     5     4     3             5     1.4
  AKTH06  雄勝          38.980  140.495     4     3     2             5     1.1
  CHB010  八日市場      35.708  140.568     3     4     2             5     1.1
  SIT005  小川          36.056  139.263     4     4     2             5     0.9
  FKS026  南郷          37.266  139.539     3     5     1             5     1.2
  SIT010  大宮          35.907  139.648     3     4     2             5     1.6
  YMTH15  西川東        38.426  140.125     4     4     2             5     1.6
  TCGH09  矢板          36.862  139.836     4     4     3             5     1.0
  YMT009  寒河江        38.390  140.274     4     4     2             4     1.4
  YMT014  下屋地        37.921  139.870     4     4     2             4     1.5
  IWTH03  岩泉          39.802  141.652     3     4     2             4     0.5
  KNG202  平塚ST2       34.740  139.839     3     4     1             4     1.1
  TKYH12  八王子        35.670  139.265     3     3     1             4     1.0
  IWT001  種市          40.410  141.719     3     3     2             4     1.0
  CHB024  稲毛          35.633  140.078     4     4     2             4     1.1
  SITH05  神泉          36.151  139.050     3     3     1             4     0.6
  YMT005  肘折          38.607  140.162     4     3     3             4     1.4
  YMTH05  小国          37.988  139.802     3     3     1             4     1.1
  TKY026  宇喜田        35.670  139.863     4     4     2             4     1.1
  IWTH12  九戸          40.153  141.424     3     3     1             4     1.0
  AKT011  宮田          39.813  140.580     3     4     2             4     1.2
  TKY024  奥戸          35.740  139.862     3     3     3             4     1.2
  SIT002  熊谷          36.148  139.388     3     4     2             4     1.1
  TKY017  辰巳          35.647  139.809     4     2     2             4     1.1
  GNM014  坂本          36.347  138.721     2     3     2             4     0.9
  GNM007  渋川          36.464  139.009     3     3     1             4     1.3
  TKY021  猿江          35.688  139.819     3     4     2             4     1.1
  TKY003  青梅          35.797  139.291     3     3     1             4     1.3
  TKYH13  檜原南        35.702  139.127     2     4     1             4    <0.5
  AOMH16  新郷          40.462  141.092     3     3     1             4     1.2
  KNG201  平塚ST1       34.596  139.918     1     4     0             4     1.0
  YMTH09  戸沢          38.750  140.178     3     3     1             4     1.4
  KNG206  平塚ST6       35.097  139.378     3     3     1             4     1.3
  GNM016  万場          36.116  138.925     3     2     1             4     0.7
  NIGH04  関川          38.131  139.543     3     2     1             4     0.9
  SIT001  本庄          36.243  139.194     3     3     1             4     1.0
  TKY018  八枝          35.655  139.811     3     3     2             3     1.1
  IWTH01  二戸東        40.238  141.342     3     3     1             3     1.1
  FKSH02  熱塩加納      37.732  139.882     3     3     2             3     1.2
  TKY028  越中島        35.669  139.789     2     3     2             3     1.1
  SITH08  小鹿野        36.027  138.969     3     3     1             3     0.8
  TKY023  八広          35.725  139.825     3     3     2             3     1.0
  TKY025  篠崎          35.714  139.897     3     3     2             3     1.0
  IWTH08  久慈北        40.269  141.783     3     2     1             3     0.9
  TCGH08  栗山東        36.883  139.646     3     3     2             3     0.7
  CHB029  行徳          35.695  139.918     3     3     2             3     1.2
  NIGH06  加茂          37.653  139.068     3     2     1             3     1.0
  NIGH02  朝日          38.280  139.549     3     3     2             3     1.3
  GNM002  水上          36.782  138.970     3     2     1             3    <0.5
  GNM001  片品          36.772  139.225     2     2     3             3    <0.5
  GNM006  吾妻          36.510  138.752     3     3     1             3     0.8
  AKTH19  湯沢          39.191  140.471     2     3     1             3     1.1
  TCG004  湯元          36.806  139.420     3     3     2             3     1.0
  AKTH17  中仙          39.557  140.612     2     3     1             3     0.8
  CHB011  蓮沼          35.588  140.497     3     3     1             3     1.0
  IWTH17  川井北        39.644  141.598     2     3     1             3    <0.5
  IWT015  川尻          39.318  140.779     2     3     1             3     0.8
  GNMH07  利根          36.700  139.210     2     3     1             3     0.5
  CHBH19  蓮沼          35.594  140.511     3     3     1             3     1.0
  KNG002  横浜          35.437  139.634     2     3     1             3     1.0
  GNM008  前橋          36.348  139.137     3     2     1             3     1.2
  KNG205  平塚ST5       34.941  139.421     3     3     0             3     0.9
  CHB014  姉崎          35.477  140.049     2     2     1             3     1.1
  AOM012  八戸          40.514  141.481     2     2     1             3     0.6
  TKY013  砂町          35.660  139.834     2     3     2             3     1.1
  CHBH10  千葉          35.546  140.242     2     3     1             3     0.8
  YMTH12  立川          38.636  140.006     2     2     1             3     1.0
  AKTH13  阿仁          39.982  140.407     3     2     1             3    <0.5
  IWT022  安代          40.101  141.052     2     2     1             3     0.7
  NIG007  村上          38.230  139.486     2     2     1             2     0.9
  KNG203  平塚ST3       34.798  139.643     2     2     0             2     0.5
  IWTH09  久慈南        40.086  141.712     2     2     1             2    <0.5
  AKT023  椿台          39.146  140.717     2     2     1             2     0.8
  TKY020  塩浜          35.666  139.809     2     1     1             2     0.8
  YMN002  大月          35.613  138.947     2     1     1             2    <0.5
  GNMH11  富岡          36.286  138.921     2     2     1             2     0.5
  IWTH16  雫石          39.644  140.946     2     2     1             2     0.7
  IWT002  久慈          40.182  141.764     2     2     1             2     0.8
  YMN001  丹波山        35.789  138.920     2     2     1             2    <0.5
  IWTH11  一戸          40.081  141.191     2     2     1             2     0.7
  TKY016  東雲          35.648  139.799     1     1     2             2     0.7
  YMNH11  大月          35.625  138.978     2     2     1             2     0.9
  TKY005  町田          35.580  139.414     2     2     1             2     0.7
  TKY002  桧原          35.730  139.145     2     2     1             2    <0.5
  TKY001  氷川          35.803  139.096     2     2     1             2    <0.5
  FKS021  喜多方        37.654  139.863     2     2     1             2     0.7
  YMTH13  朝日          38.470  139.761     2     2     1             2    <0.5
  KNG204  平塚ST4       34.893  139.571     1     2     1             2    <0.5
  AKT012  田沢湖        39.699  140.718     2     2     1             2     0.7
  YMT002  新庄          38.768  140.296     2     2     1             2     0.9
  YMT017  新庄支所      38.791  140.313     2     2     1             2     0.8
  YMTH08  八幡          38.970  140.033     1     1     2             2    <0.5
  GNMH13  水上2         36.862  139.063     2     1     1             2    <0.5
  AOMH17  名川          40.449  141.337     2     1     1             2    <0.5
  IWT023  葛巻          40.037  141.450     2     2     1             2    <0.5
  KNG010  平塚          35.334  139.345     2     1     1             2     0.6
  IWTH07  軽米          40.270  141.571     2     1     1             2    <0.5
  AKTH01  西木北        39.815  140.579     1     2     1             2     0.7
  YMN004  塩山          35.702  138.727     2     1     1             2    <0.5
  NIG011  新津          37.801  139.144     2     1     1             2     0.8
  FKS030  金山          37.453  139.513     2     1     1             2     0.5
  FKS028  只見          37.304  139.362     2     1     1             2     0.6
  AKT014  角館          39.595  140.555     1     1     0             2    <0.5
  NIG006  寒川          38.450  139.496     1     1     1             2     0.6
  KNG004  三崎          35.144  139.622     1     1     1             2    <0.5
  CHB017  市場          35.299  140.076     1     1     1             2     0.7
  GNMH08  嬬恋          36.492  138.524     1     1     1             2     0.6
  NIGH03  荒川          38.133  139.429     1     1     1             2     0.5
  KNGH11  厚木          35.404  139.354     1     1     0             2     0.8
  CHB018  勝浦          35.158  140.322     1     1     1             2    <0.5
  AOMH05  野辺地        40.856  141.103     1     2     1             2    <0.5
  SIT014  中津川        35.995  138.801     2     1     1             2    <0.5
  AKTH16  西仙北        39.545  140.348     1     1     1             2     0.5
  AKTH14  鹿角          40.062  140.808     1     1     0             1    <0.5
  AOMH13  八戸          40.579  141.445     1     1     1             1     0.7
  SITH04  所沢          35.803  139.535     1     1     1             1    <0.5
  AOM014  子ノ口        40.437  140.941     1     1     1             1     0.6
  YMN009  六郷          35.496  138.463     1     1     1             1     0.6
  AOMH12  十和田湖東    40.585  141.155     1     1     1             1    <0.5
  NIGH05  聖籠          37.976  139.279     1     1     1             1     0.7
  AKTH02  西木南        39.663  140.572     1     1     1             1    <0.5
  AOMH11  十和田湖西    40.580  140.995     1     1     0             1    <0.5
  IWTH13  葛巻          39.940  141.549     1     1     1             1    <0.5
  KNGH20  松田          35.366  139.126     1     1     1             1    <0.5
  NMRH04  別海東        43.398  145.122     1     1     0             1    <0.5
  NMRH03  中標津        43.551  144.966     1     1     0             1    <0.5
  SZOH42  修善寺        34.976  138.913     1     1     0             1    <0.5
  NGNH19  川上          35.974  138.584     1     1     0             1    <0.5
  YMNH15  上九一色      35.532  138.605     1     1     0             1    <0.5
  TCGH17  藤原2         36.985  139.692     1     1     1             1    <0.5
  KSRH09  白糠南        42.986  143.984     1     1     0             1    <0.5
  IWTH10  安代          40.139  140.953     1     1     0             1    <0.5
  KSRH04  標茶南        43.214  144.680     1     0     1             1    <0.5
  KSRH07  鶴居南        43.136  144.327     1     1     1             1    <0.5
  NIGH07  村松          37.666  139.261     1     1     0             1    <0.5
  CHBH11  養老          35.287  140.153     1     1     0             1    <0.5
  KSRH06  鶴居東        43.220  144.429     1     1     0             1    <0.5
  KNGH23  葉山          35.262  139.611     1     1     0             1    <0.5
  GNMH09  高山          36.621  138.907     1     1     0             1    <0.5
  KSRH08  白糠北        43.160  143.894     1     0     0             1    <0.5
  NIGH19  湯沢          36.811  138.785     1     1     0             1    <0.5
  NIGH11  川西          37.173  138.744     0     0     1             1    <0.5
  YMNH16  甲府2         35.742  138.565     0     1     0             1    <0.5
  NIGH14  塩沢          37.030  138.852     0     0     0             0    <0.5
  CHBH20  鴨川南        35.088  140.100     0     0     0             0    <0.5
  AKTH07  小坂          40.456  140.839     0     0     0             0    <0.5
  AKTH09  田代          40.276  140.460     0     0     0             0    <0.5
  NMRH01  標津北        43.785  145.025     0     0     0             0    <0.5
  AOMH03  川内          41.234  140.990     0     0     0             0    <0.5
  AOMH07  深浦          40.745  140.023     0     0     0             0    <0.5