最大加速度リスト

地震発生時刻   2018/04/09-01:43:00.00
震央北緯       35.2°
震央東経       132.6°
震源深さ       10.0km
マグニチュード M4.5

  コード  観測点名      緯度    経度     最大加速度 (ガル) 三成分合成値 計測震度
　　　　　 　　         北緯    東経      N-S   E-W   U-D        (ガル)         
  SMN006  大田          35.194  132.498    72   177    44           181     3.5
  SMN007  邑智          35.081  132.591   136    91    69           156     3.8
  SMNH04  邑智          35.092  132.531   124    66    61           127     3.5
  SMNH03  佐田          35.224  132.722    33    39    13            42     3.0
  SMN016  掛合          35.196  132.815    34    17    16            36     2.1
  SMN009  江津          35.011  132.223    18    18    13            22     2.1
  HRS001  高野          35.034  132.902    17    14     9            22     1.7
  HRSH10  芸北          34.747  132.379    16    15     9            22     2.2
  SMN005  出雲          35.361  132.745    11    20     7            21     2.2
  SMNH16  加茂          35.342  132.899    15    16     8            18     2.6
  TTR009  日南          35.171  133.311    13    12     3            16     1.4
  SMN004  木次          35.288  132.900    12    11     9            15     2.1
  HRS021  西城          34.953  133.117    12    10    13            14     1.2
  SMNH05  羽須美        34.870  132.640    13    13     4            13     1.3
  HRSH03  御調          34.518  133.137     9    10     6            13     1.4
  HRS004  芸北          34.726  132.277     7    11     2            12     0.9
  SMN008  瑞穂          34.852  132.531    11     6     6            11     1.1
  SMN003  横田          35.179  133.093     8    11     4            11     0.5
  HRS008  向原          34.603  132.720     6     9     6            10     1.4
  HRS009  湯来          34.493  132.279     9     6     2            10     1.2
  HRS005  油木          34.777  133.281     8     5     5             9     1.3
  SMNH02  仁多          35.224  133.086     7     7     3             8     1.1
  HRS002  東城          34.895  133.275     6     6     3             7    <0.5
  YMG016  岩国          34.170  132.177     2     6     2             7     1.4
  SMNH06  金城          34.884  132.203     4     5     2             6     1.2
  OKY001  湯原          35.170  133.731     6     6     2             6     1.4
  TTR008  米子          35.426  133.330     5     5     2             6     1.5
  HRSH16  吉田          34.663  132.669     5     4     4             6     0.5
  HRS013  広島          34.377  132.451     3     5     4             6     0.7
  HRSH18  東広島        34.457  132.792     5     4     3             6    <0.5
  OKY005  落合          35.010  133.732     5     4     2             6     1.2
  HRS003  三次          34.814  132.842     4     4     3             5     1.0
  OKYH08  哲多          34.910  133.405     5     3     2             5    <0.5
  HRSH01  三原          34.374  133.024     5     3     4             5     0.6
  HRS019  呉            34.253  132.562     5     4     2             5     0.8
  TTR007  江府          35.283  133.488     5     3     2             5     0.9
  HRS006  豊平          34.666  132.408     5     5     2             5    <0.5
  YMG001  須佐          34.617  131.602     5     3     1             5     1.3
  SMNH11  平田          35.426  132.801     4     5     2             5     0.8
  OKYH09  湯原          35.181  133.677     4     5     1             5     0.6
  HRSH11  神石          34.822  133.167     3     4     3             4    <0.5
  TTRH02  日野          35.231  133.391     4     4     3             4     0.8
  EHMH10  宮窪          34.192  133.058     3     3     2             4     0.7
  YMGH03  岩国          34.189  132.126     1     4     1             4    <0.5
  HRSH17  戸河内        34.572  132.233     3     3     1             4    <0.5
  HRS012  東広島        34.428  132.742     2     3     1             3     0.8
  OKY004  新見          34.958  133.502     3     3     1             3    <0.5
  SMN002  松江          35.471  133.068     3     3     1             3     1.2
  HRS010  世羅          34.587  133.049     3     3     1             3    <0.5
  HRS014  大野          34.287  132.277     2     3     2             3     0.8
  OKY013  笠岡          34.510  133.510     2     3     1             3    <0.5
  OKY007  高梁          34.781  133.612     3     2     2             3    <0.5
  SMN001  美保関        35.537  133.161     3     3     1             3     0.7
  HRS020  因島          34.294  133.178     2     3     1             3     0.5
  SMNH07  美都          34.694  132.040     2     2     1             3     0.8
  HRSH02  大和          34.548  132.948     2     3     2             3    <0.5
  OKY009  吉井          34.918  134.092     2     3     1             3    <0.5
  KGWH02  三野          34.198  133.708     2     3     1             3     0.8
  SMNH09  匹見          34.572  132.012     2     3     1             3    <0.5
  HRS017  三原          34.404  133.083     2     3     1             3    <0.5
  YMG013  防府          34.031  131.535     2     2     1             3     0.7
  HRSH07  呉            34.288  132.641     3     3     2             3     0.6
  OKY006  津山          35.068  134.005     1     3     1             3    <0.5
  OKYH03  岡山          34.778  133.789     2     2     2             3    <0.5
  YMGH10  むつみ        34.484  131.633     2     2     0             3    <0.5
  EHM004  今治          34.062  132.998     2     2     1             2    <0.5
  OKY008  建部          34.870  133.904     2     2     1             2    <0.5
  SMN015  広瀬          35.364  133.170     2     2     1             2    <0.5
  OKY015  上斎原        35.279  133.926     2     2     1             2    <0.5
  OKY010  備前          34.745  134.188     2     1     1             2    <0.5
  TTRH03  溝口          35.355  133.492     2     2     1             2     1.0
  TTR006  赤碕          35.511  133.630     2     2     1             2    <0.5
  SMN014  津和野        34.467  131.775     1     2     1             2    <0.5
  SMN012  六日市        34.353  131.935     1     1     1             2    <0.5
  KGW004  高松          34.347  134.037     2     1     1             2     0.5
  HRSH04  沼隈          34.379  133.349     1     2     1             2    <0.5
  YMG017  柳井          33.965  132.101     1     2     0             2     0.6
  OKYH05  建部          34.868  133.853     1     1     1             2    <0.5
  KGW005  観音寺        34.114  133.635     1     2     1             2     0.5
  TTR003  用瀬          35.343  134.208     2     2     1             2    <0.5
  KGW008  琴南          34.164  133.924     2     1     0             2    <0.5
  OKY003  西粟倉        35.174  134.339     1     2     0             2    <0.5
  KGW002  内海          34.473  134.314     1     1     0             1    <0.5
  OKYH07  神郷          35.049  133.317     1     1     1             1    <0.5
  HRSH15  倉橋          34.116  132.505     1     1     1             1    <0.5
  SMNH10  美保関        35.558  133.300     1     1     0             1    <0.5
  HYGH12  新宮          34.931  134.542     0     1     0             1    <0.5
  HYGH02  南光          35.067  134.423     0     0     0             1    <0.5