最大加速度リスト

地震発生時刻   2019/01/14-13:23:00.00
震央北緯       36.2°
震央東経       139.8°
震源深さ       53.0km
マグニチュード M4.9

  コード  観測点名      緯度    経度     最大加速度 (ガル) 三成分合成値 計測震度
　　　　　 　　         北緯    東経      N-S   E-W   U-D        (ガル)         
  IBRH17  霞ヶ浦        36.086  140.314    54    61   211           212     3.0
  TCGH06  真岡          36.446  139.951   157    59    20           157     3.4
  IBR009  古河          36.185  139.704    48   153   108           153     3.5
  TCG012  小山          36.286  139.805    84   130    43           131     3.8
  IBR008  下館          36.306  139.983   123   107    63           129     3.5
  IBRH16  山方          36.641  140.398   100    95    21           126     3.4
  IBR005  笠間          36.385  140.237   111    58    56           115     3.5
  IBR013  鉾田          36.159  140.489   107    69    79           109     3.6
  IBR015  岩井          36.069  139.908    84    89    53           104     3.2
  IBR004  大宮          36.552  140.410   100    54    26           102     3.1
  TCGH11  今市          36.708  139.769    66    97    26           101     3.6
  TCG009  今市          36.726  139.715    60    89    27           101     3.7
  TCG014  茂木          36.545  140.174    84    53    20            97     3.7
  GNM009  桐生          36.411  139.325    61    90    19            90     2.9
  IBR006  水戸          36.367  140.454    64    83    42            86     3.2
  IBRH11  岩瀬          36.370  140.140    81    76    41            86     3.4
  GNM010  館林          36.234  139.533    64    81    26            84     3.4
  TCGH12  氏家          36.696  139.984    78    77    35            82     3.3
  CHB001  野田          35.959  139.873    57    68    36            79     3.1
  TCG007  宇都宮        36.569  139.886    27    77    22            78     2.7
  TCG005  矢板          36.806  139.926    46    70    13            72     3.3
  TCGH16  芳賀          36.548  140.075    66    51    28            68     3.5
  IBRH18  ひたちなか    36.363  140.620    42    56    32            66     3.1
  TCGH13  馬頭          36.734  140.178    59    52    25            66     3.2
  TCG008  鹿沼          36.560  139.768    58    48    25            62     3.4
  IBRH15  御前山        36.557  140.301    38    56    20            58     2.8
  SITH11  飯能          35.864  139.273    27    54    14            55     3.3
  CHB002  松戸          35.787  139.903    54    49    24            54     2.9
  SIT004  長瀞          36.118  139.105    26    54    10            54     2.5
  TCGH14  粟野          36.551  139.615    49    49    20            53     2.8
  IBRH10  石下          36.111  139.989    28    25    53            53     2.7
  GNM011  太田          36.291  139.361    45    52    12            52     3.1
  CHB003  白井          35.794  140.056    51    28    22            52     2.9
  IBR016  取手          35.911  140.049    42    39    40            51     2.8
  TCG011  葛生          36.387  139.614    44    38    37            51     2.6
  IBR001  大子          36.776  140.357    49    45    11            49     3.3
  IBR017  江戸崎        35.954  140.319    43    40    30            49     2.7
  SIT003  久喜          36.072  139.697    32    43    41            48     3.0
  SIT007  東松山        36.054  139.391    32    37    12            45     2.7
  IBRH12  大子          36.837  140.318    32    41    13            44     3.0
  IBR014  土浦          36.073  140.195    33    38    39            43     2.7
  TCG003  藤原          36.814  139.715    25    38    11            42     2.7
  IBR012  石岡          36.195  140.271    36    34    28            42     2.5
  FKSH12  平田          37.217  140.570    29    35     7            40     3.0
  TCG013  真岡          36.437  140.023    32    37    20            39     2.8
  IBRH13  高萩          36.795  140.575    31    30    10            36     3.0
  IBRH07  江戸崎        35.952  140.330    16    11    34            35     2.3
  SIT011  川口          35.810  139.721    26    27     7            33     2.5
  IBR003  日立          36.592  140.645    31    30    17            33     2.4
  SITH06  川本          36.113  139.289    26    29    12            32     2.4
  TCGH09  矢板          36.862  139.836    20    28    11            30     2.5
  TCG010  足尾          36.635  139.438    27    25    13            30     2.1
  SITH01  岩槻          35.929  139.735    15    29    15            30     2.3
  FKSH10  西郷          37.162  140.093    29    25    13            30     2.6
  IBRH06  北茨城2       36.881  140.655    25    28     6            30     2.7
  IBR011  つくば        36.125  140.090    19    21    30            30     2.2
  CHB007  佐倉          35.723  140.227    20    26    15            30     2.5
  CHBH13  成田          35.831  140.298    22    27    14            29     2.5
  SIT008  春日部        35.983  139.746    25    24    22            29     2.6
  IBR007  那珂湊        36.352  140.595    20    27    12            28     2.5
  TCG006  小川          36.764  140.130    27    20    11            28     2.7
  IBR010  下妻          36.184  139.965    24    22    13            26     2.5
  TKY021  猿江          35.688  139.819    17    21     7            25     2.3
  SITH05  神泉          36.151  139.050    17    25     3            25     1.8
  GNM003  沼田          36.658  139.078    23    13     9            25     1.9
  SIT005  小川          36.056  139.263    15    25     6            25     1.8
  SIT006  秩父          35.995  139.071    23    16     5            24     2.0
  TKY027  瑞江          35.693  139.891    17    24    15            24     2.3
  TCG015  芹沼          36.749  139.714    23    20    15            24     2.5
  TCGH10  大田原        36.858  140.023    22    18    11            24     2.4
  SIT009  川越          35.903  139.483    23    13    15            23     2.1
  KNG206  平塚ST6       35.097  139.378    15    19     2            23     2.3
  CHB028  市川北        35.766  139.966    16    21    23            23     2.3
  CHB006  成田          35.780  140.307    20    21    18            23     2.2
  TCG016  北高岡        36.529  140.156    18    17     6            22     1.8
  SITH10  都幾川        35.996  139.219    15    21    10            21     2.0
  GNM012  伊勢崎        36.315  139.192    19    15    13            21     2.2
  FKSH05  下郷          37.254  139.873    20    17     3            21     2.6
  GNMH12  神流          36.144  138.913    16    15    12            19     2.3
  IBR018  鹿嶋          35.977  140.632    13    18    19            19     2.1
  GNM001  片品          36.772  139.225    15    13    12            19     1.8
  FKS016  白河          37.123  140.191    17    15     7            17     2.2
  FKS013  古殿          37.090  140.556    17    13     5            17     2.5
  KNG203  平塚ST3       34.798  139.643     7    16     1            17     1.8
  TKY025  篠崎          35.714  139.897    12    16     6            17     2.0
  GNMH14  みどり        36.493  139.322    14    12    10            17     1.5
  IBRH19  つくば        36.214  140.089    14    11    10            16     1.4
  CHB004  佐原          35.901  140.490    15    12    13            16     2.0
  GNMH13  水上2         36.862  139.063    14    10     3            16     1.9
  TKY014  亀戸          35.689  139.835    15    13     5            16     1.8
  GNMH05  伊勢崎        36.314  139.185    13    15     5            16     1.9
  IBR002  高萩          36.706  140.707    13    14     6            16     2.1
  TCG004  湯元          36.806  139.420    13    13     8            16     2.3
  KNGH10  横浜          35.499  139.519    11    15     8            16     2.5
  FKS006  葛尾          37.503  140.759    15    11     3            16     2.2
  SIT002  熊谷          36.148  139.388    10    11     7            15     2.2
  FKSH11  矢吹          37.201  140.339    15    12     5            15     2.1
  TKY007  新宿          35.711  139.686    10    14     9            15     1.9
  FKS008  船引          37.436  140.567    10    13     3            14     2.4
  TKY026  宇喜田        35.670  139.863    10    14     6            14     1.8
  SITH07  名栗          35.912  139.149    11    10     3            14     1.3
  TCG001  黒磯          36.942  140.083     9    12     6            14     2.0
  TKY013  砂町          35.660  139.834    13    10     6            14     2.0
  KNG201  平塚ST1       34.596  139.918    13     9     1            13     2.2
  SIT010  大宮          35.907  139.648    10     9     9            13     2.2
  FKSH08  長沼          37.282  140.214     9    13     3            13     2.0
  CHBH04  下総          35.797  140.021    12    11    12            13     1.8
  CHBH06  匝瑳          35.721  140.505    11     9     9            13     2.0
  FKS017  須賀川        37.284  140.369    13     9     6            13     2.3
  FKS024  中野          37.396  140.132    10    12     5            13     2.3
  FKS014  矢祭          36.886  140.417    10    12     4            13     1.8
  GNMH07  利根          36.700  139.210    11    10     4            13     1.3
  KNG205  平塚ST5       34.941  139.421     9    12     2            13     2.1
  TKYH13  檜原南        35.702  139.127     7    12     6            13     1.5
  GNM016  万場          36.116  138.925    12     8     4            12     1.7
  TCGH08  栗山東        36.883  139.646    10    10     5            12     1.9
  KNG008  相模原        35.575  139.327    10    11     6            12     1.9
  TKY024  奥戸          35.740  139.862    11     9     7            12     1.9
  CHB022  富津          35.308  139.860     8    12     4            12     1.9
  TKY003  青梅          35.797  139.291    11     8     4            12     1.8
  GNM002  水上          36.782  138.970     9     7     3            11     1.3
  SIT012  飯能          35.840  139.321     8     7     5            11     1.3
  FKS029  桧枝岐        37.016  139.380     7     9     2            11     1.1
  KNG004  三崎          35.144  139.622    10     5     4            11     1.9
  CHB029  行徳          35.695  139.918    11     8    10            11     1.8
  IBRH14  十王          36.692  140.548     8     8     5            10     1.3
  TKY015  東白鬚        35.731  139.812     9    10     6            10     1.7
  SZO001  熱海          35.142  139.079     7     9     2            10     1.0
  CHB009  千葉          35.608  140.102     9     7     7            10     1.7
  FKSH18  三春          37.489  140.538     9     9     3            10     2.0
  TKY018  八枝          35.655  139.811     9     5     5            10     1.8
  TKY008  岡田          34.785  139.391     8     7     5            10     1.4
  FKS027  滝原          37.070  139.681     8     9     2            10     1.2
  SZO003  東伊豆        34.816  139.055     9     7     4            10     1.7
  TKY023  八広          35.725  139.825     9     7     4            10     1.8
  SIT014  中津川        35.995  138.801     8     5     2            10     1.2
  TKY017  辰巳          35.647  139.809     8     8     6            10     1.9
  FKSH14  いわき東      37.026  140.970     8     8     4             9     1.9
  TCGH17  藤原2         36.985  139.692     3     9     3             9     1.4
  TKY002  桧原          35.730  139.145     8     7     2             9     1.0
  KNG204  平塚ST4       34.893  139.571     7     9     2             9     1.5
  KNG202  平塚ST2       34.740  139.839     6     9     3             9     1.6
  FKS012  勿来          36.907  140.793     8     9     3             9     1.9
  TKY005  町田          35.580  139.414     5     9     3             9     1.6
  CHB012  東金          35.573  140.333     8     7     6             9     1.7
  GNM006  吾妻          36.510  138.752     6     6     8             9     1.3
  GNM008  前橋          36.348  139.137     5     8     4             9     1.6
  CHB008  浦安          35.654  139.902     7     8     5             9     1.8
  FKSH19  都路          37.470  140.723     7     5     3             9     1.7
  CHB010  八日市場      35.708  140.568     8     8     5             9     1.5
  SITH08  小鹿野        36.027  138.969     7     7     2             8     1.5
  KNG001  川崎          35.529  139.706     8     7     5             8     1.9
  CHB014  姉崎          35.477  140.049     6     6     6             8     1.8
  CHB011  蓮沼          35.588  140.497     6     6     3             8     1.4
  FKS018  郡山          37.396  140.362     7     7     4             8     1.7
  TKY004  八王子        35.628  139.403     6     8     3             8     1.6
  CHBH19  蓮沼          35.594  140.511     7     7     2             8     1.3
  CHB024  稲毛          35.633  140.078     7     8     5             8     1.6
  FKS015  棚倉          37.022  140.377     7     5     3             8     1.7
  TKY022  横網          35.687  139.796     8     6     5             8     1.8
  TKYH12  八王子        35.670  139.265     7     5     4             8     1.6
  FKS010  広野          37.234  141.002     6     7     3             8     1.8
  YMN001  丹波山        35.789  138.920     7     4     2             7     0.6
  CHB015  木更津        35.374  139.916     5     6     7             7     1.8
  FKS009  小野          37.278  140.635     5     6     2             7     1.3
  FKSH20  浪江          37.491  140.987     5     5     2             7     1.8
  GNM007  渋川          36.464  139.009     6     4     3             7     1.2
  TKY006  小金井        35.699  139.503     6     6     5             7     1.5
  TCG002  塩原          36.990  139.803     4     6     3             6     1.4
  CHB021  白浜          34.908  139.898     6     3     2             6     0.9
  SIT001  本庄          36.243  139.194     6     3     2             6     1.3
  TKY028  越中島        35.669  139.789     4     5     5             6     1.6
  FKS025  下郷          37.308  139.900     3     5     4             6     1.2
  FKS011  いわき        37.091  140.904     5     4     2             6     1.3
  YMN002  大月          35.613  138.947     4     5     2             6     1.2
  SITH04  所沢          35.803  139.535     4     5     3             6     0.9
  SIT013  所沢          35.797  139.466     4     5     4             5     1.2
  KNG009  厚木          35.442  139.362     5     5     3             5     1.5
  FKS019  二本松        37.603  140.437     5     4     2             5     1.3
  YMNH11  大月          35.625  138.978     4     5     2             5     1.4
  TKY009  波浮港        34.687  139.441     4     5     2             5     0.9
  FKSH06  伊南          37.172  139.520     3     5     1             5     0.9
  MYG015  岩沼          38.105  140.870     4     5     1             5     1.5
  GNMH11  富岡          36.286  138.921     5     4     2             5     0.8
  SZO002  伊東          34.965  139.103     4     5     3             5     1.2
  FKSH09  郡山          37.353  140.426     5     5     2             5     0.9
  FKS007  大熊          37.406  140.963     4     5     2             5     1.3
  KNG006  二俣川        35.454  139.539     4     5     2             5     1.4
  FKSH17  川俣          37.664  140.597     4     4     1             5     1.4
  KNG002  横浜          35.437  139.634     5     4     3             5     1.6
  FKS023  会津若松      37.477  139.929     4     5     1             5     1.6
  FKS031  川内          37.336  140.813     4     3     2             5     1.3
  GNM015  下仁田        36.229  138.758     4     4     1             5     0.7
  KNGH18  藤野          35.644  139.128     4     4     2             5     1.1
  KNGH11  厚木          35.404  139.354     5     3     2             5     1.5
  KNG003  横須賀        35.273  139.658     4     4     2             4     0.9
  SZO011  富士宮        35.213  138.602     3     4     1             4     0.8
  YMN004  塩山          35.702  138.727     3     4     2             4     1.0
  TKY016  東雲          35.648  139.799     3     3     4             4     1.3
  TKY020  塩浜          35.666  139.809     4     3     3             4     1.3
  FKS001  相馬          37.795  140.920     3     4     1             4     1.2
  CHB017  市場          35.299  140.076     3     4     3             4     1.3
  FKS004  飯舘          37.680  140.735     3     4     2             4     0.8
  GNM014  坂本          36.347  138.721     4     4     3             4     0.9
  KNG014  山北          35.361  139.083     4     3     2             4     0.9
  KNG005  鎌倉          35.319  139.546     4     3     2             4     0.6
  CHB013  茂原          35.433  140.291     3     4     2             4     1.2
  KNGH20  松田          35.366  139.126     3     3     3             4     0.9
  CHB019  鋸南          35.111  139.835     4     4     2             4     1.3
  GNM004  草津          36.617  138.592     2     3     2             4     0.6
  YMNH08  西野原        35.690  138.734     3     2     1             3     0.7
  YMNH14  都留南        35.511  138.968     2     3     2             3     0.5
  KNG011  藤野          35.615  139.155     3     2     1             3     0.5
  CHB025  千倉          34.971  139.946     3     2     2             3     0.6
  SZOH42  修善寺        34.976  138.913     3     3     1             3     0.9
  CHB018  勝浦          35.158  140.322     2     2     1             3    <0.5
  NGN014  小海          36.096  138.484     2     2     1             3    <0.5
  KNG012  秦野          35.379  139.205     2     2     2             3     0.7
  SZO028  川奈          34.952  139.138     2     3     1             3     0.6
  FKS003  福島          37.761  140.480     3     2     1             3     1.0
  YMN003  富士吉田      35.465  138.813     2     2     2             3     0.7
  CHB026  長南          35.387  140.237     3     2     2             3     0.8
  CHBH11  養老          35.287  140.153     3     1     1             3     0.5
  FKS026  南郷          37.266  139.539     2     2     1             3     0.7
  YMN009  六郷          35.496  138.463     3     2     1             3     1.1
  SZOH35  伊東中        34.947  139.085     2     2     2             3     1.0
  FKS005  原町          37.639  140.985     3     2     1             3     0.7
  YMN005  甲府          35.655  138.568     2     2     1             3     0.8
  FKS002  梁川          37.845  140.601     2     2     1             2     0.7
  MYGH10  山元          37.941  140.892     2     2     1             2     0.6
  NIGH19  湯沢          36.811  138.785     2     2     2             2    <0.5
  SZO005  松崎          34.755  138.784     2     2     1             2     0.7
  SZO007  修善寺        34.977  138.947     2     2     1             2    <0.5
  GNMH09  高山          36.621  138.907     2     2     1             2    <0.5
  CHB016  岬            35.300  140.387     2     2     1             2     0.9
  KNG010  平塚          35.336  139.350     2     2     1             2     0.9
  NGNH19  川上          35.974  138.584     2     1     1             2    <0.5
  SZOH39  西伊豆西      34.799  138.772     1     2     1             2    <0.5
  MYGH07  川崎          38.180  140.641     2     2     1             2     0.5
  NIG022  塩沢          37.036  138.846     2     2     1             2     0.8
  KNGH23  葉山          35.262  139.611     2     1     1             2    <0.5
  KNGH21  清川          35.463  139.215     2     2     2             2    <0.5
  GNM005  嬬恋          36.513  138.518     2     2     1             2    <0.5
  FKS022  西会津        37.600  139.647     1     2     1             2     0.7
  NGNH17  佐久          36.142  138.550     2     2     1             2    <0.5
  TKY010  新島          34.378  139.257     2     1     1             2    <0.5
  FKS028  只見          37.304  139.362     1     2     1             2    <0.5
  CHB020  鴨川          35.115  140.102     2     2     1             2     0.8
  YMNH15  上九一色      35.532  138.605     2     2     1             2    <0.5
  MYGH14  利府          38.340  140.955     2     1     1             2     0.6
  KNGH19  山北中        35.417  139.044     1     1     1             2    <0.5
  SZOH38  函南          35.085  138.978     1     2     1             2    <0.5
  SZOH34  清水北        35.130  138.424     2     1     1             2    <0.5
  SZOH54  初島2         35.042  139.168     2     1     1             2    <0.5
  NIGH15  六日          37.053  138.995     1     2     1             2    <0.5
  NGN016  富士見        35.913  138.223     1     1     1             2     0.5
  CHBH17  勝浦東        35.171  140.340     1     1     1             2    <0.5
  SZO027  西伊豆        34.790  138.801     1     2     0             2    <0.5
  YMTH02  山形          38.269  140.258     1     1     1             2    <0.5
  MYG016  白石          38.008  140.621     1     1     1             1     0.5
  GNMH08  嬬恋          36.492  138.524     1     1     1             1    <0.5
  YMN006  本栖          35.468  138.607     1     1     1             1    <0.5
  YMT011  上山          38.150  140.267     1     1     0             1    <0.5
  MYG010  石巻          38.429  141.282     1     1     1             1     0.6
  YMNH16  甲府2         35.742  138.565     1     1     1             1    <0.5
  YMNH10  早川北        35.535  138.309     1     1     0             1    <0.5
  MYGH09  白石          38.009  140.603     1     1     1             1    <0.5
  YMNH12  増穂          35.562  138.449     1     1     1             1    <0.5
  MYGH08  岩沼          38.113  140.844     1     1     1             1    <0.5
  NGNH23  南木曽        35.606  137.611     1     1     0             1    <0.5
  NGNH24  松川          35.615  137.880     1     1     1             1    <0.5
  YMTH07  米沢          37.896  140.028     1     1     0             1    <0.5
  YMTH04  上山          38.081  140.298     1     1     0             1    <0.5
  NIGH08  津川          37.671  139.465     1     1     0             1    <0.5
  NIGH11  川西          37.173  138.744     1     0     1             1    <0.5
  YMTH14  西川西        38.386  139.992     1     1     0             1    <0.5
  NGNH32  松本          36.258  137.990     0     0     0             1    <0.5
  MYGH06  田尻          38.591  141.071     0     0     0             0    <0.5
  IWTH20  花巻南        39.343  141.047     0     0     0             0    <0.5
  CHBH20  鴨川南        35.088  140.100     0     0     0             0    <0.5
  YMTH12  立川          38.636  140.006     0     0     0             0    <0.5
  IWTH24  金ヶ崎        39.198  141.012     0     0     0             0    <0.5
  YMTH05  小国          37.988  139.802     0     0     0             0    <0.5