最大加速度リスト

地震発生時刻   2019/12/19-15:21:00.00
震央北緯       40.5°
震央東経       142.2°
震源深さ       50.0km
マグニチュード M5.5

  コード  観測点名      緯度    経度     最大加速度 (ガル) 三成分合成値 計測震度
　　　　　 　　         北緯    東経      N-S   E-W   U-D        (ガル)         
  AOM011  三沢          40.680  141.367   166   208    64           251     4.4
  AOMH05  野辺地        40.856  141.103   129   192    29           193     4.3
  IWTH01  二戸東        40.238  141.342    97   174    36           179     4.4
  IWT001  種市          40.410  141.719   161   110    72           163     4.1
  AOMH17  名川          40.449  141.337   151   107    42           154     4.1
  AOM013  南部          40.412  141.280    56   138    18           140     3.7
  AOMH16  新郷          40.462  141.092   110    87    31           115     3.8
  IWTH12  九戸          40.153  141.424    63   104    24           105     3.8
  AOM012  八戸          40.514  141.481    79    58    54            90     3.5
  IWTH02  玉山          39.825  141.383    69    67    14            86     3.5
  IWTH08  久慈北        40.269  141.783    81    52    24            81     3.6
  AOMH18  田子          40.296  141.014    77    69    18            80     3.2
  AKTH14  鹿角          40.062  140.808    60    71    11            80     3.6
  AOM010  野辺地        40.872  141.142    63    60    22            71     3.3
  AOMH12  十和田湖東    40.585  141.155    56    39    23            60     3.0
  AOM007  南通          41.169  141.385    34    52    12            53     2.9
  IWT024  二戸          40.261  141.291    45    52    15            52     3.1
  AOM014  子ノ口        40.437  140.941    31    47    23            51     3.1
  AOMH11  十和田湖西    40.580  140.995    49    31    16            50     3.0
  IWTH07  軽米          40.270  141.571    38    36    20            46     2.8
  IWTH14  田老          39.743  141.909    40    26     6            44     2.4
  AOM008  横浜          41.084  141.255    41    29    10            44     2.7
  IWT021  西根          39.920  141.082    40    31     7            44     2.9
  AOMH13  八戸          40.579  141.445    24    42    11            43     3.1
  AOMH06  六ヶ所        40.966  141.374    38    34    11            43     2.9
  AKT001  小坂          40.328  140.743    25    38     7            42     2.9
  IWTH03  岩泉          39.802  141.652    35    35    14            41     2.5
  AOM021  十和田        40.615  141.208    35    32    12            38     2.9
  IWT022  安代          40.101  141.052    20    37     7            37     2.6
  AOM006  川内          41.198  140.997    30    27    10            36     2.8
  IWTH09  久慈南        40.086  141.712    20    34    15            35     2.3
  IWT020  藪川          39.784  141.329    30    34    17            34     3.4
  IWTH11  一戸          40.081  141.191    30    19    15            32     2.8
  IWT004  田老          39.736  141.967    30    17    10            31     3.1
  IWT023  葛巻          40.037  141.450    22    26     7            29     2.6
  AKT006  鹿角          40.215  140.787    19    25     6            28     2.7
  IWT002  久慈          40.182  141.764    27    19     9            28     2.9
  IWTH13  葛巻          39.940  141.549    21    22     7            28     2.6
  IWTH10  安代          40.139  140.953    19    23     6            27     2.4
  AOM009  六ヶ所        40.967  141.373    26    16     9            26     2.6
  AOM028  八甲田        40.700  140.919    24    22    11            26     2.8
  IWTH04  住田          39.181  141.391    17    24     6            24     2.8
  AOM024  蟹田          41.047  140.640    16    21     8            23     2.6
  AOM005  むつ          41.295  141.197    20    21     8            23     2.9
  HKD159  戸井          41.716  141.002    13    23     4            23     2.7
  AOM027  脇野沢        41.145  140.822    19    17    13            22     2.6
  AOM022  東田沢        40.992  140.916    15    18     5            21     2.2
  IWT003  普代          40.008  141.886    17    17    11            21     2.7
  IWT012  北上          39.321  141.138    18    20     7            21     2.7
  IWT019  岩泉          39.803  141.658    15    17     8            19     2.4
  IWT018  盛岡          39.695  141.148    18    12     5            19     2.0
  AOM003  大畑          41.405  141.169    15    14     7            18     2.3
  AOM002  福浦          41.328  140.813    15    16     6            17     2.3
  IWT016  川井          39.600  141.679    15    12     5            17     2.1
  AOM023  中里          40.968  140.433    10    14     6            15     2.6
  AOM004  尻屋          41.409  141.449    12    11     4            15     2.0
  AKT002  大館          40.268  140.566     9    14     3            14     2.4
  IWT017  門馬          39.634  141.438    11    13     6            14     2.0
  IWT007  釜石          39.270  141.856    12    12     4            13     1.9
  IWTH21  山田          39.473  141.934     9    11     5            12     1.7
  IWT005  宮古          39.647  141.946     7     5    12            12     2.0
  AKTH07  小坂          40.456  140.839    10    10     7            12     1.9
  IWTH17  川井北        39.644  141.598    11    11     5            12     1.8
  AOMH03  川内          41.234  140.990    11    11     6            12     1.9
  MYGH13  南三陸        38.699  141.418    10     6     3            11     2.1
  IWT006  山田          39.485  141.975     9    10     4            11     1.9
  IWTH15  矢巾          39.615  141.093     8    11     5            11     2.2
  HKD158  椴法華        41.834  141.141    11     7     6            11     2.2
  AOM020  青森          40.819  140.750    10     8     4            11     2.1
  AKTH13  阿仁          39.982  140.407    10     6     2            10     1.5
  IWT026  相去          39.257  141.098     7    10     5            10     2.0
  IWT013  遠野          39.329  141.564     8     9     3            10     1.9
  IWTH16  雫石          39.644  140.946     6     9     5            10     2.1
  HKD157  南茅部        41.905  140.970     9     8     2            10     1.5
  IWT014  石鳥谷        39.484  141.147     8     9     4             9     2.2
  IWT009  大東          39.019  141.403     9     8     2             9     1.1
  IWTH27  陸前高田      39.031  141.532     8     7     4             9     1.3
  AKTH09  田代          40.276  140.460     8     7     4             8     1.8
  IBUH06  室蘭          42.412  141.002     8     6     3             8     1.9
  AOM025  今別          41.179  140.480     6     6     2             8     1.8
  IWTH22  東和          39.334  141.302     5     7     3             8     1.3
  IWTH23  釜石          39.274  141.823     7     6     2             8     1.1
  AOM019  五所川原      40.815  140.447     6     6     3             7     1.9
  MYG002  歌津          38.726  141.511     7     7     2             7     1.1
  IWTH19  花巻北        39.456  141.000     7     6     2             7     1.5
  AKTH04  東成瀬        39.174  140.713     7     4     2             7     1.6
  AOM026  小泊          41.128  140.311     6     7     3             7     2.0
  MYG001  気仙沼        38.901  141.568     7     5     2             7     1.5
  IWTH20  花巻南        39.343  141.047     5     6     3             6     1.8
  AKT016  大曲          39.454  140.476     6     5     1             6     1.9
  AKTH17  中仙          39.557  140.612     4     5     2             6     1.8
  IWT025  大志田        39.517  140.830     6     6     1             6     1.5
  IWTH26  一関東        38.969  141.001     4     5     2             6     1.3
  IWT011  水沢          39.145  141.152     4     6     3             6     1.6
  AKT003  藤里          40.278  140.263     5     5     2             6     1.8
  HKD161  木古内        41.680  140.433     5     4     2             6     2.0
  MYG004  築館          38.732  141.027     5     5     1             5     1.6
  HKD184  千歳          42.790  141.601     4     5     2             5     1.5
  AKT021  阿仁          39.995  140.403     4     5     2             5     1.6
  HKD128  早来          42.766  141.822     4     5     2             5     1.7
  MYG003  東和          38.735  141.311     3     4     2             5     0.9
  HKD160  函館          41.770  140.738     4     5     3             5     1.7
  MYG006  古川          38.566  140.977     4     4     1             5     1.8
  MYG008  北上          38.568  141.427     4     3     1             5     0.9
  HKD162  福島          41.486  140.247     3     5     1             5     1.3
  HKD132  室蘭          42.348  141.032     4     4     3             5     1.7
  AOMH01  大間          41.527  140.913     4     4     1             4     1.3
  MYG010  石巻          38.429  141.282     4     4     2             4     1.7
  AOMH08  鰺ヶ沢        40.762  140.312     4     4     1             4     1.2
  MYGH04  東和          38.786  141.325     4     4     1             4     0.6
  IBUH01  追分          42.874  141.819     3     4     1             4     1.1
  AKT014  角館          39.595  140.555     4     4     1             4     1.1
  IWT008  大船渡        39.081  141.708     4     4     1             4     0.9
  HKD156  七飯          41.900  140.696     4     3     1             4     1.0
  AKTH19  湯沢          39.191  140.471     3     4     1             4     1.3
  HDKH06  静内          42.350  142.357     3     4     2             4     1.6
  AOM016  弘前          40.602  140.499     3     4     1             4     1.3
  AOMH14  西目屋        40.549  140.273     2     3     1             4     1.2
  AKTH12  五城目        39.916  140.222     3     4     2             4     1.1
  HKD112  えりも岬      41.937  143.240     2     4     1             4     0.8
  IWT015  川尻          39.318  140.779     3     3     1             4     1.3
  MYG015  岩沼          38.105  140.870     4     3     1             4     1.4
  HKD127  追分          42.874  141.820     3     3     1             3     1.0
  HKD110  様似          42.131  142.935     3     3     1             3     1.4
  HKD106  静内          42.341  142.369     3     2     1             3     1.2
  HKD135  壮瞥          42.553  140.887     2     3     1             3     1.3
  AKTH08  藤里          40.319  140.234     3     3     1             3     1.0
  HKD181  江別          43.116  141.546     2     3     1             3     1.2
  OSMH01  知内          41.598  140.421     3     3     2             3     1.3
  HKD163  松前          41.434  140.112     3     2     1             3     0.7
  MYGH03  唐桑          38.921  141.638     2     3     1             3     0.7
  AKT012  田沢湖        39.699  140.718     2     3     1             3     0.8
  HDKH04  門別西        42.513  142.038     2     3     1             3     1.2
  SRCH09  栗山          43.059  141.806     2     3     1             3     1.1
  IKRH02  新篠津        43.220  141.652     2     3     1             3     1.3
  MYGH14  利府          38.340  140.955     2     2     1             3     1.2
  OSMH02  上磯          41.837  140.633     3     2     1             3     0.9
  MYG017  角田          37.976  140.782     2     2     1             3     1.5
  HDKH07  様似          42.133  142.916     2     3     1             3     1.0
  AKTH02  西木南        39.663  140.572     3     2     1             3     0.7
  MYGH11  河北          38.516  141.342     2     2     1             3     0.6
  IWT010  一関          38.935  141.126     2     2     2             3     1.0
  IWTH28  一関西2       39.009  140.864     2     2     1             3     0.9
  HKD108  三石          42.253  142.564     2     2     1             3     0.9
  MYG018  伊里前        38.719  141.523     2     2     1             2     0.6
  HKD125  穂別          42.761  142.135     2     2     1             2     1.1
  MYGH07  川崎          38.180  140.641     2     2     1             2     1.1
  HKD131  登別          42.421  141.081     2     2     1             2     0.8
  HKD105  門別          42.483  142.054     2     2     1             2     1.0
  HKD154  森            42.096  140.563     1     2     1             2     0.6
  NMRH05  別海西        43.390  144.802     2     2     1             2    <0.5
  HKD109  浦河          42.168  142.767     2     2     1             2     1.0
  AOMH10  黒石          40.609  140.665     2     2     2             2     0.9
  HKD103  幌毛志        42.727  142.297     2     2     1             2     0.9
  AOM001  大間          41.527  140.924     2     2     1             2     0.8
  KSRH07  鶴居南        43.136  144.327     2     2     1             2    <0.5
  SBSH08  喜茂別        42.768  140.977     2     2     1             2     0.7
  HKD171  小砂子        41.649  139.998     2     1     0             2    <0.5
  MYGH10  山元          37.941  140.892     2     2     1             2     0.9
  HDKH03  門別東        42.593  142.352     2     2     0             2     0.6
  MYG013  仙台          38.266  140.929     2     2     1             2     1.0
  FKS001  相馬          37.795  140.920     2     2     1             2     0.9
  IKRH03  千歳          42.888  141.640     2     2     1             2     1.0
  AKTH16  西仙北        39.545  140.348     2     2     1             2     0.9
  MYG019  鳴子温泉      38.751  140.723     2     2     1             2     0.7
  HKD098  大樹          42.498  143.279     2     1     1             2     1.0
  HKD136  豊浦          42.589  140.644     2     2     1             2     0.6
  HKD185  支笏湖畔      42.776  141.402     2     2     1             2     0.6
  HKD155  鹿部          42.044  140.806     2     2     1             2     0.6
  KSRH06  鶴居東        43.220  144.429     2     2     1             2    <0.5
  AKT019  雄勝          39.038  140.451     1     2     1             2     0.7
  AOM029  西目屋        40.576  140.297     1     2     1             2     0.6
  HKD167  熊石          42.130  139.982     2     1     1             2    <0.5
  FKSH18  三春          37.489  140.538     2     1     0             2    <0.5
  KSRH09  白糠南        42.986  143.984     2     1     1             2     0.7
  TKCH05  本別          43.121  143.618     2     1     1             2    <0.5
  AOMH07  深浦          40.745  140.023     1     2     1             2     0.5
  AOM018  鯵ヶ沢        40.778  140.198     1     2     1             2     0.7
  HKD095  帯広          42.931  143.214     2     2     1             2     0.9
  IBUH07  大滝          42.648  141.064     2     2     1             2     0.8
  FKS017  須賀川        37.284  140.369     1     1     1             2     0.7
  HKD090  本別          43.121  143.618     1     2     1             2    <0.5
  AKTH03  矢島          39.222  140.128     2     1     1             2     0.8
  HYMH02  厚沢部        41.986  140.309     1     1     1             2     0.5
  IBUH05  白老          42.563  141.350     1     1     1             2    <0.5
  AKT023  椿台          39.146  140.717     2     1     1             2     0.6
  HKD074  納沙布        43.368  145.803     1     1     0             2    <0.5
  NMRH04  別海東        43.398  145.122     1     1     1             2    <0.5
  HKD099  新得          43.074  142.839     1     1     1             2     0.7
  YMT011  上山          38.150  140.267     1     1     1             1     0.9
  HDKH01  平取西        42.703  142.230     1     1     0             1    <0.5
  KSRH04  標茶南        43.214  144.680     1     1     1             1    <0.5
  HKD130  白老          42.563  141.350     1     1     1             1    <0.5
  HKD124  由仁          42.999  141.790     1     1     0             1    <0.5
  FKSH14  いわき東      37.026  140.970     1     1     1             1     0.6
  YMTH02  山形          38.269  140.258     1     1     0             1     0.8
  KKWH08  占冠          43.041  142.656     1     1     0             1    <0.5
  MYGH06  田尻          38.591  141.071     1     1     1             1     0.6
  HKD097  生花          42.618  143.421     1     1     0             1    <0.5
  NMRH03  中標津        43.551  144.966     1     1     1             1    <0.5
  FKS024  中野          37.396  140.132     1     1     1             1     0.9
  KSRH05  鶴居西        43.256  144.234     1     1     1             1    <0.5
  TKCH04  新得南        43.174  142.918     1     1     1             1    <0.5
  IBR005  笠間          36.385  140.237     1     1     0             1    <0.5
  AKT018  鳥海          39.194  140.190     1     1     1             1     0.5
  FKSH12  平田          37.217  140.570     1     1     1             1    <0.5
  YMTH15  西川東        38.426  140.125     1     1     0             1     0.8
  YMTH08  八幡          38.970  140.033     1     1     1             1     0.5
  IBRH13  高萩          36.795  140.575     1     1     0             1    <0.5
  AKTH06  雄勝          38.980  140.495     1     1     0             1    <0.5
  MYGH08  岩沼          38.113  140.844     1     1     1             1     0.5
  FKSH17  川俣          37.664  140.597     1     1     0             1    <0.5
  MYGH09  白石          38.009  140.603     1     1     0             1     0.7
  TKCH03  足寄西        43.271  143.432     1     1     0             1    <0.5
  SRCH10  夕張          42.993  142.008     1     1     0             1    <0.5
  YMTH14  西川西        38.386  139.992     1     1     0             1    <0.5
  IBRH06  北茨城2       36.881  140.655     1     1     0             1    <0.5
  YMTH12  立川          38.636  140.006     1     1     0             1     0.6
  FKSH10  西郷          37.162  140.093     0     1     1             1    <0.5
  IKRH01  当別          43.409  141.584     1     1     0             1    <0.5
  IBUH02  穂別          42.871  142.129     1     1     0             1    <0.5
  SRCH08  砂川          43.514  141.909     1     1     0             1    <0.5
  KSRH01  阿寒北        43.436  144.084     1     1     0             1    <0.5
  TKCH01  陸別          43.468  143.683     1     1     0             1    <0.5
  YMTH07  米沢          37.896  140.028     1     1     0             1    <0.5
  KSRH08  白糠北        43.160  143.894     1     1     0             1    <0.5
  HDKH05  新冠          42.598  142.545     1     0     0             1    <0.5
  YMTH11  最上          38.713  140.554     0     1     0             1    <0.5
  ABSH15  置戸東        43.635  143.510     0     0     0             1    <0.5
  SRCH06  深川南        43.695  142.078     1     0     0             1    <0.5
  ABSH13  留辺蘂        43.742  143.451     0     0     0             1    <0.5
  SBSH06  蘭越          42.831  140.483     0     0     0             0    <0.5
  TKCH10  新得北        43.334  142.945     0     0     0             0    <0.5
  NMRH01  標津北        43.785  145.025     0     0     0             0    <0.5
  NIGH02  朝日          38.280  139.549     0     0     0             0    <0.5
  FKSH09  郡山          37.353  140.426     0     0     0             0    <0.5
  KKWH14  中富良野      43.384  142.524     0     0     0             0    <0.5
  HYMH01  北檜山        42.485  139.968     0     0     0             0    <0.5
  IBRH14  十王          36.692  140.548     0     0     0             0    <0.5
  TCGH10  大田原        36.858  140.023     0     0     0             0    <0.5
  NIGH04  関川          38.131  139.543     0     0     0             0    <0.5
  ABSH06  湧別北        44.215  143.620     0     0     0             0    <0.5
  SBSH09  黒松内        42.610  140.484     0     0     0             0    <0.5
  YMTH13  朝日          38.470  139.761     0     0     0             0    <0.5