最大加速度リスト

地震発生時刻   2020/02/17-12:40:00.00
震央北緯       36.0°
震央東経       140.2°
震源深さ       40.0km
マグニチュード M4.4

  コード  観測点名      緯度    経度     最大加速度 (ガル) 三成分合成値 計測震度
　　　　　 　　         北緯    東経      N-S   E-W   U-D        (ガル)         
  CHB001  野田          35.959  139.873    35    28     7            42     2.6
  IBR015  岩井          36.069  139.908    32    23    10            37     2.4
  IBR016  取手          35.911  140.049    15    36    12            37     2.2
  IBR013  鉾田          36.159  140.489    26    22    18            33     2.4
  IBR012  石岡          36.195  140.271    20    14    14            21     1.5
  IBR017  江戸崎        35.954  140.319    12    17    17            20     1.8
  CHB007  佐倉          35.723  140.227    10    19     7            19     1.8
  IBRH11  岩瀬          36.370  140.140    15    16     6            18     1.9
  IBRH17  霞ヶ浦        36.086  140.314    11    16    11            18     1.7
  IBR005  笠間          36.385  140.237    14    10     8            15     1.7
  IBR010  下妻          36.184  139.965    13    10     9            15     2.4
  IBR014  土浦          36.073  140.195     9    13     6            13     1.7
  SIT008  春日部        35.983  139.746     8    12     3            12     2.1
  CHB003  白井          35.794  140.056    12     8     7            12     1.7
  SIT003  久喜          36.072  139.697     4    10     4            11     1.5
  IBR006  水戸          36.367  140.454    10     5     4            11     1.1
  CHB028  市川北        35.766  139.966    10     9     5            11     1.6
  IBR003  日立          36.592  140.645    10     9     5            10     1.1
  TCG009  今市          36.726  139.715     8     8     3            10     1.9
  IBR011  つくば        36.125  140.090     8     7     9            10     1.5
  CHB006  成田          35.780  140.307     7     6     4             9     1.3
  TCG014  茂木          36.545  140.174     8     9     3             9     1.9
  CHBH13  成田          35.831  140.298     9     5     4             9     1.3
  IBRH10  石下          36.111  139.989     9     5     6             9     1.7
  CHB002  松戸          35.787  139.903     7     5     8             9     1.3
  CHB011  蓮沼          35.588  140.497     7     8     1             9     1.3
  SIT011  川口          35.810  139.721     8     5     2             8     1.5
  TCGH16  芳賀          36.548  140.075     8     8     4             8     1.7
  GNM009  桐生          36.411  139.325     8     5     2             8     1.3
  TKY027  瑞江          35.693  139.891     5     7     4             8     1.4
  IBR018  鹿嶋          35.977  140.632     8     6     3             8     1.0
  IBRH15  御前山        36.557  140.301     5     8     3             8     0.9
  CHB004  佐原          35.901  140.490     6     4     3             6     1.0
  TKY025  篠崎          35.714  139.897     4     6     3             6     1.0
  TCGH14  粟野          36.551  139.615     5     6     4             6     0.9
  IBRH18  ひたちなか    36.363  140.620     5     4     4             6     1.0
  TCG012  小山          36.286  139.805     5     6     5             6     1.3
  TKY024  奥戸          35.740  139.862     4     5     4             6     1.1
  CHB024  稲毛          35.633  140.078     4     5     2             6     0.8
  IBR009  古河          36.185  139.704     4     5     2             6     1.1
  GNM011  太田          36.291  139.361     4     6     2             6     1.4
  GNM001  片品          36.772  139.225     5     5     2             6     0.6
  TCG003  藤原          36.814  139.715     4     4     2             5     1.0
  SIT004  長瀞          36.118  139.105     4     4     1             5     0.7
  TCG013  真岡          36.437  140.023     4     5     5             5     1.1
  GNMH12  神流          36.144  138.913     5     5     2             5     1.3
  IBR008  下館          36.306  139.983     4     5     3             5     0.9
  SIT002  熊谷          36.148  139.388     3     5     1             5     1.1
  CHBH04  下総          35.797  140.021     4     4     5             5     1.0
  IBRH19  つくば        36.214  140.089     4     4     3             5    <0.5
  SIT001  本庄          36.243  139.194     2     4     1             5     1.0
  TCG010  足尾          36.635  139.438     4     5     2             5     0.9
  IBRH06  北茨城2       36.881  140.655     4     3     2             5     0.6
  SIT009  川越          35.903  139.483     4     4     2             5     1.0
  KNGH10  横浜          35.499  139.519     3     3     2             5     1.5
  TCG008  鹿沼          36.560  139.768     4     3     3             4     1.1
  CHBH06  匝瑳          35.721  140.505     3     3     2             4     0.9
  GNM003  沼田          36.658  139.078     4     3     1             4     0.9
  IBRH16  山方          36.641  140.398     4     4     2             4     0.7
  KNG203  平塚ST3       34.798  139.643     2     4     0             4     0.6
  IBR004  大宮          36.552  140.410     4     3     3             4     0.7
  IBRH14  十王          36.692  140.548     3     3     4             4    <0.5
  SIT007  東松山        36.054  139.391     3     3     1             4     0.8
  SITH06  川本          36.113  139.289     4     3     1             4     0.8
  TCGH06  真岡          36.446  139.951     3     4     2             4     0.8
  IBRH13  高萩          36.795  140.575     4     2     2             4    <0.5
  TKY023  八広          35.725  139.825     3     3     3             4     1.0
  FKSH10  西郷          37.162  140.093     3     3     2             4     0.8
  SITH11  飯能          35.864  139.273     3     4     1             4     1.1
  TKY021  猿江          35.688  139.819     4     4     2             4     1.0
  CHB029  行徳          35.695  139.918     3     3     3             4     1.1
  TCG015  芹沼          36.749  139.714     3     3     2             4     0.7
  TKY026  宇喜田        35.670  139.863     3     2     2             3     0.8
  TCG011  葛生          36.387  139.614     3     3     2             3     0.5
  TCG005  矢板          36.806  139.926     3     2     1             3     0.5
  SIT010  大宮          35.907  139.648     2     3     2             3     1.1
  KNG206  平塚ST6       35.097  139.378     3     3     1             3     1.1
  CHBH19  蓮沼          35.594  140.511     2     3     1             3     0.6
  CHB010  八日市場      35.708  140.568     3     3     1             3     0.7
  TKY028  越中島        35.669  139.789     3     3     2             3     1.0
  FKSH12  平田          37.217  140.570     2     3     1             3     0.7
  TKY003  青梅          35.797  139.291     3     3     1             3     1.1
  CHB012  東金          35.573  140.333     3     2     2             3     0.8
  KNG205  平塚ST5       34.941  139.421     2     3     0             3     0.7
  TCG004  湯元          36.806  139.420     2     2     1             3     0.5
  SIT006  秩父          35.995  139.071     3     2     1             3    <0.5
  FKS013  古殿          37.090  140.556     3     2     1             3    <0.5
  TKY013  砂町          35.660  139.834     2     2     1             3     0.9
  SZO003  東伊豆        34.816  139.055     2     2     1             3     0.6
  GNM002  水上          36.782  138.970     2     2     1             3    <0.5
  CHBH10  千葉          35.546  140.242     2     2     1             2    <0.5
  CHB014  姉崎          35.477  140.049     2     2     1             2     0.8
  TKY017  辰巳          35.647  139.809     2     2     2             2     1.1
  IBRH12  大子          36.837  140.318     2     2     1             2    <0.5
  YMNH11  大月          35.625  138.978     2     1     1             2     0.8
  SIT005  小川          36.056  139.263     2     2     1             2    <0.5
  KNG204  平塚ST4       34.893  139.571     2     2     1             2    <0.5
  TCGH09  矢板          36.862  139.836     2     2     1             2    <0.5
  KNG202  平塚ST2       34.740  139.839     2     2     1             2     0.5
  GNMH14  みどり        36.493  139.322     2     2     1             2    <0.5
  TCGH10  大田原        36.858  140.023     2     1     1             2    <0.5
  KNG201  平塚ST1       34.596  139.918     1     2     0             2    <0.5
  TCG007  宇都宮        36.569  139.886     2     2     1             2    <0.5
  TKYH13  檜原南        35.702  139.127     1     2     1             2    <0.5
  SITH04  所沢          35.803  139.535     2     1     1             2    <0.5
  GNMH07  利根          36.700  139.210     2     2     1             2    <0.5
  IBR001  大子          36.776  140.357     1     2     1             2    <0.5
  KNG004  三崎          35.144  139.622     1     2     1             2    <0.5
  GNM008  前橋          36.348  139.137     2     1     0             2     0.7
  GNM006  吾妻          36.510  138.752     2     1     1             2    <0.5
  GNM007  渋川          36.464  139.009     1     1     1             2    <0.5
  TKY016  東雲          35.648  139.799     1     1     2             2     0.7
  TKY008  岡田          34.785  139.391     1     1     1             2    <0.5
  FKS016  白河          37.123  140.191     1     1     1             2    <0.5
  TKY020  塩浜          35.666  139.809     1     1     1             2     0.8
  SITH07  名栗          35.912  139.149     1     1     0             1    <0.5
  SZOH42  修善寺        34.976  138.913     1     1     0             1    <0.5
  GNMH11  富岡          36.286  138.921     1     1     0             1    <0.5
  NIGH19  湯沢          36.811  138.785     1     1     0             1    <0.5
  CHBH11  養老          35.287  140.153     1     0     0             1    <0.5
  GNMH09  高山          36.621  138.907     1     1     0             1    <0.5
  TCGH17  藤原2         36.985  139.692     0     1     0             1    <0.5
  KNGH23  葉山          35.262  139.611     0     0     0             0    <0.5
  NGNH24  松川          35.615  137.880     0     0     0             0    <0.5