最大加速度リスト

地震発生時刻   2018/06/18-07:58:00.00
震央北緯       34.8°
震央東経       135.6°
震源深さ       13.0km
マグニチュード M6.1

  コード  観測点名      緯度    経度     最大加速度 (ガル) 三成分合成値 計測震度
　　　　　 　　         北緯    東経      N-S   E-W   U-D        (ガル)         
  OSK002  高槻          34.857  135.596   521   794   238           806     5.6
  KYT011  亀岡          35.017  135.564   388   339   193           474     5.0
  OSK003  豊中          34.767  135.468   293   317   113           378     5.1
  OSK004  四條畷        34.740  135.639   232   352   133           356     5.0
  KYTH07  久御山        34.898  135.746   326   259   165           339     5.0
  NAR001  生駒          34.715  135.727   213   248   254           339     4.9
  OSKH05  大阪          34.716  135.520   262   223   310           314     4.9
  OSK005  大阪          34.725  135.510   191   283   166           294     4.9
  HYG015  三田          34.952  135.271   206   159    71           249     4.4
  KYT013  宇治          34.878  135.805   152   195   123           215     4.6
  HYG022  西宮          34.746  135.350   124   183    99           213     4.7
  KYTH08  京都          35.009  135.730   119   192    56           209     4.0
  OSKH02  此花          34.663  135.390   178   120    76           202     4.4
  OSK001  能勢          34.971  135.390   180   183    81           195     4.4
  OSKH04  交野          34.763  135.705   131   131    77           185     3.9
  KYT009  日吉          35.164  135.502    84   162    42           183     3.9
  KYT012  京都          34.996  135.819   142   127    69           177     3.8
  NAR002  奈良          34.668  135.835   150   134    42           170     4.2
  OSK006  堺            34.589  135.471    73   145    30           153     4.0
  NARH06  山添          34.641  136.051    77   142    49           143     4.0
  NAR004  榛原          34.528  135.951   128   102    60           136     3.6
  HYGH09  東条          34.908  135.084   120    94    42           131     3.7
  NAR003  大和高田      34.517  135.719    91    98    45           123     4.0
  HYG024  東浦          34.533  134.990   107    72    39           117     3.9
  OSK009  河内長野      34.437  135.582    85    97    28           117     3.1
  NARH07  天理          34.584  135.854    47   102    30           104     3.5
  SIG010  大津          34.972  135.897    86    96    65           100     4.2
  KYTH04  美山          35.269  135.551    50    97    19           100     2.9
  SIG012  甲賀          34.904  136.231    83    72    34            98     3.3
  SIGH03  信楽          34.853  136.032    91    69    46            98     3.8
  MIEH03  嬉野          34.547  136.369    57    81    32            97     3.1
  SIG011  信楽          34.878  136.059    79    94    39            96     3.8
  OSK007  羽曳野        34.558  135.606    76    61    85            96     3.5
  HYGH04  篠山          35.071  135.281    56    88    56            96     3.3
  MIE008  名張          34.629  136.107    57    91    38            94     3.7
  NAR006  川上          34.338  135.954    69    69    43            94     3.2
  OSK008  岸和田        34.440  135.392    47    87    37            88     3.6
  SIG007  近江八幡      35.134  136.096    60    79    17            80     3.7
  SIG009  甲西          35.005  136.085    64    61    47            78     3.6
  KYT014  南山城        34.773  135.992    61    69    29            76     3.5
  MIE007  白山          34.644  136.337    71    63    39            75     3.4
  OKYH12  大原          35.100  134.319    54    57    15            75     3.2
  HYG010  丹南          35.059  135.178    68    69    39            72     3.4
  HYG023  明石          34.644  135.000    60    61    39            71     3.6
  NARH04  黒滝          34.306  135.837    50    61    17            71     2.8
  NAR005  五條          34.341  135.688    40    70    18            70     3.5
  SIGH04  日野          34.964  136.261    46    65    35            66     3.2
  MIEH01  四日市        34.985  136.456    58    46    15            66     2.9
  KYT008  本庄          35.261  135.397    46    61    20            66     2.8
  HYG020  三木          34.798  134.990    52    47    28            65     3.6
  HYG021  神戸          34.690  135.158    38    53    27            64     3.6
  WKYH08  那賀          34.323  135.448    50    45    28            62     3.7
  MIE004  亀山          34.857  136.449    49    58    22            60     3.3
  HYG014  西脇          35.002  135.000    31    58    20            59     2.7
  OSK010  泉南          34.376  135.255    58    58    27            59     3.3
  HYG008  生野          35.148  134.788    52    58    20            59     3.1
  MIEH05  尾鷲          34.064  136.169    44    46    12            57     2.8
  GIFH12  坂内          35.603  136.413    39    48    13            55     2.8
  GIFH25  谷汲          35.521  136.613    30    48    12            55     3.1
  HYGH08  加美          35.101  134.904    51    41    19            53     3.0
  GIFH03  根尾          35.633  136.613    41    52    12            52     3.3
  MIE018  椿世          34.870  136.455    35    36    19            50     2.9
  KGW002  内海          34.473  134.314    38    49    20            49     2.9
  MIE009  松阪          34.575  136.530    35    42    13            49     3.2
  MIE005  上野          34.768  136.115    40    43    37            48     3.4
  GIF026  美山          35.591  136.741    37    46    10            48     2.8
  HYGH11  山東          35.292  134.907    47    33    26            48     3.3
  KYT015  広河原        35.250  135.767    41    44    14            47     2.4
  SIGH01  多賀          35.238  136.360    37    41    14            46     3.1
  SIG008  永源寺        35.070  136.295    36    39    41            46     3.2
  NAR007  大塔          34.221  135.737    30    45    16            45     3.1
  HYG009  黒井          35.169  135.104    32    43    13            44     3.3
  OSKH01  田尻          34.398  135.284    27    44    20            44     3.0
  MIE002  菰野          35.028  136.507    37    40    17            44     3.1
  HYG019  加古川        34.832  134.824    38    31    21            44     2.7
  SIG003  長浜          35.377  136.264    41    41    12            42     3.4
  MIE011  飯高          34.428  136.333    42    32    19            42     2.6
  MIE014  尾鷲          34.064  136.169    36    30    12            41     2.5
  SIG005  彦根          35.249  136.242    29    33    12            41     3.0
  HYGH07  夢前          35.032  134.670    40    22    26            41     2.3
  FKI010  高浜          35.490  135.551    35    39    15            39     3.1
  NAR008  上北山        34.135  136.005    37    26    20            38     2.4
  KYT002  久美浜        35.604  134.894    28    26     8            38     3.2
  MIE003  四日市        34.970  136.636    28    30     7            37     3.5
  MIE017  宮川          34.362  136.335    26    35    13            37     2.8
  GIF017  揖斐川        35.483  136.571    29    28     9            37     2.9
  SIG002  今津          35.422  136.024    35    30    16            37     3.0
  HYG003  出石          35.462  134.876    34    35    14            36     2.8
  SIG006  志賀          35.200  135.921    25    28    20            35     2.9
  HYGH13  香住          35.621  134.657    29    32    13            35     3.1
  HYGH03  波賀          35.219  134.524    28    33    13            34     2.2
  SIG004  朽木          35.348  135.918    31    22    12            33     2.4
  MIE001  藤原          35.172  136.494    30    30    11            33     2.9
  KYTH01  野田川        35.524  135.124    30    28    16            32     2.9
  NARH03  川上          34.292  136.002    24    32    13            32     3.0
  HYG013  市川          34.989  134.763    25    26    27            32     2.4
  HYG017  龍野          34.859  134.544    29    30    13            31     2.6
  MIE006  津            34.718  136.504    23    27    23            31     2.9
  GIF012  東杉原        35.636  136.488    30    23    11            31     2.4
  MIEH02  大山田        34.766  136.284    31    24    16            31     2.4
  MIE016  紀和          33.876  135.919    28    21     9            30     2.5
  GIF007  高根          36.038  137.486    27    22    11            30     2.6
  MIEH10  芸濃          34.822  136.424    28    25    13            30     2.8
  HYGH10  加古川        34.816  134.808    29    20    15            30     3.1
  NARH01  十津川西      33.967  135.649    29    13     7            29     2.7
  KYT004  宮津          35.535  135.196    26    26    12            29     2.8
  HYG018  姫路          34.814  134.687    26    20    22            29     2.6
  KYT007  芦生          35.306  135.713    28    24    13            29     2.4
  GIFH06  高富          35.504  136.794    24    20    10            27     2.7
  MIE013  南島          34.278  136.500    26    17    10            26     2.9
  HYG005  和田山        35.341  134.862    21    26     7            26     2.7
  HYGH12  新宮          34.931  134.542    26    21    15            26     2.5
  HYG012  山崎          34.996  134.552    21    25    14            26     2.7
  FKIH02  織田          35.948  136.056    24    14     7            26     2.5
  KYTH02  伊根          35.710  135.250    19    25     9            25     2.6
  KYT006  福知山        35.276  135.183    23    19    19            25     2.6
  HYGH06  相生          34.794  134.479    20    23    11            25     2.1
  MIEH06  宮川          34.358  136.329    20    24     9            25     2.7
  HYGH01  三原          34.294  134.794    14    25     9            25     2.8
  HYG016  赤穂          34.755  134.390    16    20     7            25     2.7
  FKI009  小浜          35.496  135.752    21    24    12            25     2.8
  TKS001  鳴門          34.203  134.610    17    23    11            25     3.2
  WKYH09  和歌山        34.287  135.071    18    23    10            25     2.3
  NAR009  十津川        33.938  135.755    22    22     8            25     2.4
  GIFH07  春日          35.418  136.435    19    22     7            25     2.2
  HYGH14  出石          35.457  134.862    20    19    12            25     2.2
  AIC011  知多          34.996  136.864    25    15    10            25     3.1
  MIEH08  松阪          34.542  136.503    21    23    10            24     2.4
  GIFH09  羽島          35.277  136.700    24    13     9            24     3.0
  FKI007  敦賀          35.645  136.058    20    20     8            24     2.9
  HYG026  五色          34.415  134.792    16    21     8            24     2.3
  OKYH11  勝央          35.073  134.116    18    23     8            24     2.5
  HYG006  大屋          35.333  134.665    20    16     6            23     1.9
  OKY003  西粟倉        35.174  134.339    21    15     5            23     1.9
  FKIH04  三方          35.559  135.869    22    17    11            23     3.1
  OKY001  湯原          35.170  133.731    16    19     4            23     2.6
  AICH12  幡豆          34.788  137.106    22    13     7            23     3.0
  FKI001  三国          36.219  136.156    17    15     9            23     2.7
  GIFH26  各務原        35.412  136.876    16    22     8            22     2.9
  FKI005  武生          35.907  136.174    15    22     5            22     2.2
  FKI002  越廼          36.039  136.014    13    21     7            22     2.4
  WKY003  有田          34.100  135.116    21    19     6            21     2.6
  TTRH06  河原          35.395  134.199    11    20     4            21     2.4
  FKI008  三方          35.548  135.908    20    18    12            21     2.7
  OKY010  備前          34.745  134.188    12    17     9            21     2.1
  OKY011  岡山          34.654  133.907    17    19     4            20     2.7
  AIC001  尾西          35.298  136.750    19    12     6            20     2.9
  HYG002  香住          35.641  134.628    16    20     6            20     2.5
  FKIH05  敦賀          35.639  136.030    14    18    13            20     3.0
  AIC009  豊田          35.081  137.146    14    18     6            20     2.6
  MIEH09  紀宝          33.764  135.997    16    18     7            19     2.3
  HYGH02  南光          35.067  134.423    10    16     8            19     2.2
  HYG025  洲本          34.340  134.901    13    19    10            19     2.1
  ISK014  加賀          36.303  136.315    17    13     6            19     3.0
  WKY002  那賀          34.276  135.430    11    18    10            18     2.5
  OKY006  津山          35.068  134.005     8    17     8            18     2.2
  TTR002  鳥取          35.485  134.220    13    16     6            18     2.7
  GIFH27  美濃加茂      35.453  137.004    14    16     5            18     2.0
  KYT003  伊根          35.677  135.292    13    16     9            18     2.5
  KYTH03  福知山        35.313  135.133    18    14     9            18     2.2
  KGW001  土庄          34.545  134.280    17    10     5            18     2.1
  AIC016  美浜          34.779  136.909    17    15     9            17     2.9
  GIF022  上石津        35.283  136.471    16    12     8            16     2.5
  MIEH04  度会          34.353  136.587    16     9     5            16     2.3
  HYG011  上月          34.985  134.323    15    15     7            16     1.8
  SIG001  余呉          35.540  136.207    16    11     7            16     2.4
  FKI003  福井          36.044  136.228    15    12     5            16     2.6
  HYGH15  村岡          35.470  134.595    11    15     3            16     1.9
  GIF020  岐阜          35.425  136.757    13    14     8            15     2.6
  TKS002  徳島          34.044  134.582    13    11     4            15     2.7
  WKY001  和歌山        34.229  135.169    12    13     9            15     2.3
  TTR003  用瀬          35.343  134.208    14    13     6            15     2.2
  GIF023  土岐          35.388  137.216     7    14     5            15     2.5
  WKY013  高野          34.216  135.586    15    14     6            15     2.1
  TTR004  鹿野          35.461  134.055    13    13     5            15     2.7
  OKY009  吉井          34.918  134.092    12    14     6            14     1.8
  FKI006  今庄          35.773  136.200    11    11     4            14     1.8
  HYG007  波賀          35.164  134.546    14    12     5            14     1.6
  SZO025  湖西          34.719  137.531    10    14     3            14     2.5
  OKY015  上斎原        35.279  133.926     9    14     4            14     2.0
  AICH17  豊根          35.184  137.727    11    12     3            14     2.0
  GIF015  美濃          35.545  136.907    12    13     5            14     2.3
  WKY004  清水          34.084  135.431    10    13     8            14     1.7
  GIF021  美濃加茂      35.443  137.000    11    13     4            14     2.5
  NGNH18  開田          35.932  137.595    11    12     4            14     2.1
  KGWH05  内海          34.457  134.324     7    10    10            13     2.0
  AIC004  名古屋        35.063  136.974    13     8     6            13     2.5
  AIC012  安城          34.912  137.045    12     9     7            13     2.5
  OKY005  落合          35.010  133.732    10    10     4            13     2.0
  MIE015  熊野          33.878  136.082    10     9     5            12     2.0
  TKS006  牟岐          33.669  134.419    10    12     3            12     2.5
  AIC003  津島          35.173  136.740    11     9     6            12     2.6
  HYG001  浜坂          35.619  134.450     8    11     4            12     2.0
  ISK013  白峰          36.181  136.625    11     9     2            12     2.0
  NGNH23  南木曽        35.606  137.611    11     8     4            12     1.7
  GIFH23  板取          35.724  136.785    11     9     3            11     2.0
  AIC010  作手          34.980  137.430    10     8     3            11     2.2
  AICH16  設楽          35.154  137.535     8    11     2            11     2.2
  FKI004  大野          35.979  136.487     8    11     4            11     2.1
  TTR005  倉吉          35.429  133.825    10     5     3            11     2.0
  GIF009  白鳥          35.922  136.831    10     6     3            11     1.9
  FKIH01  永平寺        36.096  136.362     7    11     3            11     2.0
  AIC002  小牧          35.298  136.915    11     6     4            11     2.1
  GIF011  八幡          35.759  136.981    11     8     3            11     1.7
  OKY014  下津井        34.446  133.788     9     6     3            11     1.4
  MIE010  伊勢          34.491  136.733    10    11     4            11     1.9
  WKY006  御坊          33.891  135.152     7    10     3            11     2.4
  WKYH03  野上          34.131  135.324     9    10     5            10     1.5
  AICH15  足助          35.139  137.336     9     6     3            10     1.7
  NGN018  王滝          35.813  137.530     7     8     2            10     1.9
  KYT005  舞鶴          35.476  135.389     8    10     7            10     1.9
  OKY012  倉敷          34.589  133.755    10     8     3            10     2.0
  AICH18  岡崎          34.964  137.238     7     9     4            10     2.1
  OKY002  加茂          35.179  134.050     6     8     3            10     1.5
  GIFH15  高山          36.134  137.221     9     9     3            10     2.2
  TKS004  由岐          33.775  134.591     9     7     2            10     2.0
  GIFH21  美並          35.666  136.962     8    10     2            10     1.9
  WKY005  龍神          33.894  135.488     9     6     3            10     1.5
  NGN024  飯田          35.523  137.837     9     9     4            10     2.2
  HYG027  南淡          34.250  134.729     9     8     4            10     2.0
  GIF018  中津川        35.489  137.500     8     9     4            10     2.4
  NGN019  木曽福島      35.856  137.708     8     9     4             9     1.5
  KGW006  長尾          34.250  134.186     8     7     3             9     2.0
  KYT001  丹後          35.741  135.102     9     7     5             9     2.2
  SZO023  天竜          34.874  137.816     8     8     5             9     2.3
  TTRH03  溝口          35.355  133.492     7     9     2             9     2.3
  AIC014  蒲郡          34.826  137.220     8     9     2             9     2.2
  TKSH05  海南          33.663  134.316     9     5     2             9     1.9
  AICH09  豊橋          34.664  137.390     8     7     4             9     2.3
  GIFH18  馬瀬          35.899  137.149     8     5     3             9     1.9
  TKSH04  徳島          33.990  134.534     6     7     2             9     1.8
  KGW004  高松          34.347  134.037     8     6     4             9     2.2
  GIF019  恵那          35.450  137.404     8     7     3             8     2.2
  ISK011  小松          36.397  136.443     7     7     3             8     2.3
  WKY007  本宮          33.837  135.774     7     7     4             8     1.6
  WKYH07  上富田        33.689  135.440     5     8     3             8     1.9
  WKYH01  広川          33.980  135.212     6     7     3             8     1.6
  OKY008  建部          34.870  133.904     5     8     2             8     1.5
  NGNH16  茅野          35.947  138.185     3     8     2             8     1.4
  KGWH02  三野          34.198  133.708     6     8     2             8     2.1
  WKY009  新宮          33.721  135.981     5     7     4             8     2.0
  SZO013  清水          35.041  138.476     6     6     3             8     2.3
  KGW007  引田          34.227  134.401     7     6     2             8     2.1
  GIFH08  大和          35.832  136.962     6     7     3             7     1.8
  WKY012  串本          33.472  135.784     6     7     2             7     1.7
  NGNH03  阿智2         35.479  137.735     6     6     3             7     1.8
  TTR001  若桜          35.342  134.398     7     5     5             7     1.5
  GIF010  下呂          35.803  137.245     6     6     3             7     2.0
  TKS003  阿南          33.872  134.604     5     6     1             7     1.7
  GIF013  金山          35.664  137.162     5     7     3             7     1.6
  NGN015  諏訪          36.045  138.112     6     7     3             7     2.4
  FKI011  和泉          35.910  136.668     6     7     2             7     1.7
  WKYH10  印南          33.825  135.217     5     5     2             7     1.5
  GIF024  明智          35.301  137.387     6     5     2             7     1.6
  SMNH16  加茂          35.342  132.899     5     6     1             7     1.9
  AIC017  田原          34.673  137.261     5     5     3             7     1.9
  WKY008  田辺          33.729  135.377     5     6     6             7     1.9
  HYG004  村岡          35.458  134.575     6     5     4             7     1.7
  TTR007  江府          35.283  133.488     5     4     2             7     1.6
  GIFH28  中津川        35.457  137.471     6     5     3             7     2.1
  MIEH07  志摩          34.254  136.822     5     6     3             6     1.7
  GIF006  荘川          36.033  136.953     4     6     2             6     1.6
  ISKH09  尾口          36.267  136.717     6     4     2             6     1.7
  TTRH02  日野          35.231  133.391     5     6     2             6     1.8
  TYM010  福光          36.560  136.887     6     4     2             6     1.8
  AIC015  豊橋          34.755  137.405     6     5     3             6     2.0
  OKY007  高梁          34.781  133.612     5     5     2             6     1.3
  TTR008  米子          35.426  133.330     5     5     2             6     2.1
  AICH11  春日井        35.306  137.057     5     5     3             6     1.4
  ISK012  鳥越          36.358  136.605     6     5     2             6     1.4
  KGW005  観音寺        34.114  133.635     5     5     2             6     2.0
  OKYH09  湯原          35.181  133.677     5     5     2             6     1.3
  SZO022  佐久間        35.092  137.814     6     5     2             6     1.6
  NGN017  楢川          35.975  137.826     6     3     2             6     1.4
  TTRH07  関金          35.365  133.749     5     5     3             6     1.8
  HRS005  油木          34.777  133.281     5     4     2             6     1.2
  SZO018  榛原          34.740  138.224     3     5     2             6     2.1
  OKYH13  日生          34.728  134.274     5     4     4             6     1.5
  TKSH02  貞光          34.011  134.092     5     5     2             6     1.4
  AIC008  設楽          35.101  137.576     5     5     2             5     1.7
  GIF005  高山          36.154  137.251     5     4     2             5     1.7
  MIE012  志摩          34.254  136.823     4     5     2             5     1.6
  NGNH20  上松          35.787  137.717     4     4     2             5     1.2
  GIF003  神岡          36.332  137.301     5     3     2             5     1.2
  WKY014  木守          33.705  135.640     5     4     3             5     1.5
  GIFH04  古川          36.245  137.198     4     4     2             5     1.4
  SMN005  出雲          35.361  132.745     4     5     2             5     2.2
  GIFH19  朝日南        36.022  137.391     4     5     2             5     1.4
  TTR006  赤碕          35.511  133.630     5     5     2             5     2.0
  ISK009  七塚          36.733  136.702     4     4     2             5     1.5
  YMN009  六郷          35.496  138.463     4     4     1             5     1.8
  TKS007  市場          34.090  134.285     4     5     2             5     1.8
  GIFH22  金山          35.668  137.105     5     4     2             5     1.2
  OKYH03  岡山          34.778  133.789     4     4     4             5     1.3
  TKS008  木屋平        33.934  134.212     5     4     3             5     1.3
  SMN002  松江          35.471  133.068     3     5     1             5     2.0
  OKY004  新見          34.958  133.502     4     3     2             5     1.1
  NGN022  南木曽        35.608  137.613     5     4     3             5     1.7
  NGNH10  木祖          35.963  137.767     4     3     2             5     1.4
  GIF002  河合          36.273  137.025     5     5     1             5     1.4
  SZO024  浜松          34.710  137.720     3     5     2             5     1.7
  SZOH28  浜松          34.668  137.744     5     3     1             5     1.8
  AICH07  旭            35.219  137.404     5     3     2             5     1.2
  NGN016  富士見        35.913  138.223     5     3     2             5     1.8
  OKY013  笠岡          34.510  133.510     3     4     2             5     1.3
  SMN018  都万          36.193  133.233     5     3     1             5     1.6
  AICH19  作手          34.951  137.411     5     3     3             5     1.5
  OKYH05  建部          34.868  133.853     4     5     2             5     1.1
  WKY011  太地          33.595  135.946     3     4     3             5     1.6
  SZOH25  新居          34.691  137.560     4     4     2             5     1.8
  NGNH24  松川          35.615  137.880     2     4     2             5     1.7
  AICH22  豊橋北        34.785  137.439     4     3     3             5     1.6
  KOC002  室戸          33.290  134.168     4     4     1             4     1.6
  ISK005  穴水          37.231  136.904     4     4     1             4     1.9
  YMG001  須佐          34.617  131.602     3     4     1             4     1.8
  TKS010  貞光          34.038  134.061     4     4     2             4     1.4
  HRSH03  御調          34.518  133.137     4     3     2             4     0.9
  HRS018  竹原          34.341  132.907     4     4     1             4     1.9
  KOC007  高知          33.561  133.527     4     3     1             4     1.8
  TKSH03  木屋平        33.878  134.129     3     4     1             4     1.0
  WKY010  すさみ        33.550  135.497     3     3     2             4     1.0
  AICH20  新城          34.898  137.488     3     4     2             4     1.0
  SMN004  木次          35.288  132.900     3     3     1             4     1.4
  ISKH08  津幡          36.738  136.791     3     3     1             4     1.1
  GIFH10  神岡          36.378  137.372     3     3     2             4     1.2
  GIF014  付知          35.658  137.426     3     4     2             4     1.4
  AIC018  渥美          34.622  137.108     2     4     1             4     1.0
  ISK010  金沢          36.542  136.643     4     3     1             4     1.6
  OKYH06  美星          34.676  133.528     3     3     1             4     1.0
  TYM002  氷見          36.866  136.975     3     3     2             4     1.9
  TYM009  八尾          36.586  137.141     3     2     1             4     1.1
  GIFH16  朝日北        36.094  137.344     4     3     1             4     1.2
  HRSH05  神辺          34.557  133.418     3     4     1             4     1.2
  KOC003  安芸          33.501  133.907     3     3     1             4     1.6
  GIF008  小坂          35.952  137.260     3     3     2             4     1.1
  KGW003  丸亀          34.264  133.790     3     3     2             4     1.4
  KOC001  東洋          33.528  134.281     3     3     1             4     1.2
  AIC013  長篠          34.934  137.576     3     3     2             4     1.2
  GIF016  七宗          35.542  137.119     3     3     2             3     1.0
  NGN023  大鹿          35.579  138.034     3     3     1             3     0.8
  HRS021  西城          34.953  133.117     3     3     2             3     0.7
  OKYH14  北房          34.936  133.620     3     3     1             3     0.8
  ISK006  富来          37.160  136.690     3     2     1             3     0.9
  GIF004  栃尾          36.249  137.517     3     2     1             3     0.9
  HRS020  因島          34.294  133.178     3     2     1             3     1.2
  KOC004  物部          33.697  133.877     3     3     2             3     1.3
  OKYH08  哲多          34.910  133.405     3     3     1             3     0.9
  WKYH04  すさみ        33.556  135.545     3     3     3             3     1.0
  SMNH03  佐田          35.224  132.722     2     3     1             3     1.0
  ISK008  羽咋          36.892  136.778     3     3     2             3     1.3
  SZO016  焼津          34.857  138.311     3     3     1             3     1.6
  OKYH04  真備          34.643  133.686     2     2     1             3     1.1
  HRS019  呉            34.253  132.562     3     3     1             3     1.3
  NGNH31  塩尻          36.118  137.939     2     3     1             3     1.3
  TYM005  新湊          36.782  137.080     3     3     1             3     1.4
  TYMH03  富山          36.729  137.263     3     2     1             3     1.5
  HRS001  高野          35.034  132.902     3     2     1             3     0.6
  NGN021  駒ヶ根        35.730  137.934     2     3     1             3     1.5
  HRS008  向原          34.603  132.720     2     3     1             3     1.2
  YMNH11  大月          35.625  138.978     2     2     0             3     1.2
  GIFH24  東白川        35.640  137.319     2     3     1             3     1.0
  KGW008  琴南          34.164  133.924     2     2     1             3     0.9
  NGN020  伊那          35.828  137.953     2     3     1             3     1.4
  HRSH10  芸北          34.747  132.379     3     2     1             3     1.1
  SZOH34  清水北        35.130  138.424     2     2     1             3     1.3
  ISK004  能都          37.308  137.147     2     2     0             3     1.1
  KGWH03  三木          34.270  134.148     2     2     1             3     1.0
  GIF001  白川          36.274  136.898     3     2     1             3     0.8
  SZO011  富士宮        35.213  138.602     2     2     1             3     1.3
  NGNH22  長谷          35.795  138.082     2     2     1             3     1.1
  YMG016  岩国          34.170  132.177     2     2     0             3     1.2
  SZO019  掛川          34.770  137.998     2     2     2             3     1.5
  YMN010  須玉          35.792  138.410     2     2     1             3     1.2
  SZO026  春野          34.982  137.898     2     2     1             3     0.8
  TKS005  上勝          33.879  134.389     2     3     1             3     1.1
  SZOH42  修善寺        34.976  138.913     2     2     1             3     1.2
  HRS003  三次          34.814  132.842     2     2     1             2     1.1
  SZOH24  引佐          34.834  137.662     2     1     2             2     1.2
  SZO017  浜岡          34.637  138.128     2     2     1             2     1.3
  GNMH12  神流          36.144  138.913     2     2     1             2     0.8
  HRS002  東城          34.895  133.275     2     2     1             2     0.6
  YMN005  甲府          35.655  138.568     2     2     1             2     1.4
  SMN015  広瀬          35.364  133.170     2     2     1             2     1.1
  EHM001  伊予三島      33.979  133.549     2     1     1             2     1.4
  TKS009  木頭          33.772  134.200     2     2     2             2     1.0
  HRSH01  三原          34.374  133.024     2     2     1             2     1.1
  SZOH32  龍山東        35.009  137.841     2     2     1             2     1.2
  SMN016  掛合          35.196  132.815     2     2     1             2     0.7
  SZO012  蒲原          35.127  138.621     2     2     1             2     1.3
  KOCH01  北川          33.542  134.120     2     2     1             2     0.9
  SZO021  本川根        35.097  138.133     2     2     1             2     1.1
  HRSH07  呉            34.288  132.641     2     2     1             2     1.1
  EHM004  今治          34.062  132.998     2     2     1             2     1.1
  ISKH03  内浦          37.346  137.244     2     2     0             2     0.7
  KNG002  横浜          35.437  139.634     1     2     1             2     1.3
  KOCH12  芸西          33.529  133.819     2     1     1             2     0.9
  KNG206  平塚ST6       35.097  139.378     1     2     1             2     1.4
  YMG017  柳井          33.965  132.101     2     2     1             2     1.2
  ISK007  七尾          37.043  136.968     2     2     1             2     1.2
  HRS009  湯来          34.493  132.279     2     2     1             2     1.0
  SMNH04  邑智          35.092  132.531     2     2     1             2     0.8
  KNGH11  厚木          35.404  139.354     2     2     1             2     1.4
  EHM005  川内          33.797  132.914     2     1     1             2     1.0
  HRS017  三原          34.404  133.083     2     1     1             2     0.8
  EHMH10  宮窪          34.192  133.058     2     2     1             2     0.7
  SMN006  大田          35.194  132.498     1     2     0             2     0.9
  YMG002  萩            34.407  131.399     2     2     0             2     1.2
  SZOH30  水窪北        35.223  137.918     2     1     1             2     0.6
  TKY003  青梅          35.797  139.291     1     2     1             2     0.8
  SMNH06  金城          34.884  132.203     1     2     1             2     0.8
  TYM011  芦弁          36.578  137.385     1     1     1             2     0.8
  ISK002  正院          37.444  137.288     1     2     1             2     1.3
  SMNH10  美保関        35.558  133.300     2     1     1             2     0.9
  KOCH09  香北          33.675  133.824     2     1     1             2     0.9
  AICH10  鳳来          35.000  137.624     2     1     1             2     0.9
  HRS012  東広島        34.428  132.742     2     1     0             2     0.8
  SMN001  美保関        35.537  133.161     2     1     1             2     0.9
  SZOH35  伊東中        34.947  139.085     2     2     0             2     1.1
  KNGH10  横浜          35.499  139.519     1     2     0             2     1.0
  HRS011  府中          34.569  133.236     2     1     1             2     0.8
  NGNH54  飯田          35.449  138.006     2     1     1             2     0.6
  SZOH53  掛川3         34.877  138.017     2     1     1             2     0.9
  ISKH06  志賀          37.053  136.821     2     1     2             2     1.1
  HRSH18  東広島        34.457  132.792     2     1     1             2     0.9
  NGN008  上田          36.402  138.249     2     1     1             2     1.3
  HRSH16  吉田          34.663  132.669     2     1     1             2     0.5
  EHM007  北条          33.962  132.772     1     2     0             2     0.9
  SZOH36  藤枝          34.914  138.201     1     2     1             2     0.8
  KOC013  佐賀          33.080  133.101     1     1     1             2     0.9
  NGNH30  奈川          36.064  137.685     2     1     1             2     0.6
  NGN025  天龍          35.286  137.857     1     1     1             2     0.7
  NGNH15  辰野          36.009  137.930     2     1     1             2     0.6
  HRSH11  神石          34.822  133.167     2     1     1             2    <0.5
  TYMH06  八尾          36.571  137.160     2     1     1             2     0.9
  HRS007  甲奴          34.703  133.095     1     1     2             2     0.8
  TKS012  池田          34.032  133.809     2     1     1             2     0.8
  KNG205  平塚ST5       34.941  139.421     2     1     0             2     1.2
  TKSH06  井川          34.000  133.893     1     1     1             2     0.8
  YMN007  南部          35.279  138.465     1     2     1             2     0.9
  SZO014  静岡          34.965  138.374     1     1     1             2     1.0
  TYM012  利賀          36.441  137.035     1     1     1             2     0.6
  KOC014  中村          32.989  132.938     1     2     0             2     1.0
  FKO002  中間          33.826  130.705     1     1     1             2     0.9
  TYMH07  利賀          36.441  137.039     1     1     1             2     0.6
  KOC017  大豊          33.784  133.730     1     1     1             2     0.8
  SMNH15  鹿島          35.523  133.023     1     1     1             2     0.7
  SMNH02  仁多          35.224  133.086     1     1     1             2     0.6
  SMN008  瑞穂          34.852  132.531     1     1     1             2     0.6
  NGNH25  南信濃        35.299  137.927     1     1     1             1     0.5
  SZO020  川根          35.008  138.147     1     1     1             1     0.8
  ISK015  大町          37.227  136.909     1     1     1             1     0.5
  EHM008  松山          33.820  132.728     1     1     0             1     1.0
  HRSH04  沼隈          34.379  133.349     1     1     1             1     0.8
  SIT003  久喜          36.072  139.697     1     1     1             1     1.1
  OKYH07  神郷          35.049  133.317     1     1     1             1     0.6
  YMN004  塩山          35.702  138.727     1     1     1             1     0.7
  YMG012  宇部          33.994  131.218     1     1     0             1     0.8
  YMNH10  早川北        35.535  138.309     1     1     0             1    <0.5
  KNGH18  藤野          35.644  139.128     1     1     0             1     0.5
  NGNH19  川上          35.974  138.584     1     1     1             1     0.5
  TYM007  富山          36.669  137.212     1     1     0             1     0.5
  YMNH12  増穂          35.562  138.449     1     1     1             1     0.9
  YMG018  東和          33.909  132.356     1     1     0             1     0.7
  SZOH37  芝川          35.203  138.566     1     1     0             1    <0.5
  KOCH11  室戸          33.287  134.160     1     1     0             1     0.6
  NIG025  直江津        37.161  138.224     1     1     0             1     0.7
  HRSH02  大和          34.548  132.948     1     1     1             1    <0.5
  NGNH32  松本          36.258  137.990     1     1     0             1    <0.5
  ISKH01  珠洲          37.527  137.284     1     1     0             1     0.7
  EHMH12  宇和          33.427  132.506     1     1     0             1    <0.5
  EHMH03  新宮          33.915  133.650     1     1     1             1    <0.5
  ISKH02  柳田          37.364  137.041     1     1     0             1    <0.5
  SITH08  小鹿野        36.027  138.969     1     1     0             1    <0.5
  GNMH08  嬬恋          36.492  138.524     1     1     1             1     0.7
  YMNH08  西野原        35.690  138.734     1     1     0             1     0.6
  SMNH11  平田          35.426  132.801     1     1     1             1     0.7
  TKYH12  八王子        35.670  139.265     1     1     0             1    <0.5
  SITH11  飯能          35.864  139.273     1     1     0             1    <0.5
  YMNH13  身延          35.351  138.420     1     1     1             1     0.6
  KNGH20  松田          35.366  139.126     1     1     0             1     0.5
  SMNH07  美都          34.694  132.040     1     1     0             1    <0.5
  EHMH08  柳谷          33.539  133.002     1     1     0             1    <0.5
  HRSH15  倉橋          34.116  132.505     1     1     0             1    <0.5
  HRSH14  沖美          34.209  132.406     1     1     0             1    <0.5
  YMNH15  上九一色      35.532  138.605     1     1     0             1    <0.5
  TYMH04  魚津          36.791  137.469     1     1     1             1    <0.5
  KOCH07  須崎          33.392  133.287     1     1     0             1    <0.5
  SITH04  所沢          35.803  139.535     1     1     0             1    <0.5
  NGNH33  生坂          36.460  137.964     1     1     0             1    <0.5
  KOCH05  池川          33.647  133.144     1     1     0             1    <0.5
  NGNH28  戸隠          36.708  138.096     1     0     0             1    <0.5
  NGNH27  信州新        36.577  138.048     1     0     0             1     0.5
  SZOH38  函南          35.085  138.978     1     1     0             1    <0.5
  GNMH05  伊勢崎        36.314  139.185     0     1     0             1    <0.5
  NIGH17  妙高高原      36.857  138.097     1     1     0             1    <0.5
  YMGH14  萩            34.398  131.377     1     1     0             1    <0.5
  KOCH10  伊野          33.531  133.439     1     1     0             1    <0.5
  KOCH02  吾北          33.708  133.364     1     0     0             1    <0.5
  YMNH16  甲府2         35.742  138.565     1     0     0             1    <0.5
  KNGH19  山北中        35.417  139.044     1     0     0             1    <0.5
  HRSH17  戸河内        34.572  132.233     1     0     0             1    <0.5
  NGNH34  大町中        36.533  137.820     0     0     0             1    <0.5
  SZOH39  西伊豆西      34.799  138.772     0     0     0             1    <0.5
  YMGH04  周東          34.027  132.063     0     0     0             0    <0.5
  YMGH10  むつみ        34.484  131.633     0     0     0             0    <0.5
  YMGH08  豊浦          34.135  130.932     0     0     0             0    <0.5
  SMNH09  匹見          34.572  132.012     0     0     0             0    <0.5
  YMGH16  上関          33.826  132.104     0     0     0             0    <0.5
  TKYH13  檜原南        35.702  139.127     0     0     0             0    <0.5
  SZOH54  初島2         35.042  139.168     0     0     0             0    <0.5
  OITH03  安岐          33.474  131.686     0     0     0             0    <0.5
  EHMH05  砥部          33.711  132.803     0     0     0             0    <0.5
  CHBH10  千葉          35.546  140.242     0     0     0             0    <0.5
  YMGH07  菊川          34.115  131.051     0     0     0             0    <0.5
  TCGH06  真岡          36.446  139.951     0     0     0             0    <0.5
  SITH07  名栗          35.912  139.149     0     0     0             0    <0.5
  KNGH23  葉山          35.262  139.611     0     0     0             0    <0.5
  EHMH07  河辺          33.502  132.748     0     0     0             0    <0.5
  EHMH11  大洲          33.581  132.601     0     0     0             0    <0.5
  YMGH15  徳山          33.972  131.815     0     0     0             0    <0.5
  EHMH06  日吉          33.335  132.798     0     0     0             0    <0.5
  YMGH06  宇部          33.989  131.301     0     0     0             0    <0.5
  NIGH11  川西          37.173  138.744     0     0     0             0    <0.5
  KNGH21  清川          35.463  139.215     0     0     0             0    <0.5
  TCGH10  大田原        36.858  140.023     0     0     0             0    <0.5
  KOCH03  大正          33.268  132.989     0     0     0             0    <0.5
  MYZH13  都城南        31.730  131.079     0     0     0             0    <0.5
  OITH11  九重          33.284  131.212     0     0     0             0    <0.5
  NGNH29  野沢温泉      36.910  138.441     0     0     0             0    <0.5
  GNMH09  高山          36.621  138.907     0     0     0             0    <0.5
  NIGH02  朝日          38.280  139.549     0     0     0             0    <0.5
  FKOH01  北九州        33.885  130.980     0     0     0             0    <0.5
  OITH01  山国          33.412  131.033     0     0     0             0    <0.5
  KMMH15  水俣          32.170  130.365     0     0     0             0    <0.5
  KOCH04  大月          32.841  132.707     0     0     0             0    <0.5