最大加速度リスト

地震発生時刻   2018/09/06-03:20:00.00
震央北緯       42.6°
震央東経       141.9°
震源深さ       36.0km
マグニチュード M5.5

  コード  観測点名      緯度    経度     最大加速度 (ガル) 三成分合成値 計測震度
　　　　　 　　         北緯    東経      N-S   E-W   U-D        (ガル)         
  HDKH04  門別西        42.513  142.038    84   128    34           134     3.7
  HKD105  門別          42.483  142.054    86    43    23            87     3.7
  HKD126  鵡川          42.575  141.928    22    64    21            64     3.9
  HKD129  苫小牧        42.634  141.606    40    52    14            56     2.5
  HKD131  登別          42.421  141.081    39    48    17            51     2.8
  HKD125  穂別          42.761  142.135    44    25    11            49     3.4
  HKD155  鹿部          42.044  140.806    36    36     8            45     2.9
  HKD127  追分          42.874  141.820    35    25     7            42     2.9
  HKD159  戸井          41.716  141.002    25    36     7            39     3.0
  HDKH06  静内          42.350  142.357    33    24    16            36     3.3
  IBUH06  室蘭          42.412  141.002    30    30    20            35     3.1
  HDKH01  平取西        42.703  142.230    21    33     6            34     3.0
  HDKH03  門別東        42.593  142.352    26    27     7            31     2.8
  IBUH01  追分          42.874  141.819    27    27     9            29     3.0
  HKD132  室蘭          42.348  141.032    23    28     9            29     2.6
  HKD185  支笏湖畔      42.776  141.402    17    28    14            28     2.4
  HKD128  早来          42.766  141.822    26    26    17            28     3.0
  HKD184  千歳          42.790  141.601    23    20    20            26     2.6
  SBSH08  喜茂別        42.768  140.977    22    17     8            24     2.2
  HKD106  静内          42.341  142.369    16    24     5            24     2.9
  IBUH07  大滝          42.648  141.064    20    22     9            23     2.1
  HKD103  幌毛志        42.727  142.297    15    22     6            23     2.6
  HKD134  大滝          42.671  141.079    16    18     9            22     2.4
  HKD181  江別          43.116  141.546    14    19    12            21     2.6
  HKD104  平取          42.589  142.131    20    15    10            21     2.4
  HKD157  南茅部        41.905  140.970    19    18     8            20     2.3
  HKD158  椴法華        41.834  141.141    19    19    13            20     2.8
  HKD124  由仁          42.999  141.790    18     9     2            20     1.6
  HKD133  伊達          42.473  140.866    18    11     4            19     2.0
  HKD108  三石          42.253  142.564    18    13     5            18     2.5
  HKD154  森            42.096  140.563    12    17     5            18     2.2
  HKD156  七飯          41.900  140.696    13    16     4            17     2.1
  AOMH01  大間          41.527  140.913     8    15     2            15     2.0
  OSMH02  上磯          41.837  140.633    11    11     4            14     1.9
  SRCH09  栗山          43.059  141.806    10    12     4            13     2.2
  AOM003  大畑          41.405  141.169    10    11     5            13     2.1
  IBUH05  白老          42.563  141.350     9    10     8            12     1.7
  HKD100  広尾          42.286  143.312     8    12     2            12     1.8
  IBUH02  穂別          42.871  142.129     7    11     2            12     1.4
  HKD145  喜茂別        42.798  140.936     9    10     5            11     1.9
  HKD180  札幌          43.139  141.351    11     8     4            11     2.1
  AOM005  むつ          41.295  141.197     9    10     3            11     2.0
  IKRH03  千歳          42.888  141.640     9     9     4            10     1.7
  HKD179  当別          43.224  141.517     6     7     3             9     1.7
  IWTH02  玉山          39.825  141.383     6     8     1             9     1.6
  HKD139  余市          43.197  140.782     7     8     4             9     1.6
  HKD130  白老          42.563  141.350     7     7     6             9     1.6
  HKD182  広島          42.992  141.552     7     7     4             9     1.6
  HKD183  定山渓        42.972  141.165     8     6     2             8     1.0
  HKD091  浦幌          42.809  143.659     6     8     4             8     1.8
  HKD107  農屋          42.419  142.499     6     7     3             8     1.8
  HKD140  小樽          43.191  140.994     6     7     3             8     1.5
  HKD153  上の湯        42.124  140.376     8     7     2             8     1.4
  AOM002  福浦          41.328  140.813     7     5     2             7     1.4
  AOMH05  野辺地        40.856  141.103     7     6     2             7     1.6
  AOM001  大間          41.527  140.924     4     6     2             7     1.4
  SBSH07  真狩          42.763  140.808     7     6     4             7     1.4
  IWT001  種市          40.410  141.719     4     7     2             7     1.3
  AOM011  三沢          40.680  141.367     6     6     3             7     1.6
  IKRH01  当別          43.409  141.584     5     5     1             7     1.1
  HDKH05  新冠          42.598  142.545     6     5     3             7     1.6
  AOM010  野辺地        40.872  141.142     5     6     2             7     1.4
  HKD160  函館          41.770  140.738     6     5     3             6     1.6
  AOMH06  六ヶ所        40.966  141.374     5     6     2             6     1.3
  SBSH04  共和          42.976  140.622     4     6     1             6     1.4
  HKD109  浦河          42.168  142.767     4     6     2             6     1.7
  AOM006  川内          41.198  140.997     5     6     2             6     1.4
  AOM007  南通          41.169  141.385     4     5     1             6     1.1
  HKD144  倶知安        42.906  140.767     4     5     2             6     1.6
  AOMH16  新郷          40.462  141.092     5     6     2             6     1.4
  AOM008  横浜          41.084  141.255     5     4     2             5     1.3
  HKD176  四番川        43.532  141.592     4     5     1             5     1.0
  IWTH08  久慈北        40.269  141.783     4     3     2             5     1.4
  AOM012  八戸          40.514  141.481     4     4     2             5     1.1
  AOMH17  名川          40.449  141.337     4     2     2             5     1.1
  HKD151  長万部        42.494  140.354     3     4     1             5     1.5
  HKD095  帯広          42.931  143.214     4     4     2             5     1.1
  HKD135  壮瞥          42.553  140.887     4     3     3             4     1.3
  AOM004  尻屋          41.409  141.449     4     3     1             4     0.8
  HKD110  様似          42.131  142.935     4     3     1             4     1.5
  HDKH07  様似          42.133  142.916     4     3     2             4     1.4
  HKD121  美唄          43.333  141.855     4     3     1             4     1.0
  HKD097  生花          42.618  143.421     4     3     1             4     1.1
  HKD178  石狩          43.172  141.305     3     3     3             4     1.4
  HKD169  木間内        41.935  140.369     3     4     1             4     1.1
  HKD122  岩見沢        43.197  141.775     4     2     2             4     0.9
  HKD120  月形          43.344  141.663     3     4     2             4     1.1
  AOMH12  十和田湖東    40.585  141.155     3     4     1             4     0.9
  AOM013  南部          40.412  141.280     4     3     1             4     1.0
  HKD096  中札内        42.697  143.136     3     3     2             4     0.9
  TKCH05  本別          43.121  143.618     3     3     1             4     0.9
  SRCH07  三笠          43.230  141.898     3     3     2             4     1.0
  HKD099  新得          43.074  142.839     3     4     2             4     1.3
  KSRH09  白糠南        42.986  143.984     3     3     1             4     1.1
  SRCH08  砂川          43.514  141.909     3     3     1             4     0.9
  SBSH02  泊            43.053  140.502     2     3     1             4     0.5
  HKD102  日高          42.877  142.448     3     2     2             4     1.2
  AOMH13  八戸          40.579  141.445     3     3     1             3     1.2
  HKD090  本別          43.121  143.618     3     3     1             3     0.8
  IWTH01  二戸東        40.238  141.342     3     3     1             3     1.1
  HKD143  岩内          42.979  140.509     2     3     1             3     1.1
  HKD167  熊石          42.130  139.982     3     2     1             3     0.7
  HKD177  厚田          43.400  141.435     3     2     1             3     0.8
  HKD112  えりも岬      41.937  143.240     2     3     1             3     0.8
  HKD113  目黒          42.129  143.315     2     3     1             3     0.7
  SBSH03  赤井川        43.084  140.820     3     3     2             3     1.0
  HKD136  豊浦          42.589  140.644     3     3     2             3     0.9
  AOMH11  十和田湖西    40.580  140.995     3     3     1             3     0.7
  HKD142  赤井川        43.085  140.820     3     2     2             3     1.0
  HKD165  今金          42.429  140.018     3     2     1             3     1.0
  IWTH12  九戸          40.153  141.424     3     3     1             3     0.9
  IWT020  藪川          39.784  141.329     3     3     2             3     1.4
  AOM020  青森          40.819  140.750     3     2     1             3     0.9
  HKD146  ニセコ        42.808  140.688     2     3     1             3     0.9
  HKD161  木古内        41.679  140.433     2     2     2             3     1.0
  KKWH08  占冠          43.041  142.656     3     3     1             3     1.0
  AOM023  中里          40.968  140.433     2     3     1             3     0.9
  HYMH02  厚沢部        41.986  140.309     3     3     1             3     1.0
  KSRH06  鶴居東        43.220  144.429     2     1     1             3    <0.5
  HKD138  積丹          43.292  140.601     2     2     1             3     0.7
  KSRH07  鶴居南        43.136  144.327     2     2     1             2     0.5
  HKD174  北島歌        42.595  139.829     2     2     1             2    <0.5
  AOM014  子ノ口        40.437  140.941     2     2     1             2     0.8
  HKD098  大樹          42.498  143.279     2     2     2             2     1.0
  KSRH02  阿寒南        43.114  144.123     2     2     1             2     0.7
  AOMH03  川内          41.234  140.990     2     2     1             2     0.6
  AOM021  十和田        40.615  141.208     2     2     1             2     0.7
  SRCH10  夕張          42.993  142.008     2     2     1             2     0.7
  HKD175  浜益          43.602  141.388     2     2     1             2    <0.5
  AOM027  脇野沢        41.145  140.822     2     2     1             2     0.8
  HKD085  白糠          42.958  144.070     2     2     1             2     0.8
  HKD040  占冠          42.980  142.399     2     2     1             2     0.6
  HKD123  夕張          42.993  142.008     2     2     1             2     0.7
  IWTH14  田老          39.743  141.909     2     2     0             2    <0.5
  IWT004  田老          39.736  141.967     2     2     1             2     0.6
  TKCH04  新得南        43.174  142.918     2     2     1             2     0.6
  HKD118  滝川          43.552  141.917     2     2     1             2    <0.5
  IWT021  西根          39.920  141.082     2     1     1             2     0.5
  AOM026  小泊          41.128  140.311     1     1     0             2     0.5
  HKD171  小砂子        41.649  139.998     1     1     0             2    <0.5
  IWTH07  軽米          40.270  141.571     2     1     0             2    <0.5
  IWT002  久慈          40.182  141.764     2     2     1             2     0.6
  HKD094  士幌          43.169  143.241     2     1     1             2    <0.5
  TKCH03  足寄西        43.271  143.432     1     2     1             2    <0.5
  HKD078  塘路          43.149  144.498     2     2     1             2    <0.5
  HKD162  福島          41.486  140.247     2     1     0             2    <0.5
  HKD152  八雲          42.259  140.264     1     2     1             2     0.7
  AOM028  八甲田        40.700  140.919     2     1     1             2     0.5
  AOMH18  田子          40.296  141.014     2     1     1             2    <0.5
  OSMH01  知内          41.598  140.421     2     1     1             2     0.7
  IWTH03  岩泉          39.802  141.652     1     1     0             2    <0.5
  HKD147  蘭越          42.805  140.530     1     2     1             2    <0.5
  KSRH04  標茶南        43.214  144.680     1     1     1             2    <0.5
  HKD148  黒松内        42.668  140.305     1     1     1             2     0.7
  AOM022  東田沢        40.992  140.916     1     1     1             2     0.5
  NMRH04  別海東        43.398  145.122     1     1     1             2    <0.5
  IWT005  宮古          39.647  141.946     1     1     2             2    <0.5
  IWT016  川井          39.600  141.679     1     1     0             2    <0.5
  IWTH04  住田          39.181  141.391     1     1     0             2    <0.5
  AOM025  今別          41.179  140.480     1     1     0             1    <0.5
  SBSH06  蘭越          42.831  140.483     1     1     1             1     0.5
  IWT017  門馬          39.634  141.438     1     1     0             1    <0.5
  IWTH21  山田          39.473  141.934     1     1     0             1    <0.5
  IWTH11  一戸          40.081  141.191     1     1     1             1    <0.5
  IWT006  山田          39.485  141.975     1     1     0             1    <0.5
  HYMH01  北檜山        42.485  139.968     1     1     1             1    <0.5
  KSRH05  鶴居西        43.256  144.234     1     1     0             1    <0.5
  KKWH14  中富良野      43.384  142.524     1     1     1             1    <0.5
  SRCH06  深川南        43.695  142.078     1     1     1             1    <0.5
  KKWH13  美瑛西        43.511  142.391     1     1     0             1    <0.5
  TKCH01  陸別          43.468  143.683     1     1     0             1    <0.5
  SBSH09  黒松内        42.610  140.484     1     1     1             1    <0.5
  NMRH03  中標津        43.551  144.966     1     1     0             1    <0.5
  IWTH09  久慈南        40.086  141.712     1     1     1             1    <0.5
  IWTH18  川井南        39.463  141.678     1     1     0             1    <0.5
  IWTH15  矢巾          39.615  141.093     1     1     0             1    <0.5
  IWTH27  陸前高田      39.031  141.532     1     1     0             1    <0.5
  IWTH13  葛巻          39.940  141.549     1     1     0             1    <0.5
  TKCH10  新得北        43.334  142.945     1     1     0             1    <0.5
  IWTH10  安代          40.139  140.953     1     1     0             1    <0.5
  SBSH10  島牧          42.780  140.156     1     1     0             1    <0.5
  KSRH08  白糠北        43.160  143.894     1     1     0             1    <0.5
  IWTH17  川井北        39.644  141.598     1     1     0             1    <0.5
  IWTH23  釜石          39.274  141.823     1     1     0             1    <0.5
  KSRH01  阿寒北        43.436  144.084     1     1     0             1    <0.5
  IWTH19  花巻北        39.456  141.000     1     1     0             1    <0.5
  AKTH09  田代          40.276  140.460     1     0     0             1    <0.5
  IWTH16  雫石          39.644  140.946     1     0     0             1    <0.5
  AOMH10  黒石          40.609  140.665     0     1     0             1    <0.5
  ABSH13  留辺蘂        43.742  143.451     1     0     0             1    <0.5
  AKTH07  小坂          40.456  140.839     0     0     0             0    <0.5
  ABSH15  置戸東        43.635  143.510     0     0     0             0    <0.5
  NMRH01  標津北        43.785  145.025     0     0     0             0    <0.5
  KKWH12  美瑛東        43.504  142.601     0     0     0             0    <0.5
  AOMH15  大鰐          40.484  140.556     0     0     0             0    <0.5
  IWTH24  金ヶ崎        39.198  141.012     0     0     0             0    <0.5