最大加速度リスト

地震発生時刻   2018/09/06-03:32:00.00
震央北緯       42.7°
震央東経       142.0°
震源深さ       34.0km
マグニチュード M4.6

  コード  観測点名      緯度    経度     最大加速度 (ガル) 三成分合成値 計測震度
　　　　　 　　         北緯    東経      N-S   E-W   U-D        (ガル)         
  HKD185  支笏湖畔      42.776  141.402    48    39    25            49     2.7
  HKD125  穂別          42.761  142.135    30    40    11            41     3.0
  HKD184  千歳          42.790  141.601    28    27    29            40     2.8
  IBUH01  追分          42.874  141.819    25    33    37            37     2.9
  IBUH02  穂別          42.871  142.129    19    30     4            35     2.1
  HKD103  幌毛志        42.727  142.297    30    29     5            34     2.9
  HDKH01  平取西        42.703  142.230    23    28     5            33     2.5
  SRCH09  栗山          43.059  141.806    21    27     8            31     2.6
  HKD127  追分          42.874  141.820    17    27    26            28     2.4
  HKD128  早来          42.766  141.822    20    23    18            25     2.8
  HKD129  苫小牧        42.634  141.606    21    13     6            25     2.0
  IKRH03  千歳          42.888  141.640    11    21     6            22     1.9
  HKD126  鵡川          42.575  141.928    11    18     6            20     2.8
  HKD124  由仁          42.999  141.790    16     9     4            18     1.6
  HDKH03  門別東        42.593  142.352    12    11     3            13     2.1
  HKD131  登別          42.421  141.081     9     8     4            10     1.3
  HDKH04  門別西        42.513  142.038     9     9     3            10     1.8
  HKD182  広島          42.992  141.552     9     6     4            10     1.5
  IBUH05  白老          42.563  141.350     6     5     9             9     0.9
  IBUH06  室蘭          42.412  141.002     6     5     5             7     1.3
  HKD105  門別          42.483  142.054     6     6     3             7     1.4
  HKD130  白老          42.563  141.350     5     3     7             7     0.8
  IBUH07  大滝          42.648  141.064     5     6     2             7     0.7
  HKD139  余市          43.197  140.782     5     6     2             7     1.2
  HKD181  江別          43.116  141.546     5     4     5             7     1.4
  HKD104  平取          42.589  142.131     6     5     2             6     1.1
  HKD180  札幌          43.139  141.351     3     6     5             6     1.2
  SRCH10  夕張          42.993  142.008     3     4     2             5     0.8
  HKD123  夕張          42.993  142.008     4     4     2             5     0.7
  HKD132  室蘭          42.348  141.032     5     3     2             5     0.9
  HKD102  日高          42.877  142.448     4     4     2             5     1.1
  HKD134  大滝          42.671  141.079     4     4     2             5     1.0
  HKD157  南茅部        41.905  140.970     4     4     2             4     0.9
  HKD121  美唄          43.333  141.855     4     3     1             4     1.1
  SBSH08  喜茂別        42.768  140.977     3     4     3             4     0.8
  HKD183  定山渓        42.972  141.165     4     3     1             4    <0.5
  IKRH01  当別          43.409  141.584     4     3     1             4     0.6
  HKD040  占冠          42.980  142.399     3     3     1             4     0.9
  SRCH07  三笠          43.230  141.898     3     3     1             3     1.0
  HDKH05  新冠          42.598  142.545     2     3     1             3     0.7
  HKD120  月形          43.344  141.663     3     3     2             3     0.7
  HKD158  椴法華        41.834  141.141     2     3     2             3     1.2
  HKD156  七飯          41.900  140.696     3     2     1             3    <0.5
  HKD178  石狩          43.172  141.305     2     2     3             3     0.6
  HKD159  戸井          41.716  141.002     2     2     1             3    <0.5
  HKD140  小樽          43.191  140.994     2     2     1             3    <0.5
  HKD145  喜茂別        42.798  140.936     2     2     2             3    <0.5
  HDKH06  静内          42.350  142.357     2     2     2             3     0.9
  HKD122  岩見沢        43.197  141.775     2     2     1             3    <0.5
  HKD179  当別          43.224  141.517     2     2     2             2    <0.5
  HKD108  三石          42.253  142.564     2     2     1             2     0.7
  SRCH08  砂川          43.514  141.909     2     2     1             2     0.5
  HKD155  鹿部          42.044  140.806     2     2     1             2    <0.5
  HKD099  新得          43.074  142.839     2     1     2             2     0.5
  KKWH08  占冠          43.041  142.656     2     2     2             2     0.5
  HKD154  森            42.096  140.563     1     2     1             2    <0.5
  TKCH04  新得南        43.174  142.918     1     1     2             2    <0.5
  HKD118  滝川          43.552  141.917     2     1     1             2    <0.5
  SBSH04  共和          42.976  140.622     2     1     0             2    <0.5
  SBSH03  赤井川        43.084  140.820     1     1     1             2    <0.5
  OSMH02  上磯          41.837  140.633     1     1     1             1    <0.5
  AOMH01  大間          41.527  140.913     1     1     0             1    <0.5
  HKD144  倶知安        42.906  140.767     1     1     0             1    <0.5
  HKD097  生花          42.618  143.421     1     1     0             1    <0.5
  TKCH05  本別          43.121  143.618     1     1     0             1    <0.5
  TKCH03  足寄西        43.271  143.432     0     1     1             1    <0.5
  HDKH07  様似          42.133  142.916     1     1     0             1    <0.5
  SRCH06  深川南        43.695  142.078     1     0     1             1    <0.5
  HYMH02  厚沢部        41.986  140.309     0     0     0             0    <0.5