最大加速度リスト

地震発生時刻   2011/03/09-11:45:00.00
震央北緯       38.3°
震央東経       143.3°
震源深さ       8.0km
マグニチュード M7.3

  コード  観測点名      緯度    経度     最大加速度 (ガル) 三成分合成値 計測震度
　　　　　 　　         北緯    東経      N-S   E-W   U-D        (ガル)         
  MYG001  気仙沼        38.901  141.568    86    98    41           104     3.9
  IWT012  北上          39.321  141.138    79    64    25            93     4.1
  MYG002  歌津          38.726  141.511    67    63    21            86     3.2
  MYG010  石巻          38.428  141.281    77    81    24            83     4.4
  AOM007  南通          41.226  141.396    47    67    13            78     3.9
  IWT009  大東          39.019  141.403    65    58    19            73     3.1
  IWT007  釜石          39.270  141.856    66    70    23            73     3.7
  IWT019  岩泉          39.849  141.803    51    58    29            71     4.0
  IWT006  山田          39.481  141.965    61    46    16            67     3.8
  IWT020  藪川          39.784  141.329    45    63    27            65     4.0
  IWTH27  陸前高田      39.031  141.532    59    59    21            63     3.4
  MYG007  豊里          38.588  141.251    59    47    32            61     3.8
  IWTH02  玉山          39.825  141.383    49    41    10            60     3.3
  MYG005  鳴子          38.799  140.651    57    28    23            58     4.3
  IWT013  遠野          39.337  141.538    58    50    25            58     3.6
  IWTH23  釜石          39.274  141.823    38    51    26            56     3.1
  MYG006  古川          38.580  140.965    54    41    16            56     4.1
  MYG004  築館          38.729  141.022    49    47    17            56     3.7
  IWT021  西根          39.920  141.082    51    45    17            55     3.9
  IWTH04  住田          39.181  141.391    45    44    18            55     3.6
  MYGH11  河北          38.516  141.342    53    39    20            54     3.4
  MYG015  岩沼          38.105  140.870    43    54    16            54     3.9
  MYG012  塩竈          38.318  141.019    35    46    24            54     3.4
  IWT026  相去          39.257  141.098    48    47    28            53     3.7
  IWTH20  花巻南        39.343  141.047    48    51    21            53     3.9
  MYG003  東和          38.735  141.311    30    50    19            52     3.1
  IWT014  石鳥谷        39.484  141.147    48    40    14            50     3.6
  IWT010  一関          38.933  141.117    45    46    18            49     3.6
  IWTH22  東和          39.334  141.302    41    47    20            48     3.2
  IWTH01  二戸東        40.238  141.342    38    42    11            45     3.4
  IWT016  川井          39.600  141.679    42    30    17            44     3.2
  IWTH26  一関東        38.969  141.001    36    40    18            43     3.4
  MYGH01  仙台          38.240  140.997    30    37    12            43     3.5
  AOM012  八戸          40.514  141.481    33    42    12            42     3.6
  MYG013  仙台          38.266  140.929    31    42    18            42     3.5
  IWT003  普代          40.008  141.886    39    32     9            42     3.7
  IWTH24  金ヶ崎        39.198  141.012    36    35    15            41     3.7
  IWT005  宮古          39.647  141.946    35    25    30            40     3.5
  FKS001  相馬          37.795  140.920    36    27     9            40     3.4
  IWT017  門馬          39.634  141.438    38    32    14            39     3.0
  MYG008  北上          38.577  141.451    38    38    18            39     3.2
  MYGH05  小野田        38.579  140.780    32    34    12            38     3.6
  IWTH21  山田          39.473  141.934    36    29    12            38     3.1
  MYGH10  山元          37.941  140.892    27    30    12            38     3.2
  IWTH05  藤沢          38.865  141.351    35    33    19            37     3.0
  IWTH11  一戸          40.081  141.191    29    33    13            37     3.6
  AOMH16  新郷          40.462  141.092    36    30    14            37     3.7
  AKTH04  東成瀬        39.174  140.713    34    28    12            37     3.1
  MYGH04  東和          38.786  141.325    32    27    11            37     2.8
  IWTH16  雫石          39.644  140.946    26    28    19            36     3.6
  FKS006  葛尾          37.503  140.759    26    32     9            36     3.1
  AOMH13  八戸          40.579  141.445    24    34    11            36     3.7
  IWT018  盛岡          39.695  141.148    18    35     9            35     3.0
  IWT001  種市          40.410  141.719    31    28    11            35     3.1
  MYG017  角田          37.976  140.782    26    34     7            34     3.4
  MYG014  作並          38.318  140.636    28    32    12            34     3.3
  IWT011  水沢          39.145  141.152    27    30    14            33     3.5
  IWTH18  川井南        39.463  141.678    32    16     9            33     2.6
  IWT025  大志田        39.517  140.830    29    32     7            33     3.0
  AOM010  野辺地        40.872  141.142    32    23     7            32     3.3
  AOMH12  十和田湖東    40.585  141.155    18    32     9            32     3.3
  IWT008  大船渡        39.081  141.708    30    22    12            31     2.8
  IWTH14  田老          39.743  141.909    31    24    16            31     2.6
  IWTH28  一関西2       39.009  140.864    29    23    15            31     3.2
  IWTH12  九戸          40.153  141.424    31    25    13            31     3.1
  AOMH05  野辺地        40.856  141.103    26    30     8            30     3.2
  IWT002  久慈          40.182  141.764    25    19    12            30     3.5
  IWTH15  矢巾          39.615  141.093    24    25    13            30     3.3
  FKSH19  都路          37.470  140.723    22    24     8            29     3.0
  IWT015  川尻          39.318  140.779    22    29     8            29     3.2
  AOM011  三沢          40.680  141.367    25    24    10            28     3.2
  IWT004  田老          39.737  141.970    26    24    11            28     3.0
  FKSH20  浪江          37.491  140.987    24    23     7            27     3.2
  AKTH14  鹿角          40.062  140.808    26    18     8            27     2.9
  MYGH03  唐桑          38.921  141.638    26    19    21            27     2.7
  FKS017  須賀川        37.284  140.369    24    19     7            26     3.1
  IWTH06  二戸西        40.261  141.171    21    25    12            25     3.3
  AOMH17  名川          40.449  141.337    23    18    15            25     3.3
  FKS019  二本松        37.603  140.437    15    22     9            25     2.8
  AKTH17  中仙          39.557  140.612    18    24     9            25     3.3
  MYGH12  志津川        38.642  141.443    20    19    12            24     2.6
  MYG009  大和          38.447  140.887    24    18     9            24     3.1
  MYG011  牡鹿          38.305  141.504    20    20    19            24     2.8
  MYGH06  田尻          38.591  141.071    20    19    14            24     3.1
  MYG016  白石          38.008  140.621    22    20    10            23     3.2
  AOM014  子ノ口        40.437  140.941    21    20    11            23     3.4
  FKS018  郡山          37.396  140.362    22    22     9            23     3.1
  IWT022  安代          40.101  141.052    18    21    10            22     3.2
  MYGH09  白石          38.009  140.603    16    22    12            22     3.1
  AKT016  大曲          39.454  140.476    19    20     7            22     3.3
  IWT024  二戸          40.263  141.290    21    18     9            22     3.0
  FKSH18  三春          37.489  140.538    21    15     7            22     2.8
  YMTH01  天童          38.384  140.381    15    20     7            22     3.1
  FKSH12  平田          37.217  140.570    20    15     7            21     2.7
  YMTH02  山形          38.269  140.258    14    16     6            21     3.2
  FKSH14  いわき東      37.026  140.970    17    19     8            21     3.0
  MYGH08  岩沼          38.113  140.844    21    14    10            21     3.0
  FKSH17  川俣          37.664  140.597    13    20     5            21     2.7
  FKSH11  矢吹          37.201  140.339    16    17     7            20     3.1
  FKS024  中野          37.396  140.132    17    19    10            20     3.3
  AOM013  南部          40.412  141.280    16    18     6            20     2.9
  AOM021  十和田        40.615  141.208    18    14     7            20     3.3
  IBRH07  江戸崎        35.952  140.330    16    19     2            19     3.5
  YMT015  米沢          37.904  140.100    14    15     4            19     3.0
  FKS002  梁川          37.845  140.601    14    16     5            19     2.6
  YMT007  東根          38.431  140.391    13    18     8            19     2.9
  FKS023  会津若松      37.477  139.929    16    16     4            19     2.9
  FKS004  飯舘          37.680  140.735    15    15     7            19     2.5
  IBRH11  岩瀬          36.370  140.140    14    17     5            18     2.7
  YMT006  尾花沢        38.600  140.405    17    15     7            18     3.0
  IWTH03  岩泉          39.802  141.652    12    18     6            18     2.4
  IWTH08  久慈北        40.269  141.783    14    17     7            18     2.8
  AKT014  角館          39.595  140.555    13    13     5            18     2.7
  FKS013  古殿          37.090  140.556    17    17     3            18     2.8
  FKS003  福島          37.761  140.480    17    16     7            18     2.8
  HKD158  椴法華        41.834  141.141    13    17     6            18     3.1
  FKS008  船引          37.436  140.567    16    13     5            17     2.5
  FKS010  広野          37.234  141.002    17    13     6            17     2.8
  AOM005  むつ          41.295  141.197    17    14     6            17     3.1
  IWTH07  軽米          40.270  141.571    16     9     8            17     2.9
  FKS005  原町          37.639  140.985    13    13     6            17     2.7
  FKS020  猪苗代        37.547  140.108    16    16     4            17     3.2
  YMTH07  米沢          37.896  140.028     9    17     5            17     2.6
  AOM024  蟹田          41.047  140.640    16    12     4            16     3.0
  AKTH19  湯沢          39.191  140.471    14    11     5            16     2.8
  AKT002  大館          40.268  140.566    16    11     3            16     3.1
  IBR001  大子          36.776  140.357    15    13     4            16     2.5
  YMT008  中村          38.386  139.992    14    11     6            16     3.0
  AOM028  八甲田        40.700  140.919    12    13     8            16     3.0
  TCG006  小川          36.764  140.130    13    12     8            15     3.1
  TCG014  茂木          36.545  140.174    14    12     3            15     2.2
  YMTH14  西川西        38.386  139.992    14    11     6            15     3.0
  IWT023  葛巻          40.037  141.450    13    15     5            15     2.5
  IBR005  笠間          36.385  140.237    14    13     5            15     2.6
  YMTH15  西川東        38.426  140.125    12     9     4            15     2.9
  AOM006  川内          41.198  140.997    14    13     5            15     2.7
  AKT023  椿台          39.146  140.717    10    13     8            15     2.9
  YMT011  上山          38.150  140.267    12    14     5            14     2.9
  TCGH13  馬頭          36.734  140.178    13    10     3            14     2.4
  MYGH02  鳴子          38.859  140.651    11    12     9            14     2.8
  TCG009  今市          36.726  139.715    14    11     3            14     2.3
  AKT011  宮田          39.813  140.580    13    13     6            14     2.6
  AOM003  大畑          41.405  141.169    12    13     5            14     2.9
  AKTH16  西仙北        39.545  140.348    12    13    10            14     3.1
  FKS016  白河          37.123  140.191    12    13     5            14     2.6
  YMT001  酒田          38.914  139.813    12    11     5            14     3.0
  IWTH17  川井北        39.644  141.598    11    12     8            13     2.4
  AOM008  横浜          41.084  141.255    13    10     7            13     2.9
  AKTH02  西木南        39.663  140.572    10    13     6            13     2.8
  AOMH18  田子          40.296  141.014    11     9     4            13     2.3
  TCGH16  芳賀          36.548  140.075    10    12     3            13     2.6
  IWTH09  久慈南        40.086  141.712    11    12     8            13     2.5
  IBRH13  高萩          36.795  140.575    12    10     4            13     2.3
  AOM020  青森          40.819  140.750    12    12     5            13     3.1
  IBR012  石岡          36.190  140.287     9    11     4            13     2.7
  AOMH09  岩木          40.620  140.350     5    11     2            12     2.5
  AOM027  脇野沢        41.145  140.822    11     9     3            12     2.5
  AOM023  中里          40.968  140.433     9    11     4            12     2.6
  HDKH06  静内          42.350  142.357    10     7     3            12     2.6
  IBRH10  石下          36.111  139.989    10    10     5            12     2.8
  FKS009  小野          37.278  140.635     9    10     3            12     2.0
  AKT017  横手          39.297  140.563    12     9     4            12     2.7
  AKT006  鹿角          40.215  140.787    11    11     7            12     2.8
  IBRH16  山方          36.641  140.398     8     9     3            12     2.0
  AKT005  能代          40.203  140.029     9    10     5            12     2.9
  FKSH10  西郷          37.162  140.093    11     9     5            11     2.4
  AKTH18  大森          39.355  140.387    11     8     7            11     2.6
  FKS011  いわき        37.091  140.904    10     9     8            11     2.6
  AOMH06  六ヶ所        40.966  141.374    10    11     5            11     2.6
  IWTH10  安代          40.139  140.953    10    11     4            11     2.4
  FKS007  大熊          37.406  140.963     9    10     5            11     2.4
  AKT012  田沢湖        39.699  140.718    10     9     6            11     2.6
  KNG206  平塚ST6       35.097  139.378     8    10     4            11     2.8
  KNGH10  横浜          35.499  139.519     7    10     2            11     2.4
  AKTH03  矢島          39.222  140.128     9    10     5            11     2.7
  AKT015  本荘          39.383  140.050     9     9     4            10     2.7
  AKT013  協和          39.607  140.321     8    10     5            10     2.5
  YMT003  鶴岡          38.729  139.801     8    10     3            10     2.6
  YMTH08  八幡          38.970  140.033     7     9     5            10     2.6
  FKS012  勿来          36.907  140.793     9    10     4            10     2.6
  IWTH13  葛巻          39.940  141.549     8     9     6            10     2.4
  FKS031  川内          37.336  140.813    10     7     4            10     2.3
  HKD091  浦幌          42.809  143.659    10     7     4            10     2.8
  AKTH01  西木北        39.815  140.579     9     7     5            10     2.5
  IBRH12  大子          36.837  140.318     8    10     4            10     2.0
  AOMH11  十和田湖西    40.580  140.995     8     9     4            10     2.1
  YMT005  肘折          38.607  140.162    10     9     7            10     2.5
  YMT009  寒河江        38.390  140.274     9     8     6            10     2.6
  AOM009  六ヶ所        40.967  141.373     8     7     6            10     2.5
  IBR019  北茨城        36.881  140.654     8     8     3            10     1.8
  IBR002  高萩          36.706  140.707     9     8     4            10     2.1
  AKTH12  五城目        39.916  140.222     7     9     5             9     2.6
  AOM016  弘前          40.602  140.499     7     9     3             9     2.7
  HKD126  鵡川          42.575  141.928     7     8     2             9     2.6
  SIT008  春日部        35.974  139.753     7     8     2             9     2.5
  FKSH16  福島          37.764  140.377     8     9     5             9     2.4
  IBR003  日立          36.592  140.645     8     8     4             9     1.9
  YMT010  山形          38.260  140.349     7     7     7             9     2.5
  AOMH04  青森          40.852  140.676     8     9     4             9     2.7
  NIG012  鹿瀬          37.686  139.477     6     7     3             9     2.5
  AKT007  琴丘          40.046  140.081     7     9     3             9     2.5
  AKTH06  雄勝          38.980  140.495     7     9     4             9     2.5
  AKT010  秋田          39.722  140.100     7     8     3             9     2.5
  YMT002  新庄          38.768  140.296     7     6     5             9     2.5
  TKCH06  芽室          42.892  143.060     8     7     3             9     2.7
  HKD066  標津          43.662  145.131     5     8     2             9     1.9
  HKD159  戸井          41.716  141.002     8     7     1             9     2.0
  AKT020  象潟          39.202  139.909     8     6     3             8     2.5
  AOM019  五所川原      40.815  140.447     8     7     3             8     2.6
  TCGH10  大田原        36.858  140.023     8     6     3             8     2.5
  YMT017  新庄支所      38.791  140.313     6     6     4             8     2.5
  IBR004  大宮          36.552  140.410     7     8     4             8     2.2
  AKTH09  田代          40.276  140.460     6     8     5             8     2.5
  AKT022  玉川          39.774  140.667     8     6     5             8     2.4
  SIT003  久喜          36.072  139.697     7     6     2             8     2.6
  HKD086  直別          42.854  143.858     8     7     4             8     2.1
  TCGH12  氏家          36.696  139.984     8     8     3             8     2.5
  IBR015  岩井          36.069  139.908     6     8     3             8     2.2
  OSMH01  知内          41.598  140.421     7     4     2             8     2.4
  AOMH03  川内          41.234  140.990     7     7     5             8     2.5
  IBR006  水戸          36.369  140.453     8     7     3             8     2.1
  AKT001  小坂          40.328  140.743     6     8     2             8     2.1
  KNGH11  厚木          35.404  139.354     7     7     1             8     2.5
  NIGH04  関川          38.131  139.543     7     5     3             8     2.5
  CHB003  白井          35.794  140.056     6     7     2             7     2.0
  AKT003  藤里          40.278  140.263     5     7     5             7     2.5
  CHB008  浦安          35.654  139.902     5     7     2             7     2.5
  FKSH09  郡山          37.353  140.426     7     7     3             7     1.9
  TCG008  鹿沼          36.560  139.768     6     7     2             7     2.0
  SIT010  大宮          35.907  139.648     6     7     2             7     2.3
  NIG007  村上          38.230  139.486     7     5     3             7     2.5
  TKY013  砂町          35.660  139.834     6     7     2             7     2.5
  AKTH10  大館          40.300  140.581     7     6     3             7     2.4
  CHB019  鋸南          35.111  139.835     7     5     1             7     2.4
  KNG013  小田原        35.264  139.152     6     7     3             7     2.5
  TKY028  越中島        35.669  139.789     6     6     2             7     2.3
  HKD132  室蘭          42.348  141.032     5     6     2             7     2.2
  HKD128  早来          42.766  141.822     6     5     3             7     2.2
  CHB007  佐倉          35.723  140.227     6     7     2             7     2.1
  NIGH08  津川          37.671  139.465     7     5     4             7     2.4
  HKD110  様似          42.131  142.935     6     7     2             7     2.3
  YMTH12  立川          38.636  140.006     7     6     4             7     2.4
  IBRH15  御前山        36.557  140.301     6     6     2             7     1.5
  TKCH07  豊頃          42.811  143.520     5     7     2             7     2.5
  TKY021  猿江          35.688  139.819     5     7     2             7     2.3
  TKY020  塩浜          35.666  139.809     6     6     2             7     2.5
  GNM009  桐生          36.411  139.325     5     7     2             7     2.0
  IBR010  下妻          36.184  139.965     6     6     2             7     2.2
  CHB029  行徳          35.695  139.918     6     5     1             7     2.2
  KNG002  横浜          35.437  139.634     6     5     2             7     2.3
  NIG011  新津          37.801  139.144     5     6     3             7     2.3
  HKD129  苫小牧        42.634  141.606     6     6     2             7     2.4
  IBR007  那珂湊        36.352  140.595     6     6     3             7     1.9
  IBRH17  霞ヶ浦        36.086  140.314     7     6     3             7     2.0
  AKTH07  小坂          40.456  140.839     5     6     3             7     2.3
  TKY022  横網          35.687  139.796     5     7     2             7     2.3
  TKY027  瑞江          35.693  139.891     6     6     2             7     2.3
  AOM022  東田沢        40.992  140.916     5     6     2             7     2.0
  IBR011  つくば        36.125  140.090     5     6     3             7     2.2
  HKD098  大樹          42.498  143.279     6     6     4             7     2.5
  IBR014  土浦          36.073  140.195     6     6     3             7     2.3
  AKT018  鳥海          39.194  140.190     5     5     5             7     2.3
  FKS015  棚倉          37.022  140.377     6     7     3             7     2.0
  TCG001  黒磯          36.942  140.083     5     6     4             7     2.3
  IBR018  鹿嶋          35.977  140.632     6     5     2             7     2.1
  GNM011  太田          36.291  139.361     5     6     2             7     2.2
  TCG012  小山          36.286  139.805     6     6     2             7     2.2
  HKD095  帯広          42.931  143.214     5     6     3             7     2.5
  TCG005  矢板          36.806  139.926     6     6     2             7     2.2
  AOM026  小泊          41.128  140.311     6     6     2             6     2.4
  CHBH13  成田          35.831  140.298     6     5     2             6     2.0
  NIGH02  朝日          38.280  139.549     5     6     4             6     2.4
  AOM015  碇ヶ関        40.474  140.631     5     5     3             6     2.2
  TKYH11  江東          35.611  139.812     5     6     2             6     2.4
  CHB006  成田          35.780  140.307     6     6     3             6     2.2
  HKD161  木古内        41.679  140.433     6     6     2             6     2.3
  KSRH10  浜中          43.208  145.117     5     6     2             6     1.6
  YMT013  小国          38.062  139.757     5     5     2             6     2.0
  AKTH15  協和          39.688  140.407     5     5     3             6     2.0
  AKT009  男鹿          39.888  139.847     5     6     3             6     2.3
  FKSH04  会津高田      37.451  139.813     6     4     2             6     2.0
  IBR017  江戸崎        35.954  140.319     5     5     2             6     2.0
  TKY017  辰巳          35.647  139.809     5     5     2             6     2.3
  AOMH14  西目屋        40.549  140.273     5     5     1             6     1.9
  HDKH07  様似          42.133  142.916     4     6     2             6     2.2
  IKRH03  千歳          42.888  141.640     5     6     2             6     2.4
  CHB001  野田          35.959  139.873     5     6     2             6     2.0
  AKT019  雄勝          39.038  140.451     5     6     5             6     2.1
  SITH01  岩槻          35.929  139.735     5     5     2             6     2.2
  TKY026  宇喜田        35.670  139.863     5     4     2             6     2.4
  HKD184  千歳          42.790  141.601     6     4     2             6     2.2
  IKRH02  新篠津        43.220  141.652     5     6     2             6     2.4
  HKD135  壮瞥          42.553  140.887     5     6     2             6     2.1
  TCG013  真岡          36.437  140.023     5     4     3             6     1.9
  AOM029  西目屋        40.576  140.297     4     5     2             6     2.1
  TKY014  亀戸          35.689  139.835     5     5     2             6     2.2
  IBUH06  室蘭          42.412  141.002     5     5     2             6     2.0
  HKD106  静内          42.341  142.369     4     5     2             6     2.2
  SITH11  飯能          35.864  139.273     5     4     1             6     1.5
  FKSH08  長沼          37.282  140.214     5     5     3             6     1.9
  NGN015  諏訪          36.045  138.112     4     6     1             6     2.3
  KNG205  平塚ST5       34.941  139.421     5     5     1             6     2.1
  AOM025  今別          41.179  140.480     6     5     4             6     2.3
  IBR008  下館          36.306  139.983     5     5     2             6     2.0
  FKS014  矢祭          36.868  140.430     5     5     3             6     1.9
  HKD103  幌毛志        42.727  142.297     5     4     3             6     2.3
  NIG013  巻            37.764  138.883     4     5     2             6     2.1
  GNM013  高崎          36.318  139.018     5     4     1             6     2.1
  IBRH21  つくば南      35.981  140.105     5     5     3             6     1.9
  OSMH02  上磯          41.837  140.633     4     5     3             5     2.2
  HKD109  浦河          42.168  142.767     5     5     2             5     2.2
  YMTH04  上山          38.081  140.298     5     4     2             5     1.4
  CHB012  東金          35.573  140.333     4     4     2             5     2.1
  CHB024  稲毛          35.633  140.078     5     5     2             5     2.2
  FKS022  西会津        37.600  139.647     5     5     2             5     2.1
  HKD082  阿寒湖畔      43.437  144.085     4     5     2             5     2.3
  IBRH18  ひたちなか    36.363  140.620     4     5     2             5     1.5
  AOMH08  鰺ヶ沢        40.762  140.312     5     4     2             5     2.2
  HKD071  厚床          43.233  145.260     3     5     1             5     1.3
  KSRH01  阿寒北        43.436  144.084     5     5     2             5     2.4
  YMT014  下屋地        37.921  139.870     4     5     3             5     2.0
  CHB014  姉崎          35.477  140.049     5     4     1             5     1.9
  TKY015  東白鬚        35.731  139.812     4     5     2             5     2.0
  GNM010  館林          36.234  139.533     5     5     2             5     2.1
  KSRH03  標茶北        43.385  144.628     5     5     2             5     1.4
  AOMH10  黒石          40.609  140.665     4     5     3             5     2.1
  CHB015  木更津        35.374  139.916     4     4     2             5     2.1
  YMNH11  大月          35.625  138.978     5     5     2             5     2.0
  CHB010  八日市場      35.708  140.568     5     3     1             5     2.0
  SZO013  清水          35.041  138.476     5     5     2             5     2.2
  CHB016  岬            35.300  140.387     3     5     1             5     2.0
  AKTH13  阿仁          39.982  140.407     5     4     2             5     1.6
  HKD080  弟子屈        43.508  144.448     4     4     2             5     1.5
  HKD180  札幌          43.139  141.351     4     5     1             5     2.3
  SIT011  川口          35.810  139.721     5     4     2             5     2.1
  TCG015  芹沼          36.749  139.714     5     4     2             5     1.8
  HKD068  上西春別      43.411  144.770     4     4     2             5     1.4
  HKD092  池田          42.928  143.448     4     4     2             5     2.0
  FKSH05  下郷          37.254  139.873     4     4     2             5     1.6
  SZO010  御殿場        35.309  138.935     4     5     2             5     2.2
  KNG201  平塚ST1       34.596  139.918     5     4     1             5     2.1
  TKY023  八広          35.725  139.825     5     5     2             5     2.2
  HKD169  木間内        41.935  140.369     4     4     2             5     2.2
  FKSH03  高郷          37.608  139.753     5     4     2             5     2.1
  NIG014  三条          37.641  138.956     5     4     2             5     2.2
  NIGH05  聖籠          37.976  139.279     4     4     2             5     2.1
  AOM018  鯵ヶ沢        40.778  140.198     3     5     2             5     2.0
  KSRH09  白糠南        42.986  143.984     4     4     3             5     2.1
  YMT012  長井          38.107  140.043     4     4     2             5     1.7
  HKD096  中札内        42.697  143.136     5     4     2             5     2.2
  HKD072  落石          43.195  145.521     3     4     1             5     1.2
  AOM002  福浦          41.328  140.813     4     4     1             5     1.5
  CHBH19  蓮沼          35.594  140.511     4     4     2             5     2.1
  AKTH08  藤里          40.319  140.234     4     4     2             5     2.0
  HKD144  倶知安        42.906  140.767     4     4     2             5     2.1
  TKY016  東雲          35.648  139.799     4     5     2             5     2.1
  IBRH14  十王          36.692  140.548     4     3     2             5     1.3
  KNG202  平塚ST2       34.740  139.839     4     4     2             5     1.9
  HKD099  新得          43.074  142.839     4     4     1             5     2.0
  TKCH08  大樹          42.486  143.152     4     4     2             5     1.8
  TCG007  宇都宮        36.569  139.886     4     3     2             5     2.0
  HKD077  釧路          42.984  144.382     3     3     3             5     1.4
  YMN004  塩山          35.702  138.727     4     4     1             4     2.1
  NMRH05  別海西        43.390  144.802     4     4     2             4     1.5
  YMN005  甲府          35.655  138.568     4     4     1             4     2.1
  TKY005  町田          35.578  139.416     3     4     2             4     2.0
  GNMH05  伊勢崎        36.314  139.185     4     4     1             4     1.9
  NMRH04  別海東        43.398  145.122     4     4     2             4     1.5
  TKY024  奥戸          35.740  139.862     4     4     1             4     2.0
  AOMH01  大間          41.527  140.913     4     3     2             4     2.0
  TCGH06  真岡          36.446  139.951     4     4     2             4     2.0
  KSRH07  鶴居南        43.136  144.327     3     4     2             4     1.8
  TKCH05  本別          43.121  143.618     4     4     1             4     1.2
  HKD085  白糠          42.958  144.070     4     4     2             4     2.1
  SRCH09  栗山          43.059  141.806     4     4     2             4     2.0
  NIG008  中条          38.053  139.405     4     4     3             4     2.0
  SIT002  熊谷          36.148  139.388     4     4     1             4     1.9
  YMN009  六郷          35.496  138.463     4     4     1             4     2.0
  AOM004  尻屋          41.409  141.449     4     3     3             4     1.7
  FKS025  下郷          37.308  139.900     3     4     3             4     1.6
  CHBH10  千葉          35.546  140.242     4     3     1             4     2.0
  AKTH05  鳥海          39.072  140.319     4     3     2             4     1.7
  CHB004  佐原          35.901  140.490     4     3     2             4     1.8
  CHB028  市川北        35.766  139.966     4     4     2             4     1.8
  IBRH20  波崎2         35.828  140.732     3     4     1             4     1.8
  TKY025  篠崎          35.714  139.897     3     4     2             4     1.9
  TKY003  青梅          35.797  139.291     4     4     1             4     1.6
  IBR009  古河          36.185  139.704     3     4     2             4     2.0
  HKD074  納沙布        43.368  145.803     3     4     1             4     1.2
  HKD078  塘路          43.149  144.498     4     3     3             4     1.6
  NIG003  佐和田        37.998  138.323     3     4     2             4     2.0
  AOMH15  大鰐          40.484  140.556     3     3     3             4     1.7
  SRCH08  砂川          43.514  141.909     4     3     1             4     2.0
  NIGH06  加茂          37.653  139.068     3     3     2             4     1.9
  TKY007  新宿          35.711  139.686     3     3     1             4     1.8
  TKY004  八王子        35.628  139.403     3     3     2             4     1.9
  CHB002  松戸          35.787  139.903     3     4     1             4     1.7
  SBSH07  真狩          42.763  140.808     3     4     1             4     1.9
  HKD178  石狩          43.172  141.305     3     4     2             4     2.0
  CHB011  蓮沼          35.602  140.501     3     4     2             4     2.0
  KNG204  平塚ST4       34.893  139.571     3     3     2             4     1.8
  HKD094  士幌          43.169  143.241     3     3     2             4     2.1
  HKD179  当別          43.224  141.517     3     4     1             4     2.0
  HKD122  岩見沢        43.197  141.775     3     3     2             4     2.0
  HKD105  門別          42.483  142.054     3     4     2             4     1.9
  YMT016  清川          38.789  140.018     3     4     3             4     1.7
  NIG002  両津          38.075  138.440     4     3     1             4     1.9
  GNMH12  神流          36.144  138.913     3     3     2             4     1.2
  SIT001  本庄          36.243  139.194     3     4     1             4     1.9
  HKD070  本別海        43.385  145.284     3     2     1             4     1.4
  HKD125  穂別          42.761  142.135     3     4     2             4     1.8
  HKD108  三石          42.253  142.564     3     3     2             4     1.7
  HKD090  本別          43.121  143.618     3     4     1             4     1.2
  HKD181  江別          43.116  141.546     3     3     2             4     1.9
  IBUH01  追分          42.874  141.819     4     3     1             4     1.6
  CHB020  鴨川          35.115  140.102     3     3     1             4     1.8
  NIG009  新発田        37.951  139.338     3     3     2             4     1.9
  NMRH03  中標津        43.551  144.966     4     4     1             4     1.5
  YMN003  富士吉田      35.465  138.813     3     4     1             4     1.9
  TCGH14  粟野          36.551  139.615     3     3     1             4     1.0
  HKD073  根室          43.333  145.600     3     3     1             4     0.9
  SITH06  川本          36.113  139.289     3     3     2             4     1.7
  SITH03  日高          35.899  139.384     3     3     2             4     1.8
  AKT021  阿仁          39.995  140.403     3     3     2             4     1.8
  NMRH02  標津南        43.677  144.962     3     3     2             4     1.2
  HKD131  登別          42.421  141.081     3     3     1             4     1.6
  FKSH02  熱塩加納      37.732  139.882     3     3     2             3     1.6
  HKD127  追分          42.874  141.820     3     3     1             3     1.6
  GNM008  前橋          36.348  139.137     3     3     1             3     1.7
  HKD076  厚岸          43.051  144.850     3     2     2             3     2.0
  TCG002  塩原          36.990  139.803     2     3     1             3     1.3
  HKD084  阿寒          43.114  144.123     3     3     1             3     1.9
  HKD154  森            42.096  140.563     3     3     1             3     1.8
  SIT009  川越          35.903  139.483     3     3     1             3     1.7
  IBUH07  大滝          42.648  141.064     3     3     1             3     1.8
  NIG015  村松          37.694  139.189     3     2     2             3     1.7
  KSRH02  阿寒南        43.114  144.123     3     3     1             3     1.9
  NGN016  富士見        35.913  138.223     3     3     1             3     1.9
  TKYH12  八王子        35.670  139.265     3     3     1             3     1.6
  ABSH11  女満別        43.914  144.191     3     2     1             3     2.0
  CHB017  市場          35.299  140.076     3     3     1             3     1.7
  CHBH16  鴨川          35.138  139.965     2     3     1             3     1.9
  FKS021  喜多方        37.654  139.863     2     3     2             3     1.7
  HKD097  生花          42.618  143.421     3     3     2             3     1.7
  HKD067  中標津        43.555  144.973     3     2     1             3     1.3
  FKS026  南郷          37.266  139.539     3     3     1             3     1.4
  TCG016  北高岡        36.529  140.156     3     3     2             3     1.7
  TCG003  藤原          36.814  139.715     3     3     1             3     1.1
  AOM001  大間          41.527  140.924     3     3     1             3     1.7
  TKYH02  府中          35.654  139.470     3     3     1             3     1.8
  HKD162  福島          41.486  140.247     3     3     1             3     1.6
  HKD116  沼田          43.801  141.934     3     3     2             3     1.9
  YMTH13  朝日          38.470  139.761     3     2     2             3     1.7
  HKD112  えりも岬      41.937  143.240     2     3     1             3     1.5
  HKD054  北見          43.800  143.901     3     2     2             3     1.9
  TCGH09  矢板          36.862  139.836     2     3     2             3     1.6
  HKD093  糠平          43.319  143.305     3     3     2             3     1.9
  KNG203  平塚ST3       34.798  139.643     3     2     1             3     1.7
  HKD151  長万部        42.494  140.354     3     3     1             3     1.7
  ABSH06  湧別北        44.215  143.620     2     2     1             3     1.7
  AKT004  八森          40.389  139.983     2     2     2             3     1.8
  HKD022  増毛          43.852  141.528     3     2     2             3     1.8
  YMTH03  南陽          38.103  140.155     2     3     2             3     1.2
  SBSH03  赤井川        43.084  140.820     3     3     1             3     1.8
  HKD048  湧別          44.220  143.615     2     3     1             3     1.7
  HKD142  赤井川        43.085  140.820     2     3     1             3     1.8
  HKD146  ニセコ        42.808  140.688     3     3     2             3     1.8
  YMN010  須玉          35.792  138.410     3     2     1             3     1.6
  HKD118  滝川          43.552  141.917     2     2     2             3     1.7
  YMNH08  西野原        35.690  138.734     3     2     1             3     1.6
  GNM003  沼田          36.658  139.078     2     3     1             3     1.5
  HKD083  鶴居          43.233  144.325     2     3     1             3     1.7
  HDKH01  平取西        42.703  142.230     2     2     2             3     1.7
  CHB013  茂原          35.433  140.291     2     3     1             3     1.6
  NGNH12  南牧          35.970  138.480     3     2     1             3     1.6
  IBUH05  白老          42.563  141.350     3     2     2             3     1.7
  YMTH05  小国          37.988  139.802     2     3     2             3     1.6
  HKD102  日高          42.877  142.448     2     3     1             3     1.7
  HKD130  白老          42.563  141.350     3     2     1             3     1.6
  HKD173  青苗          42.066  139.452     2     3     1             3     1.5
  HKD168  江差          41.869  140.127     2     2     2             3     1.7
  HKD155  鹿部          42.044  140.806     3     2     1             3     1.6
  SRCH04  沼田          43.820  141.940     2     2     1             3     1.7
  HKD069  別海          43.394  145.117     3     3     1             3     1.2
  TKCH03  足寄西        43.271  143.432     3     2     1             3     1.7
  SZO008  沼津          35.096  138.866     2     2     1             3     1.5
  HKD156  七飯          41.900  140.696     2     2     1             3     1.6
  HKD120  月形          43.344  141.663     2     3     1             3     1.5
  KNGH18  藤野          35.644  139.128     2     2     1             3     1.5
  SIT007  東松山        36.054  139.391     3     2     1             3     1.5
  AOMH07  深浦          40.745  140.023     2     2     1             3     1.6
  HKD121  美唄          43.333  141.855     2     2     1             3     1.7
  SIT006  秩父          35.995  139.071     2     2     1             3     1.3
  YMN006  本栖          35.468  138.607     2     2     1             3     1.5
  TCG010  足尾          36.635  139.438     2     2     1             3     1.0
  CHB026  長南          35.387  140.237     2     2     1             3     1.5
  CHBH11  養老          35.287  140.153     2     2     1             3     1.6
  HKD039  富良野        43.342  142.385     2     2     2             3     1.6
  NIG006  寒川          38.450  139.496     2     2     1             3     1.3
  SZOH35  伊東中        34.947  139.085     2     2     1             2     1.4
  GNM007  渋川          36.462  139.010     2     2     1             2     1.3
  KKWH08  占冠          43.041  142.656     2     2     1             2     1.1
  HKD124  由仁          42.999  141.790     2     2     2             2     1.6
  SZO011  富士宮        35.213  138.602     2     2     1             2     1.4
  KNG006  二俣川        35.454  139.539     2     2     1             2     1.5
  NIG018  柏崎          37.372  138.558     2     2     1             2     1.7
  GNM014  坂本          36.350  138.718     2     2     1             2     1.2
  TKCH02  足寄東        43.382  143.898     1     2     1             2     1.5
  HKD185  支笏湖畔      42.776  141.402     2     2     1             2     1.3
  HKD107  農屋          42.419  142.499     2     2     2             2     1.6
  NIG028  長岡支所      37.426  138.886     2     2     1             2     1.5
  HKD041  天人峡        43.625  142.684     2     2     1             2     1.5
  SZOH42  修善寺        34.976  138.913     2     2     1             2     1.4
  FKS028  只見          37.349  139.314     2     2     1             2     1.4
  HKD079  標茶          43.303  144.600     2     2     1             2     1.6
  KKWH07  富良野        43.370  142.341     2     2     1             2     1.3
  HKD157  南茅部        41.905  140.970     2     2     1             2     1.1
  GNMH08  嬬恋          36.492  138.524     2     2     1             2     1.6
  NIGH01  長岡          37.427  138.888     2     2     1             2     1.5
  SRCH06  深川南        43.695  142.078     2     2     2             2     1.5
  HKD040  占冠          42.980  142.399     2     2     2             2     1.5
  IBRH19  つくば        36.214  140.089     2     2     1             2     0.9
  HKD104  平取          42.589  142.131     2     2     1             2     1.4
  HKD148  黒松内        42.668  140.305     2     2     1             2     1.5
  HYMH02  厚沢部        41.986  140.309     2     2     1             2     1.5
  ABSH12  小清水        43.857  144.457     2     2     1             2     1.5
  HKD117  深川          43.724  142.053     2     2     1             2     1.6
  HKD134  大滝          42.671  141.079     2     2     1             2     1.2
  SITH10  都幾川        35.996  139.219     2     2     1             2     0.9
  KNG005  鎌倉          35.319  139.546     2     2     1             2     1.4
  TKCH04  新得南        43.174  142.918     2     2     1             2     1.2
  SITH04  所沢          35.803  139.535     2     2     1             2     1.4
  AOM017  深浦          40.636  139.928     2     2     1             2     1.4
  TCG011  葛生          36.387  139.614     2     2     1             2     1.0
  HKD059  小清水        43.856  144.463     2     2     1             2     1.5
  YMN002  大月          35.613  138.947     2     2     1             2     1.2
  NGNH11  富士見        35.916  138.305     2     2     1             2     1.4
  KNG012  秦野          35.379  139.205     1     2     1             2     1.2
  SZO005  松崎          34.755  138.784     2     2     1             2     1.4
  SIT004  長瀞          36.118  139.105     2     2     1             2     0.7
  NIGH10  上川          37.544  139.365     2     2     1             2     1.2
  SZO018  榛原          34.740  138.224     1     1     1             2     1.2
  TKCH11  清水          42.874  142.883     2     2     1             2     1.2
  KNG004  三崎          35.144  139.622     2     2     1             2     1.3
  TKCH01  陸別          43.468  143.683     2     2     1             2     1.4
  KSRH05  鶴居西        43.256  144.234     2     2     1             2     1.4
  IBUH02  穂別          42.871  142.129     2     2     1             2     1.4
  TCG004  湯元          36.806  139.420     2     2     1             2     1.1
  SBSH06  蘭越          42.831  140.483     1     2     1             2     1.4
  HKD119  芦別          43.520  142.191     2     1     1             2     1.4
  NIG022  塩沢          37.036  138.846     2     2     1             2     1.3
  HKD163  松前          41.434  140.112     2     2     1             2     1.2
  HKD004  上猿払        45.214  142.226     2     1     0             2     1.5
  HKD055  美幌          43.824  144.109     2     1     1             2     1.3
  ABSH13  留辺蘂        43.742  143.451     1     2     1             2     1.4
  NIGH11  川西          37.173  138.744     2     1     1             2     1.3
  ISK002  正院          37.444  137.288     1     2     1             2     1.4
  NIGH09  下田          37.539  139.128     2     1     1             2     1.4
  HKD075  浜中          43.077  145.130     1     2     1             2     0.8
  HKD087  二股          43.150  143.892     1     1     1             2     1.1
  NMRH01  標津北        43.785  145.025     2     1     1             2     0.8
  GNM006  吾妻          36.510  138.752     2     2     1             2    <0.5
  GNM004  草津          36.617  138.592     1     2     1             2     1.2
  GNMH11  富岡          36.286  138.921     2     2     1             2     1.2
  ABSH14  美幌          43.723  144.184     2     1     1             2     1.4
  NIGH14  塩沢          37.030  138.852     1     2     1             2     1.1
  KNGH20  松田          35.366  139.126     2     2     1             2     1.2
  TKY008  岡田          34.785  139.391     2     2     1             2     0.7
  NIG019  小千谷        37.304  138.812     2     1     1             2     1.3
  KNG014  山北          35.361  139.083     2     2     1             2     1.2
  KSRH08  白糠北        43.160  143.894     1     2     1             2     1.0
  NIG017  長岡          37.442  138.843     2     1     1             2     1.2
  FKSH21  只見          37.342  139.315     1     2     1             2     1.0
  HKD064  羅臼          44.020  145.189     2     1     1             2     0.9
  HKD152  八雲          42.259  140.264     1     2     1             2     1.4
  SIT005  小川          36.056  139.263     2     1     1             2     1.0
  NGN010  小諸          36.328  138.436     1     2     1             2     1.0
  NGN008  上田          36.402  138.249     1     2     1             2     1.3
  NIG001  岩谷口        38.258  138.434     1     2     1             2     1.1
  SRCH07  三笠          43.230  141.898     2     1     1             2     1.2
  ABSH07  白滝          43.849  143.086     2     1     1             2     1.3
  NGNH19  川上          35.974  138.584     1     1     1             2     0.9
  KKWH14  中富良野      43.384  142.524     2     1     1             2     1.3
  HKD136  豊浦          42.589  140.644     1     2     0             2     0.9
  YMT004  温海          38.628  139.589     1     1     1             2     1.1
  HKD038  南富良野      43.167  142.566     1     1     1             2     1.1
  HKD123  夕張          42.993  142.008     2     1     1             2     1.2
  SBSH08  喜茂別        42.768  140.977     1     2     1             2     1.0
  NIG021  十日町        37.128  138.747     1     1     1             2     1.1
  SITH09  皆野          36.072  139.099     1     1     1             2     1.0
  KKWH04  名寄          44.438  142.406     1     1     1             2     1.3
  SOYH02  猿払南        45.216  142.225     1     1     0             2     1.3
  NIG020  小出          37.233  138.962     1     1     1             2     1.2
  NGN024  飯田          35.523  137.837     1     1     1             2     1.2
  NGNH24  松川          35.615  137.880     1     1     1             2     1.1
  SZOH34  清水北        35.130  138.424     2     1     1             2     1.0
  SITH07  名栗          35.912  139.149     1     1     1             2     0.9
  TCGH07  栗山西        36.882  139.453     1     2     1             2     0.8
  NGNH21  伊那          35.831  137.924     1     1     1             2     1.1
  SRCH10  夕張          42.993  142.008     2     1     1             2     1.2
  KNG011  藤野          35.615  139.155     1     1     1             2     1.0
  SITH05  神泉          36.151  139.050     2     1     1             2     0.7
  YMNH15  上九一色      35.532  138.605     1     1     1             2     1.1
  SITH08  小鹿野        36.027  138.969     2     1     1             2     0.9
  HDKH05  新冠          42.598  142.545     1     1     1             2     1.1
  RMIH03  遠別          44.636  141.819     1     1     1             2     1.1
  NGN021  駒ヶ根        35.730  137.934     1     1     1             1     1.1
  NIGH18  妙高          36.943  138.259     1     1     1             1     0.9
  YMNH12  増穂          35.562  138.449     1     1     1             1     1.2
  IKRH01  当別          43.409  141.584     1     1     1             1     1.1
  HKD053  留辺蘂        43.785  143.607     1     1     1             1     0.6
  GIFH28  中津川        35.457  137.471     1     1     1             1     1.2
  YMNH14  都留南        35.511  138.968     1     1     1             1     1.0
  ISK008  羽咋          36.892  136.778     1     1     0             1     0.9
  GNMH14  みどり        36.493  139.322     1     1     1             1     0.8
  NIG024  安塚          37.127  138.444     1     1     1             1     0.9
  HKD171  小砂子        41.649  139.998     1     1     1             1     1.0
  FKSH06  伊南          37.172  139.520     1     1     1             1     1.0
  NGNH16  茅野          35.947  138.185     1     1     1             1     0.9
  NGNH03  阿智2         35.479  137.735     1     1     1             1     0.9
  ABSH15  置戸東        43.635  143.510     1     1     1             1     1.1
  KNGH23  葉山          35.262  139.611     1     1     1             1     1.0
  KKWH13  美瑛西        43.511  142.391     1     1     1             1     1.1
  HKD052  常呂          44.120  144.071     1     1     1             1     1.1
  HKD037  美瑛          43.589  142.468     1     1     1             1     1.1
  HKD111  えりも        42.017  143.149     1     1     1             1     1.0
  KKWH12  美瑛東        43.504  142.601     1     1     1             1     1.0
  HKD057  津別          43.706  144.027     1     1     1             1     0.9
  RMIH02  天塩          44.895  141.925     1     1     1             1     1.1
  YMNH16  甲府2         35.742  138.565     1     1     1             1     0.8
  HKD170  湯ノ岱        41.749  140.251     1     1     1             1     1.0
  SBSH05  倶知安        42.950  140.822     1     1     0             1     0.8
  NIGH07  村松          37.666  139.261     1     1     1             1     0.8
  CHBH17  勝浦東        35.171  140.340     1     1     1             1     0.8
  KNGH21  清川          35.463  139.215     1     1     1             1     0.8
  YMNH13  身延          35.351  138.420     1     1     1             1     0.7
  NGNH18  開田          35.932  137.595     1     1     0             1     0.6
  FKSH01  西会津        37.757  139.715     1     1     1             1     0.9
  RMIH05  小平西        44.025  141.788     1     1     0             1     0.9
  HKD021  留萌          43.941  141.637     1     1     1             1     1.0
  KKWH11  和寒          43.975  142.283     1     1     0             1    <0.5
  GNMH13  水上2         36.862  139.063     1     1     1             1     0.6
  TKCH10  新得北        43.334  142.945     1     1     1             1     0.8
  HYMH01  北檜山        42.485  139.968     1     1     1             1     0.9
  TKYH13  檜原南        35.702  139.127     1     1     1             1     0.7
  SZOH37  芝川          35.203  138.566     1     1     0             1     0.6
  GNMH09  高山          36.621  138.907     1     1     1             1     0.8
  NGNH29  野沢温泉      36.910  138.441     1     1     0             1     0.5
  GNMH07  利根          36.700  139.210     1     1     1             1    <0.5
  AICH14  長久手        35.184  137.047     1     1     0             1     0.8
  SZOH38  函南          35.085  138.978     1     1     1             1     0.5
  CHBH20  鴨川南        35.088  140.100     1     1     1             1     0.8
  NGNH13  喬木          35.514  137.877     1     1     0             1     0.6
  NIGH12  湯之谷        37.224  138.982     1     1     1             1     0.6
  NGNH28  戸隠          36.708  138.096     1     1     0             1     0.7
  NGNH22  長谷          35.795  138.082     1     1     0             1    <0.5
  ABSH09  斜里南        43.927  144.807     1     1     1             1     0.6
  KNGH19  山北中        35.417  139.044     1     1     1             1     0.6
  NIGH17  妙高高原      36.857  138.097     1     1     0             1     0.7
  AICH09  豊橋          34.664  137.390     1     1     0             1     0.7
  RMIH04  小平東        44.097  141.962     1     1     1             1     0.7
  ABSH10  佐呂間        44.081  143.946     1     1     0             1    <0.5
  NGNH27  信州新        36.577  138.048     1     1     0             1     0.7
  SZOH39  西伊豆西      34.799  138.772     1     1     1             1     0.6
  NGNH54  飯田          35.449  138.006     1     1     0             1     0.6
  NIGH19  湯沢          36.811  138.785     1     1     0             1    <0.5
  SBSH10  島牧          42.780  140.156     1     1     0             1     0.5
  NGNH31  塩尻          36.118  137.939     1     1     0             1     0.5
  NGNH10  木祖          35.963  137.767     1     1     0             1    <0.5
  YMNH10  早川北        35.535  138.309     1     1     0             1     0.5
  KKWH10  中川          44.662  142.053     1     1     0             1     0.5
  SBSH09  黒松内        42.610  140.484     1     1     0             1    <0.5
  SZOH33  静岡南        35.015  138.353     1     1     0             1     0.5
  ABSH08  斜里北        44.064  144.994     1     1     0             1    <0.5
  KKWH15  上川          43.855  142.766     1     1     0             1     0.6
  NGNH23  南木曽        35.606  137.611     1     1     0             1    <0.5
  NIGH15  六日          37.053  138.995     1     1     0             1    <0.5
  YMNH09  早川          35.433  138.333     1     1     0             1    <0.5
  SRCH05  深川北        43.824  142.159     0     1     0             1    <0.5
  NGNH17  佐久          36.142  138.550     1     1     0             1    <0.5
  SBSH02  泊            43.053  140.502     1     0     0             1    <0.5
  GIFH20  下呂北        35.799  137.253     0     1     0             1    <0.5
  NGNH25  南信濃        35.299  137.927     1     0     0             1    <0.5
  RMIH01  幌延          45.017  142.079     1     0     0             1     0.5
  SRCH02  幌加内中      44.116  142.141     0     1     0             1    <0.5
  ISKH03  内浦          37.346  137.244     0     1     0             1    <0.5
  TYMH04  魚津          36.791  137.469     0     0     0             1    <0.5
  SOYH10  歌登南        44.743  142.604     0     1     0             1    <0.5
  SOYH04  稚内東        45.230  141.881     1     0     0             1    <0.5
  SZOH36  藤枝          34.914  138.201     0     0     0             1    <0.5
  AICH16  設楽          35.154  137.535     0     0     0             0    <0.5
  KKWH03  美深西        44.473  142.273     0     0     0             0    <0.5
  ABSH05  滝上南        44.115  143.011     0     0     0             0    <0.5
  GIFH21  美並          35.666  136.962     0     0     0             0    <0.5
  TYMH06  八尾          36.571  137.160     0     0     0             0    <0.5
  SBSH01  古平          43.234  140.623     0     0     0             0    <0.5
  KKWH02  美深東        44.551  142.574     0     0     0             0    <0.5
  NGNH34  大町中        36.533  137.820     0     0     0             0    <0.5
  NGNH33  生坂          36.460  137.964     0     0     0             0    <0.5
  SZOH41  南伊豆        34.675  138.834     0     0     0             0    <0.5
  ABSH03  興部東        44.384  143.241     0     0     0             0    <0.5
  KKWH09  音威子府      44.775  142.254     0     0     0             0    <0.5
  NGNH20  上松          35.787  137.717     0     0     0             0    <0.5
  AICH17  豊根          35.184  137.727     0     0     0             0    <0.5
  SZOH40  河津          34.783  138.970     0     0     0             0    <0.5
  SZOH30  水窪北        35.223  137.918     0     0     0             0    <0.5
  ABSH02  興部西        44.423  143.026     0     0     0             0    <0.5
  ABSH01  雄武          44.528  142.844     0     0     0             0    <0.5
  SOYH08  中頓別        44.939  142.225     0     0     0             0    <0.5
  SZOH53  掛川3         34.877  138.017     0     0     0             0    <0.5
  MIEH10  芸濃          34.822  136.424     0     0     0             0    <0.5
  FKIH06  高浜          35.491  135.484     0     0     0             0    <0.5
  AICH21  南知多        34.740  136.939     0     0     0             0    <0.5
  GIFH03  根尾          35.633  136.613     0     0     0             0    <0.5
  AICH07  旭            35.219  137.404     0     0     0             0    <0.5
  AICH20  新城          34.898  137.488     0     0     0             0    <0.5
  SZOH32  龍山東        35.009  137.841     0     0     0             0    <0.5
  GIFH19  朝日南        36.022  137.391     0     0     0             0    <0.5
  KKWH06  下川東        44.321  142.766     0     0     0             0    <0.5
  GIFH18  馬瀬          35.899  137.149     0     0     0             0    <0.5
  GIFH06  高富          35.504  136.794     0     0     0             0    <0.5
  AICH11  春日井        35.306  137.057     0     0     0             0    <0.5
  MIEH01  四日市        34.985  136.456     0     0     0             0    <0.5
  GIFH11  八百津        35.486  137.246     0     0     0             0    <0.5
  GIFH16  朝日北        36.094  137.344     0     0     0             0    <0.5
  GIFH24  東白川        35.640  137.319     0     0     0             0    <0.5
  GIFH17  高鷲          35.951  136.873     0     0     0             0    <0.5
  GIFH08  大和          35.832  136.962     0     0     0             0    <0.5
  GIFH23  板取          35.724  136.785     0     0     0             0    <0.5
  KYTH02  伊根          35.710  135.250     0     0     0             0    <0.5
  GIFH25  谷汲          35.521  136.613     0     0     0             0    <0.5
  NARH07  天理          34.584  135.854     0     0     0             0    <0.5
  SOYH01  猿払北        45.335  142.119     0     0     0             0    <0.5
  SIGH04  日野          34.964  136.261     0     0     0             0    <0.5
  GIFH13  白川          36.274  136.898     0     0     0             0    <0.5
  GIFH12  坂内          35.603  136.413     0     0     0             0    <0.5
  AICH15  足助          35.139  137.336     0     0     0             0    <0.5
  SZOH24  引佐          34.834  137.662     0     0     0             0    <0.5
  GIFH22  金山          35.668  137.105     0     0     0             0    <0.5
  GIFH14  上宝          36.249  137.517     0     0     0             0    <0.5
  TYMH07  利賀          36.441  137.039     0     0     0             0    <0.5
  GIFH07  春日          35.418  136.435     0     0     0             0    <0.5