最大加速度リスト

地震発生時刻   2011/03/15-22:31:00.00
震央北緯       35.3°
震央東経       138.7°
震源深さ       14.0km
マグニチュード M6.4

  コード  観測点名      緯度    経度     最大加速度 (ガル) 三成分合成値 計測震度
　　　　　 　　         北緯    東経      N-S   E-W   U-D        (ガル)         
  SZO011  富士宮        35.213  138.602   501   982   747          1076     6.3
  SZOH37  芝川          35.203  138.566   363   476   142           476     5.1
  KNGH20  松田          35.366  139.126   201   201    88           268     4.5
  YMN006  本栖          35.468  138.607   161   237   123           255     4.4
  YMNH14  都留南        35.511  138.968   139   185    82           211     4.1
  KNG013  小田原        35.264  139.152   153   185    86           199     4.7
  YMNH15  上九一色      35.532  138.605   188   139   122           197     4.0
  SZO001  熱海          35.142  139.079    69   194    30           194     3.6
  KNG014  山北          35.361  139.083   189   131    62           191     4.5
  SZOH34  清水北        35.130  138.424   131   187    94           189     4.4
  YMN003  富士吉田      35.465  138.813   167   156   157           186     4.8
  YMN002  大月          35.613  138.947   182   158    56           185     4.1
  SZO012  蒲原          35.127  138.621   169   113    79           174     4.4
  SZO010  御殿場        35.309  138.935   157   136    72           165     4.9
  SZO013  清水          35.041  138.476    95   163    58           164     5.0
  YMN009  六郷          35.496  138.463   106   142    46           148     4.5
  SZO009  裾野          35.197  138.913   121   145    48           145     4.5
  YMN007  南部          35.279  138.465   123   113    57           143     4.0
  KNGH18  藤野          35.644  139.128   129   112    47           142     4.1
  YMNH11  大月          35.625  138.978   108   115    58           140     4.3
  KNG205  平塚ST5       34.941  139.421   102   105    10           138     4.3
  YMNH09  早川          35.433  138.333   100   106    29           124     3.9
  YMN008  早川          35.432  138.332   112   100    28           124     3.9
  KNG206  平塚ST6       35.097  139.378    70   103    13           113     4.3
  SZO008  沼津          35.096  138.866    98    70    46           101     3.8
  KNGH10  横浜          35.499  139.519    75    93    57            96     4.2
  YMN005  甲府          35.655  138.568    63    93    32            94     3.7
  KNG009  厚木          35.442  139.362    83    54    27            92     3.9
  SZOH38  函南          35.085  138.978    80    78    51            91     3.7
  KNG203  平塚ST3       34.798  139.643    76    85     6            87     4.0
  TKY001  氷川          35.803  139.096    47    75    28            81     3.1
  YMN004  塩山          35.702  138.727    60    80    30            80     3.6
  YMNH13  身延          35.351  138.420    47    69    38            78     3.7
  SITH06  川本          36.113  139.289    57    63    14            77     3.1
  SZO015  梅ヶ島        35.243  138.341    73    67    37            76     3.5
  KNGH19  山北中        35.417  139.044    73    52    23            74     3.5
  YMNH08  西野原        35.690  138.734    61    71    32            72     3.7
  TKY005  町田          35.578  139.416    48    60    22            71     3.5
  KNG012  秦野          35.379  139.205    46    66    21            70     3.6
  TKY003  青梅          35.797  139.291    68    44    17            69     3.7
  SITH11  飯能          35.864  139.273    47    62    23            68     3.7
  KNGH21  清川          35.463  139.215    53    61    38            66     3.3
  SZOH42  修善寺        34.976  138.913    55    60    26            64     3.7
  NGN014  小海          36.096  138.484    60    33    20            64     3.1
  SIT004  長瀞          36.118  139.105    59    47    10            63     2.9
  SITH07  名栗          35.912  139.149    48    61    12            62     2.7
  KNG008  相模原        35.575  139.327    52    37    29            62     3.0
  KNG005  鎌倉          35.319  139.546    40    57    14            58     3.4
  NGNH23  南木曽        35.606  137.611    51    48    10            55     3.1
  SZO014  静岡          34.965  138.374    45    49     9            53     3.7
  SZO002  伊東          34.965  139.103    46    37    21            51     3.4
  NGNH19  川上          35.974  138.584    47    34    23            51     2.8
  TKY002  桧原          35.730  139.145    41    38    25            50     2.8
  YMNH12  増穂          35.562  138.449    24    50    23            50     3.3
  YMN001  丹波山        35.789  138.920    40    38    13            50     2.7
  YMNH10  早川北        35.535  138.309    40    41    18            49     3.2
  SZO003  東伊豆        34.816  139.055    43    30    21            48     3.2
  KNGH11  厚木          35.404  139.354    44    41    11            48     3.8
  SIT014  中津川        35.995  138.801    43    35    20            47     2.6
  KNG201  平塚ST1       34.596  139.918    33    47     3            47     3.5
  AICH17  豊根          35.184  137.727    42    40    13            46     3.2
  SZOH33  静岡南        35.015  138.353    43    28    16            46     3.2
  KNG010  平塚          35.336  139.350    42    31    17            43     3.6
  SIT006  秩父          35.995  139.071    42    32    11            43     2.9
  SZO007  修善寺        34.977  138.947    41    37    15            42     2.7
  TKYH13  檜原南        35.702  139.127    35    38    33            41     2.7
  KNG204  平塚ST4       34.893  139.571    23    41     7            41     3.2
  KNG002  横浜          35.437  139.634    39    30    21            41     3.4
  CHB022  富津          35.308  139.860    27    39     6            39     3.0
  SZOH39  西伊豆西      34.799  138.772    23    25    37            38     2.5
  CHB019  鋸南          35.111  139.835    35    27    10            37     3.7
  YMNH16  甲府2         35.742  138.565    21    33    17            37     2.5
  KNG001  川崎          35.529  139.706    18    33    12            36     3.2
  NGNH18  開田          35.932  137.595    27    32    10            36     3.2
  NGN016  富士見        35.913  138.223    26    36    11            36     3.1
  SZOH35  伊東中        34.947  139.085    33    30    21            36     3.4
  TKYH12  八王子        35.670  139.265    26    30    23            35     3.0
  YMN010  須玉          35.792  138.410    22    32    18            34     2.9
  TKY006  小金井        35.699  139.503    32    29    20            34     3.2
  CHBH12  富津          35.344  139.855    23    24     6            33     3.3
  NGNH12  南牧          35.970  138.480    31    26    18            33     2.7
  GNMH12  神流          36.144  138.913    24    31    15            33     3.0
  NGNH14  平谷          35.309  137.626    33    27     9            33     2.5
  AIC006  稲武          35.216  137.509    28    27     6            33     2.9
  TKY018  八枝          35.655  139.811    24    25    20            32     3.2
  KNG011  藤野          35.615  139.155    29    23    12            31     2.7
  KNG004  三崎          35.144  139.622    24    30     9            31     3.1
  NGNH11  富士見        35.916  138.305    20    30     9            31     3.0
  TKY008  岡田          34.785  139.391    29    29    12            31     2.7
  GNM015  下仁田        36.229  138.758    26    24    10            31     2.3
  NGNH16  茅野          35.947  138.185    18    29    19            31     2.9
  SZOH40  河津          34.783  138.970    28    27    26            31     2.6
  AIC009  豊田          35.081  137.146    20    27    10            31     2.8
  SITH08  小鹿野        36.027  138.969    24    26     7            30     2.6
  SZO006  土肥          34.911  138.794    26    22    16            30     2.6
  GIF007  高根          36.038  137.486    18    29     8            29     2.6
  NGNH25  南信濃        35.299  137.927    29    18     8            29     2.4
  NGN019  木曽福島      35.856  137.708    28    25    10            28     2.5
  AICH18  岡崎          34.964  137.238    23    20    10            28     2.5
  NGNH13  喬木          35.514  137.877    17    26    10            28     2.8
  NGN025  天龍          35.281  137.857    26    22     7            27     2.8
  NGN024  飯田          35.523  137.837    24    23    15            27     3.0
  AIC010  作手          34.976  137.424    24    21    20            26     3.0
  KNG007  藤沢          35.339  139.490    25    17    12            26     3.1
  SZO018  榛原          34.740  138.224    20    26    10            26     3.3
  TKY004  八王子        35.628  139.403    23    20    14            26     3.1
  NGNH03  阿智2         35.479  137.735    21    25    10            26     2.8
  SZO021  本川根        35.097  138.133    22    22     7            25     2.3
  SZO025  湖西          34.719  137.531    23    19     9            25     3.3
  TCG009  今市          36.726  139.715    21    17     5            25     2.7
  SZO022  佐久間        35.092  137.814    19    21    15            24     2.8
  SZO016  焼津          34.857  138.311    18    24     7            24     3.3
  KNG202  平塚ST2       34.740  139.839    15    24    10            24     2.8
  CHB015  木更津        35.374  139.916    16    23    13            24     3.1
  CHB014  姉崎          35.477  140.049    23    19    18            24     3.0
  TKY023  八広          35.725  139.825    17    17     6            23     2.8
  NGN015  諏訪          36.045  138.112    23    19     9            23     3.4
  GNM016  万場          36.116  138.925    16    22     6            22     2.4
  NGNH17  佐久          36.142  138.550    18    22    10            22     2.2
  NGN002  信濃          36.807  138.207    20    18     6            22     2.6
  NGN023  大鹿          35.579  138.034    18    18     7            22     2.3
  IBRH07  江戸崎        35.952  140.330    16    16     2            22     3.4
  SZOH36  藤枝          34.914  138.201    21    17     7            21     2.6
  SZOH30  水窪北        35.223  137.918    18    11     6            21     2.1
  KNG006  二俣川        35.454  139.539    21    18     6            21     2.8
  SIT013  所沢          35.797  139.466    15    20     8            20     2.7
  SZOH28  浜松          34.668  137.744    20    16    11            20     2.8
  TKYH02  府中          35.654  139.470    13    17     6            20     2.7
  SIT007  東松山        36.054  139.391    19    20     6            20     2.3
  KNG003  横須賀        35.273  139.658    19    16     8            20     2.6
  TKY027  瑞江          35.693  139.891    20    11     4            20     3.0
  AICH15  足助          35.139  137.336    18    13     5            19     2.3
  NGNH24  松川          35.615  137.880    14    14     9            19     2.7
  AICH09  豊橋          34.664  137.390    12    19     8            19     2.7
  SZO028  川奈          34.952  139.138    15    19    11            19     2.7
  SIT010  大宮          35.907  139.648    14    16     6            19     2.9
  TKY007  新宿          35.711  139.686    17    18     8            19     2.8
  SZO005  松崎          34.755  138.784    15    16     9            19     2.5
  AIC012  安城          34.912  137.045    12    18     6            19     2.8
  TKY022  横網          35.687  139.796    15    16     8            19     2.7
  SZO026  春野          34.982  137.898    15    18     8            19     2.3
  AICH12  幡豆          34.788  137.106    16    14     6            18     2.7
  NGN022  南木曽        35.608  137.613    17    17     9            18     2.4
  AICH16  設楽          35.154  137.535    14    15     6            18     2.2
  SZO027  西伊豆        34.790  138.801    12    17     9            17     2.3
  AIC008  設楽          35.098  137.570    14    14     4            17     1.7
  AIC004  名古屋        35.063  136.974    14    14     7            17     2.4
  TKY017  辰巳          35.647  139.809    14    14     9            17     2.9
  TKYH11  江東          35.611  139.812    15    17     8            17     2.8
  AIC011  知多          34.996  136.864    11    17     7            17     2.5
  AICH22  豊橋北        34.785  137.439    14    13     9            17     2.6
  AICH19  作手          34.951  137.411    13    14     6            17     1.9
  SIT008  春日部        35.974  139.753    12    13     4            16     2.8
  SZO004  南伊豆        34.647  138.819    12    13    12            16     2.0
  AIC015  豊橋          34.755  137.405    14    13     5            16     2.6
  CHB003  白井          35.794  140.056    11    13    11            16     2.6
  NGNH54  飯田          35.449  138.006    14    13     7            16     2.3
  AICH20  新城          34.898  137.488    15    13     6            15     2.1
  GIF023  土岐          35.388  137.216    14    12     6            15     2.5
  NGN017  楢川          35.975  137.826     8    15     5            15     1.9
  SZO023  天竜          34.874  137.816    14    11     9            15     2.7
  NGN018  王滝          35.813  137.530    11    14     6            15     2.4
  NGNH31  塩尻          36.118  137.939     9    15     5            15     2.0
  SZOH25  新居          34.691  137.560    14    11    11            15     2.4
  AIC016  美浜          34.779  136.909    12    11     7            15     2.5
  CHB017  市場          35.299  140.076    14    13     7            15     2.7
  SZOH31  川根          34.940  138.077    14    13     5            15     2.4
  GIFH26  各務原        35.412  136.876    12    11     4            14     2.5
  SITH09  皆野          36.072  139.099    12    13     4            14     2.2
  SITH10  都幾川        35.996  139.219    11    12     9            14     1.9
  SITH05  神泉          36.151  139.050    11    12     4            14     2.1
  AICH14  長久手        35.184  137.047    14    12     6            14     2.5
  GNM011  太田          36.291  139.361    13    11     4            14     2.5
  CHB008  浦安          35.654  139.902    14    13     6            14     2.8
  SIT009  川越          35.903  139.483    13    10     6            14     2.4
  GNM013  高崎          36.318  139.018    10    12     3            14     2.7
  TKY010  新島          34.378  139.257    11    10     8            14     2.5
  TKY021  猿江          35.688  139.819    12    11     5            14     2.9
  AICH21  南知多        34.740  136.939    12    10     4            14     2.4
  SZO024  浜松          34.710  137.720    12    10     8            13     2.6
  YMN011  芦安          35.638  138.383    10    13     7            13     2.4
  NGN008  上田          36.402  138.249    11    12     4            13     2.4
  SIT005  小川          36.056  139.263    10    13     5            13     2.1
  CHB007  佐倉          35.723  140.227    13     8     4            13     2.4
  GNMH08  嬬恋          36.492  138.524    12    12     6            13     2.5
  TKY016  東雲          35.648  139.799    10    13     7            13     2.7
  GNM010  館林          36.234  139.533    10    10     3            13     2.3
  TKY028  越中島        35.669  139.789    12    13     6            13     2.9
  NGNH20  上松          35.787  137.717    10    11     3            13     2.0
  SITH03  日高          35.899  139.384    11    10     5            13     2.5
  SZOH32  龍山東        35.009  137.841    12    11     6            13     2.0
  TKY013  砂町          35.660  139.834     9    12     6            13     2.8
  CHB028  市川北        35.766  139.966    10    11     9            13     2.3
  CHB020  鴨川          35.115  140.102     8    13     4            13     2.6
  GIF018  中津川        35.489  137.500    10    12     5            13     2.3
  GIFH20  下呂北        35.799  137.253    10    11     5            13     2.5
  GNM009  桐生          36.411  139.325     9    12     4            13     2.2
  CHB029  行徳          35.695  139.918    12     9     3            12     2.6
  TCG014  茂木          36.545  140.174    10    12     2            12     2.2
  SIT011  川口          35.810  139.721    12    10     4            12     2.8
  SIT012  飯能          35.840  139.321    10    10     6            12     2.1
  TCG008  鹿沼          36.560  139.768    10    11     5            12     2.4
  TKY024  奥戸          35.740  139.862    12    11     4            12     2.6
  GIFH15  高山          36.134  137.221    11    11     5            12     2.5
  TKY026  宇喜田        35.670  139.863    11    10     8            12     2.7
  SZOH41  南伊豆        34.675  138.834    10    10     7            12     1.9
  GIF024  明智          35.301  137.387    10     9     3            12     1.9
  IBR016  取手          35.911  140.049     8     9     5            12     2.2
  SIT003  久喜          36.072  139.697    11    11     4            12     2.8
  CHBH16  鴨川          35.138  139.965    11     8     5            12     2.5
  IBRH11  岩瀬          36.370  140.140    10    11     3            11     2.2
  NGNH10  木祖          35.963  137.767     8    11     4            11     2.0
  TKY020  塩浜          35.666  139.809    10    11     6            11     2.7
  SZO019  掛川          34.770  137.998     9    11     4            11     2.3
  TKY014  亀戸          35.689  139.835     9    10     6            11     2.6
  IBRH21  つくば南      35.981  140.105     9    10     6            11     2.2
  AIC013  長篠          34.934  137.576     8    11     5            11     1.8
  AIC014  蒲郡          34.826  137.220    10     9     4            11     2.1
  TCGH16  芳賀          36.548  140.075     6    11     2            11     2.1
  GNM005  嬬恋          36.513  138.518     6    10     3            11     2.0
  GIF010  下呂          35.803  137.245    10    10     5            11     2.4
  TKY015  東白鬚        35.731  139.812    10    10     6            11     2.8
  SZO017  浜岡          34.637  138.128    10     9     7            11     2.4
  AIC017  田原          34.673  137.261     9    10     4            11     2.4
  CHB009  千葉          35.608  140.102    10     7     5            11     2.4
  IBR013  鉾田          36.159  140.489    10    10     4            11     2.2
  NGN021  駒ヶ根        35.730  137.934    10    10     4            10     2.3
  GNM014  坂本          36.350  138.718     9     8     8            10     2.2
  CHB001  野田          35.959  139.873     8     8     3            10     2.2
  CHB012  東金          35.573  140.333    10     8     4            10     2.3
  GNM004  草津          36.617  138.592     8     9     4            10     2.1
  IBRH10  石下          36.111  139.989     9     9     3            10     2.6
  KNGH23  葉山          35.262  139.611     9     7     5            10     2.3
  CHB002  松戸          35.787  139.903    10     8     3            10     2.2
  NGNH22  長谷          35.795  138.082     8     9     4            10     2.1
  IBR005  笠間          36.385  140.237     8     7     4            10     1.9
  NGNH30  奈川          36.064  137.685     7     9     3            10     1.7
  TCGH13  馬頭          36.734  140.178     7     8     2             9     1.8
  GNM006  吾妻          36.510  138.752     6     8     4             9     1.8
  GNMH05  伊勢崎        36.314  139.185     8     9     3             9     2.3
  AIC005  藤岡          35.198  137.206     8     8     2             9     1.5
  AIC002  小牧          35.298  136.915     7     8     2             9     1.9
  CHB024  稲毛          35.633  140.078     8     6     4             9     2.2
  TKY025  篠崎          35.714  139.897     8     9     3             9     2.2
  SZOH53  掛川3         34.877  138.017     8     8     5             9     1.9
  NGN013  安曇          36.183  137.785     7     7     4             9     1.8
  NGNH21  伊那          35.831  137.924     9     8     4             9     2.0
  TCGH14  粟野          36.551  139.615     7     7     2             9     1.2
  GIFH28  中津川        35.457  137.471     9     5     4             9     2.1
  GIFH09  羽島          35.277  136.700     8     8     3             9     2.5
  IBR010  下妻          36.184  139.965     7     5     3             9     2.2
  NGNH32  松本          36.258  137.990     6     7     3             9     1.6
  SIT002  熊谷          36.148  139.388     8     8     3             9     2.3
  GNMH11  富岡          36.286  138.921     8     7     4             9     2.1
  TCG012  小山          36.286  139.805     6     7     3             9     2.2
  CHBH13  成田          35.831  140.298     7     5     3             9     2.1
  IBR015  岩井          36.069  139.908     6     8     3             9     2.2
  IBR012  石岡          36.190  140.287     6     8     4             8     2.4
  SZOH24  引佐          34.834  137.662     8     8     4             8     1.9
  GIFH18  馬瀬          35.899  137.149     8     7     3             8     2.0
  NGNH26  上山田        36.466  138.147     6     6     5             8     1.9
  AICH07  旭            35.219  137.404     6     7     2             8     1.6
  AICH10  鳳来          35.000  137.624     8     5     3             8     1.4
  SITH01  岩槻          35.929  139.735     8     6     3             8     2.3
  GIF004  栃尾          36.249  137.517     8     4     3             8     1.5
  CHB025  千倉          34.971  139.946     6     8     3             8     2.0
  NGN007  杭瀬下        36.534  138.119     6     6     3             8     1.8
  MIE004  亀山          34.857  136.449     8     7     3             8     1.9
  TCG015  芹沼          36.749  139.714     8     7     3             8     2.0
  GIF019  恵那          35.450  137.404     6     5     4             8     2.1
  GIFH17  高鷲          35.951  136.873     7     6     1             8     1.8
  GIF015  美濃          35.545  136.907     6     8     3             8     1.8
  CHBH04  下総          35.797  140.021     6     7     3             8     2.0
  AICH13  清洲          35.218  136.851     6     7     3             8     2.1
  GNM007  渋川          36.462  139.010     7     6     2             8     2.1
  AIC001  尾西          35.298  136.750     7     6     2             8     2.1
  CHB013  茂原          35.433  140.291     7     7     3             8     2.3
  GNM008  前橋          36.348  139.137     8     7     2             8     2.3
  NGN004  長野          36.649  138.194     7     5     3             8     1.4
  NGNH35  穂高          36.382  137.820     6     7     4             8     1.6
  GIFH11  八百津        35.486  137.246     7     4     3             7     1.5
  MIE002  菰野          35.028  136.507     7     6     2             7     1.9
  GIFH03  根尾          35.633  136.613     5     6     3             7     1.8
  AICH06  渥美          34.616  137.042     5     7     3             7     1.9
  TKY009  波浮港        34.687  139.441     6     6     3             7     2.0
  NGN010  小諸          36.328  138.436     7     7     6             7     2.1
  GIFH25  谷汲          35.521  136.613     7     5     2             7     1.9
  GIF014  付知          35.658  137.426     5     6     3             7     2.0
  FKI007  敦賀          35.645  136.058     6     5     2             7     2.1
  GIF021  美濃加茂      35.443  137.000     6     5     3             7     1.8
  SIG011  信楽          34.878  136.059     6     5     4             7     2.1
  CHB016  岬            35.300  140.387     7     7     3             7     2.3
  GIFH27  美濃加茂      35.453  137.004     7     5     2             7     1.6
  FKI003  福井          36.044  136.228     5     6     2             7     2.3
  CHB021  白浜          34.908  139.898     6     6     2             7     1.8
  TCG005  矢板          36.806  139.926     5     6     2             7     2.0
  IBR014  土浦          36.073  140.195     6     5     3             7     2.0
  TCG007  宇都宮        36.569  139.886     5     6     2             7     1.9
  CHB006  成田          35.780  140.307     6     5     3             7     2.0
  IBR017  江戸崎        35.954  140.319     6     7     4             7     2.0
  GIFH22  金山          35.668  137.105     6     4     2             7     1.4
  NGN011  長門          36.256  138.267     6     5     2             7     1.4
  SITH04  所沢          35.803  139.535     6     6     4             7     2.1
  IBRH17  霞ヶ浦        36.086  140.314     5     5     3             7     1.8
  FKIH04  三方          35.559  135.869     6     3     1             6     2.0
  GIFH14  上宝          36.249  137.517     5     4     3             6     1.4
  KYTH05  網野          35.681  135.027     6     5     2             6     2.2
  MIE008  名張          34.629  136.107     6     5     2             6     1.7
  NGN020  伊那          35.828  137.953     6     5     4             6     1.9
  SIG003  長浜          35.377  136.264     5     5     3             6     2.1
  IBR009  古河          36.185  139.704     5     6     2             6     2.3
  IBR011  つくば        36.125  140.090     5     4     2             6     1.9
  GIF008  小坂          35.952  137.260     4     5     2             6     1.4
  AIC003  津島          35.173  136.740     6     5     2             6     2.1
  CHB026  長南          35.387  140.237     4     6     3             6     2.0
  GIF005  高山          36.154  137.251     6     4     2             6     1.6
  GNM003  沼田          36.658  139.078     5     6     3             6     1.9
  GIFH19  朝日南        36.022  137.391     5     4     2             6     1.5
  FKSH12  平田          37.217  140.570     5     4     1             6     1.4
  NGN012  松本          36.256  137.978     6     4     2             6     1.6
  CHBH10  千葉          35.546  140.242     5     5     2             6     1.9
  CHB018  勝浦          35.158  140.322     5     4     2             6     1.4
  IBRH16  山方          36.641  140.398     3     6     1             6     1.2
  GIFH21  美並          35.666  136.962     5     5     2             6     1.6
  CHBH11  養老          35.287  140.153     5     4     3             6     2.0
  TCGH12  氏家          36.696  139.984     5     5     3             6     2.2
  TCG010  足尾          36.635  139.438     5     5     3             5     1.4
  MIE003  四日市        34.970  136.636     4     5     2             5     1.8
  NIGH18  妙高          36.943  138.259     5     3     1             5     1.6
  GIF013  金山          35.664  137.162     5     5     3             5     1.4
  NGNH34  大町中        36.533  137.820     4     4     1             5     1.4
  TYM002  氷見          36.866  136.975     5     4     2             5     2.3
  IBR018  鹿嶋          35.977  140.632     4     5     2             5     2.0
  GIF016  七宗          35.542  137.119     5     4     2             5     1.4
  SIG007  近江八幡      35.134  136.096     3     5     2             5     1.9
  KYTH07  久御山        34.898  135.746     5     4     1             5     1.7
  GNMH13  水上2         36.862  139.063     4     3     1             5     1.6
  GIFH23  板取          35.724  136.785     4     4     2             5     1.4
  SIG008  永源寺        35.070  136.295     4     5     2             5     1.7
  GIF017  揖斐川        35.483  136.571     4     4     2             5     1.6
  NGNH28  戸隠          36.708  138.096     4     4     2             5     1.7
  GIFH24  東白川        35.640  137.319     5     4     3             5     1.3
  MIE009  松阪          34.575  136.530     4     4     2             5     1.5
  TCGH10  大田原        36.858  140.023     4     4     1             5     1.8
  ISK014  加賀          36.303  136.315     4     5     2             5     2.2
  TCG011  葛生          36.387  139.614     4     5     2             5     1.1
  IBR008  下館          36.306  139.983     4     5     2             5     1.7
  MIE005  上野          34.768  136.115     3     5     2             5     1.5
  GIF011  八幡          35.759  136.981     3     5     1             5     1.3
  TCG004  湯元          36.806  139.420     3     4     2             5     1.7
  GIFH12  坂内          35.603  136.413     4     3     1             5     1.3
  FKI009  小浜          35.496  135.752     4     5     2             5     1.8
  SIG005  彦根          35.249  136.242     4     4     2             5     1.9
  GIFH16  朝日北        36.094  137.344     3     4     2             5     1.4
  MIEH01  四日市        34.985  136.456     3     4     2             5     1.4
  SIT001  本庄          36.243  139.194     4     4     2             5     1.9
  CHB004  佐原          35.901  140.490     4     3     2             5     1.8
  MIE018  椿世          34.870  136.455     4     4     2             4     1.5
  GIF001  白川          36.274  136.898     3     4     2             4     1.5
  SIG012  甲賀          34.904  136.231     4     4     2             4     1.7
  MIEH10  芸濃          34.822  136.424     4     3     2             4     1.5
  TCGH06  真岡          36.446  139.951     4     4     1             4     1.9
  CHB010  八日市場      35.708  140.568     3     4     2             4     1.6
  OSK004  四條畷        34.740  135.639     4     4     2             4     1.9
  AICH11  春日井        35.306  137.057     4     3     2             4     1.2
  NAR002  奈良          34.668  135.835     4     4     1             4     1.8
  NIG025  直江津        37.161  138.224     3     4     1             4     1.8
  GIFH13  白川          36.274  136.898     3     4     2             4     1.5
  GIF002  河合          36.273  137.025     3     4     1             4     1.3
  SIG001  余呉          35.540  136.207     3     4     1             4     1.5
  SIG009  甲西          35.005  136.085     4     4     2             4     1.7
  TCG013  真岡          36.437  140.023     3     4     1             4     1.6
  CHBH17  勝浦東        35.171  140.340     3     3     1             4     0.9
  CHB011  蓮沼          35.602  140.501     4     3     2             4     1.8
  TYM009  八尾          36.586  137.141     3     4     2             4     2.0
  AIC018  渥美          34.622  137.108     2     4     2             4     1.2
  FKSH11  矢吹          37.201  140.339     3     3     1             4     1.7
  MIE010  伊勢          34.491  136.733     3     4     1             4     1.1
  NGN009  穂高          36.338  137.869     4     4     3             4     1.7
  IBRH15  御前山        36.557  140.301     3     3     1             4     1.0
  GIFH08  大和          35.832  136.962     4     3     2             4     1.5
  IBR004  大宮          36.552  140.410     3     3     2             4     1.2
  TCGH09  矢板          36.862  139.836     3     3     2             4     1.3
  MIE007  白山          34.644  136.337     3     3     1             4     1.1
  GIF026  美山          35.591  136.741     3     3     2             4     1.3
  NGNH33  生坂          36.460  137.964     3     4     2             4     1.3
  NIG022  塩沢          37.036  138.846     3     3     1             4     1.4
  TCG003  藤原          36.814  139.715     4     3     2             4     1.3
  TCG006  小川          36.764  140.130     3     3     1             4     1.7
  MIE001  藤原          35.172  136.494     4     4     2             4     1.5
  GIF006  荘川          36.033  136.953     3     3     1             4     1.4
  NARH06  山添          34.641  136.051     3     4     1             4     0.9
  GNM001  片品          36.772  139.225     3     3     2             4     0.8
  TYM008  大山          36.609  137.283     2     3     2             4     1.9
  TKY029  三宅          34.075  139.479     3     3     3             4     1.3
  NIGH17  妙高高原      36.857  138.097     3     3     1             4     1.7
  NGN006  大町          36.509  137.851     3     3     2             3     1.4
  NGNH27  信州新        36.577  138.048     3     3     2             3     1.6
  TYM005  新湊          36.782  137.080     3     3     1             3     2.0
  FKS017  須賀川        37.284  140.369     3     2     1             3     1.5
  IBR007  那珂湊        36.352  140.595     3     3     1             3     1.2
  NIGH06  加茂          37.653  139.068     2     3     1             3     1.4
  SIGH01  多賀          35.238  136.360     3     3     1             3     1.1
  GIF012  東杉原        35.636  136.488     3     3     1             3     0.9
  IBRH12  大子          36.837  140.318     3     3     1             3     0.9
  IBRH20  波崎2         35.828  140.732     3     3     2             3     1.6
  FKSH10  西郷          37.162  140.093     3     3     2             3     1.1
  FKS016  白河          37.123  140.191     2     3     1             3     1.3
  SIG002  今津          35.422  136.024     3     3     1             3     1.4
  ISK005  穴水          37.231  136.904     2     3     1             3     1.5
  GIF009  白鳥          35.922  136.831     3     2     1             3     1.3
  IBR003  日立          36.592  140.645     3     3     1             3     0.9
  NAR001  生駒          34.715  135.727     3     2     2             3     1.6
  MIE013  南島          34.278  136.500     2     3     1             3     1.3
  GNMH14  みどり        36.493  139.322     2     3     1             3     0.7
  MYG017  角田          37.976  140.782     2     2     1             3     1.5
  TCG001  黒磯          36.942  140.083     2     3     1             3     1.5
  OSK002  高槻          34.857  135.596     2     3     1             3     1.4
  FKSH14  いわき東      37.026  140.970     2     3     1             3     1.5
  MIEH03  嬉野          34.547  136.369     3     2     1             3     0.5
  IBRH18  ひたちなか    36.363  140.620     2     3     1             3     0.9
  CHBH20  鴨川南        35.088  140.100     2     2     2             3     1.7
  GIFH06  高富          35.504  136.794     2     3     2             3     1.2
  GNM002  水上          36.782  138.970     2     2     1             3     0.7
  NIG013  巻            37.764  138.883     3     2     1             3     1.6
  OSKH05  大阪          34.716  135.520     3     2     1             3     1.4
  GIFH07  春日          35.418  136.435     2     3     1             3     0.7
  IBR019  北茨城        36.881  140.654     3     2     1             3     0.5
  NIG014  三条          37.641  138.956     3     2     1             3     1.7
  SIGH04  日野          34.964  136.261     2     2     1             3     0.8
  NIG026  新井          37.023  138.251     2     2     1             3     1.4
  TYMH06  八尾          36.571  137.160     2     2     1             3     1.6
  FKS012  勿来          36.907  140.793     2     2     1             3     1.3
  NGN005  白馬          36.698  137.854     2     2     1             2     1.3
  ISK008  羽咋          36.892  136.778     2     2     1             2     1.7
  FKI010  高浜          35.490  135.551     2     2     1             2     1.4
  NAR006  川上          34.338  135.954     2     2     1             2     0.8
  TYM010  福光          36.560  136.887     2     2     1             2     1.4
  FKI005  武生          35.907  136.174     2     2     1             2     1.0
  KYT013  宇治          34.878  135.805     2     2     1             2     1.2
  NGN003  山ノ内        36.740  138.413     2     2     1             2    <0.5
  FKIH07  小浜          35.457  135.727     2     2     1             2     0.8
  NIGH14  塩沢          37.030  138.852     2     2     1             2     1.0
  FKS013  古殿          37.090  140.556     2     2     1             2     0.9
  SIG010  大津          34.972  135.897     2     2     1             2     1.3
  GNMH09  高山          36.621  138.907     2     2     1             2     1.0
  NAR004  榛原          34.528  135.951     2     2     1             2     0.6
  IBRH13  高萩          36.795  140.575     2     2     1             2     0.8
  ISK007  七尾          37.043  136.968     2     1     0             2     1.4
  FKS024  中野          37.396  140.132     2     2     1             2     1.4
  NAR005  五條          34.341  135.688     2     2     1             2     0.9
  MIEH02  大山田        34.766  136.284     2     1     1             2     0.7
  CHB027  勝浦北        35.181  140.266     2     2     1             2     1.2
  GIFH04  古川          36.245  137.198     2     2     1             2     1.0
  ISK011  小松          36.397  136.443     2     2     1             2     1.4
  TYMH05  井波          36.574  136.958     1     2     1             2     1.1
  ISK009  七塚          36.732  136.699     2     2     1             2     1.4
  KYT002  久美浜        35.604  134.894     2     2     1             2     1.0
  NIG011  新津          37.801  139.144     2     2     1             2     1.5
  GNMH07  利根          36.700  139.210     2     2     1             2     0.9
  MIE011  飯高          34.428  136.333     2     2     1             2     0.7
  ISK010  金沢          36.542  136.643     2     2     1             2     1.3
  CHBH14  銚子中        35.734  140.823     2     2     1             2     1.3
  SIG004  朽木          35.348  135.918     2     1     1             2     0.7
  NIGH09  下田          37.539  139.128     1     2     1             2     1.4
  WKY008  田辺          33.729  135.377     1     2     0             2     1.2
  NGN001  飯山          36.851  138.366     2     2     1             2     1.4
  FKSH18  三春          37.489  140.538     2     1     1             2     0.5
  NAR007  大塔          34.221  135.737     1     2     0             2     0.6
  OSK007  羽曳野        34.558  135.606     1     2     1             2     1.2
  OSKH02  此花          34.663  135.390     2     2     1             2     1.4
  TCG002  塩原          36.990  139.803     2     2     1             2     1.0
  IBR002  高萩          36.706  140.707     2     2     1             2     1.1
  GIF022  上石津        35.283  136.471     2     2     1             2     0.9
  TYM011  芦弁          36.578  137.385     1     2     1             2     1.2
  TYM012  利賀          36.441  137.035     1     2     1             2     0.9
  MYG015  岩沼          38.105  140.870     2     2     1             2     1.1
  TYMH07  利賀          36.441  137.039     1     2     1             2     0.9
  FKS028  只見          37.349  139.314     2     2     1             2     1.2
  NIG018  柏崎          37.372  138.558     2     2     1             2     1.5
  NIG027  糸魚川        37.023  137.862     2     1     1             2     0.8
  MIEH08  松阪          34.542  136.503     1     2     1             2    <0.5
  KYTH08  京都          35.009  135.730     2     1     1             2     1.1
  NIG020  小出          37.233  138.962     1     1     1             2     1.1
  TCG016  北高岡        36.529  140.156     2     2     1             2     1.1
  MIEH05  尾鷲          34.064  136.169     1     2     1             2    <0.5
  ISK002  正院          37.444  137.288     1     2     1             2     1.3
  NIGH15  六日          37.053  138.995     1     2     1             2     0.9
  MIE012  志摩          34.254  136.823     1     2     0             2     0.8
  TYM007  富山          36.669  137.212     1     2     1             2     1.2
  NIG019  小千谷        37.304  138.812     1     2     1             2     1.1
  KYT011  亀岡          35.017  135.564     2     1     1             2     1.1
  NIGH05  聖籠          37.976  139.279     1     2     1             2     1.2
  MIEH07  志摩          34.254  136.822     1     2     1             2     0.9
  GIFH10  神岡          36.378  137.372     2     1     1             2     0.8
  NARH03  川上          34.292  136.002     2     1     1             2    <0.5
  NIGH01  長岡          37.427  138.888     1     2     1             2     1.0
  KYTH01  野田川        35.524  135.124     2     1     0             2     0.7
  FKS008  船引          37.436  140.567     2     2     0             2     0.6
  NIGH11  川西          37.173  138.744     2     2     1             2     1.3
  WKYH08  那賀          34.323  135.448     1     1     0             2     1.0
  ISKH07  金沢          36.515  136.636     1     2     1             2     1.2
  NGNH07  中野          36.743  138.376     1     1     1             2     0.6
  KYT004  宮津          35.535  135.196     1     1     1             2     0.9
  NGNH29  野沢温泉      36.910  138.441     2     2     1             2     1.1
  FKSH08  長沼          37.282  140.214     2     1     0             2     0.6
  NIGH13  牧            37.054  138.397     1     1     1             2     1.2
  FKS010  広野          37.234  141.002     1     2     1             2     1.0
  NIGH08  津川          37.671  139.465     2     1     1             2     1.3
  FKSH04  会津高田      37.451  139.813     1     2     1             2     1.0
  NIGH04  関川          38.131  139.543     2     1     1             2     1.2
  FKIH06  高浜          35.491  135.484     2     1     1             2     0.9
  FKSH19  都路          37.470  140.723     2     1     0             2    <0.5
  OSK001  能勢          34.971  135.390     1     1     1             2     0.6
  FKS001  相馬          37.795  140.920     1     1     1             2     0.8
  NAR003  大和高田      34.517  135.719     2     1     1             2     1.0
  MIEH04  度会          34.353  136.587     1     1     1             1     0.5
  FKSH21  只見          37.342  139.315     1     1     1             1     0.9
  OSK008  岸和田        34.440  135.392     1     1     1             1     0.8
  IBRH19  つくば        36.214  140.089     1     1     1             1     0.6
  WKY002  那賀          34.276  135.430     1     1     1             1     1.0
  HYG022  西宮          34.746  135.350     1     1     1             1     0.9
  FKI006  今庄          35.773  136.200     1     1     1             1     0.6
  SIG006  志賀          35.200  135.921     1     1     1             1     0.7
  NAR009  十津川        33.938  135.755     1     1     0             1    <0.5
  TCGH07  栗山西        36.882  139.453     1     1     1             1     0.5
  ISKH09  尾口          36.267  136.717     1     1     1             1     0.6
  NIGH12  湯之谷        37.224  138.982     1     1     1             1     0.7
  NIG024  安塚          37.127  138.444     1     1     0             1     0.9
  FKSH03  高郷          37.608  139.753     1     1     0             1     0.8
  FKIH01  永平寺        36.096  136.362     1     1     1             1     0.8
  TYMH04  魚津          36.791  137.469     1     1     1             1     1.0
  HYGH10  加古川        34.816  134.808     1     1     0             1     0.7
  YMTH02  山形          38.269  140.258     1     1     0             1     0.9
  TCGH17  藤原2         36.985  139.692     1     1     1             1    <0.5
  NARH07  天理          34.584  135.854     1     1     1             1     0.5
  YMTH14  西川西        38.386  139.992     1     1     0             1     0.8
  MIEH06  宮川          34.358  136.329     1     1     1             1    <0.5
  HYGH11  山東          35.292  134.907     1     1     0             1    <0.5
  NIGH02  朝日          38.280  139.549     1     1     1             1     0.9
  FKSH17  川俣          37.664  140.597     1     1     0             1    <0.5
  WKYH07  上富田        33.689  135.440     1     1     0             1    <0.5
  NIGH10  上川          37.544  139.365     1     1     1             1     0.6
  MYGH09  白石          38.009  140.603     1     1     0             1     0.5
  KYTH02  伊根          35.710  135.250     1     1     1             1    <0.5
  FKSH06  伊南          37.172  139.520     1     1     0             1     0.5
  ISKH03  内浦          37.346  137.244     1     1     0             1    <0.5
  IWTH20  花巻南        39.343  141.047     1     1     0             1     0.5
  MIEH09  紀宝          33.764  135.997     0     1     0             1    <0.5
  TYMH01  氷見          36.887  136.928     1     1     1             1    <0.5
  FKSH09  郡山          37.353  140.426     1     1     0             1    <0.5
  NARH04  黒滝          34.306  135.837     1     1     1             1    <0.5
  YMTH07  米沢          37.896  140.028     1     1     0             1    <0.5
  NIGH07  村松          37.666  139.261     1     1     0             1    <0.5
  YMTH01  天童          38.384  140.381     0     0     0             1    <0.5
  MYGH08  岩沼          38.113  140.844     0     1     0             1    <0.5
  FKSH16  福島          37.764  140.377     0     1     0             1    <0.5
  KYTH04  美山          35.269  135.551     1     0     0             1    <0.5
  ISKH05  穴水          37.222  136.969     0     0     0             1    <0.5
  TTRH03  溝口          35.355  133.492     0     0     0             0    <0.5
  YMTH12  立川          38.636  140.006     0     0     0             0    <0.5
  MYGH05  小野田        38.579  140.780     0     0     0             0    <0.5
  KYTH03  福知山        35.313  135.133     0     0     0             0    <0.5
  YMTH08  八幡          38.970  140.033     0     0     0             0    <0.5
  MYGH06  田尻          38.591  141.071     0     0     0             0    <0.5
  YMTH15  西川東        38.426  140.125     0     0     0             0    <0.5
  IWTH24  金ヶ崎        39.198  141.012     0     0     0             0    <0.5
  TTRH06  河原          35.395  134.199     0     0     0             0    <0.5
  IWTH26  一関東        38.969  141.001     0     0     0             0    <0.5
  WKYH04  すさみ        33.556  135.545     0     0     0             0    <0.5
  HYGH14  出石          35.457  134.862     0     0     0             0    <0.5
  TTRH02  日野          35.231  133.391     0     0     0             0    <0.5
  AKTH19  湯沢          39.191  140.471     0     0     0             0    <0.5
  OKYH12  大原          35.100  134.319     0     0     0             0    <0.5
  AKTH03  矢島          39.222  140.128     0     0     0             0    <0.5
  TTRH07  関金          35.365  133.749     0     0     0             0    <0.5
  HYGH03  波賀          35.219  134.524     0     0     0             0    <0.5
  OKYH09  湯原          35.181  133.677     0     0     0             0    <0.5
  HYGH02  南光          35.067  134.423     0     0     0             0    <0.5
  FKSH01  西会津        37.757  139.715     0     0     0             0    <0.5
  AKTH16  西仙北        39.545  140.348     0     0     0             0    <0.5
  TTRH05  岩美          35.573  134.343     0     0     0             0    <0.5
  IWTH16  雫石          39.644  140.946     0     0     0             0    <0.5
  AKTH02  西木南        39.663  140.572     0     0     0             0    <0.5
  AKTH18  大森          39.355  140.387     0     0     0             0    <0.5
  SMNH11  平田          35.426  132.801     0     0     0             0    <0.5