最大加速度リスト

地震発生時刻   2020/05/11-08:58:00.00
震央北緯       36.4°
震央東経       141.0°
震源深さ       47.0km
マグニチュード M5.8

  コード  観測点名      緯度    経度     最大加速度 (ガル) 三成分合成値 計測震度
　　　　　 　　         北緯    東経      N-S   E-W   U-D        (ガル)         
  IBR013  鉾田          36.159  140.489    83    56    27            84     3.5
  IBR002  高萩          36.706  140.707    64    55    24            82     3.3
  IBR003  日立          36.592  140.645    71    66    36            72     3.0
  TCG014  茂木          36.545  140.174    64    44    23            66     3.4
  IBRH06  北茨城2       36.881  140.655    49    48    22            64     3.1
  IBR006  水戸          36.367  140.454    56    60    23            63     3.0
  IBRH15  御前山        36.557  140.301    31    50    15            51     2.6
  TCGH16  芳賀          36.548  140.075    44    47    11            49     3.1
  IBR007  那珂湊        36.352  140.595    34    32    20            45     2.9
  IBRH16  山方          36.641  140.398    39    35    11            42     2.7
  IBRH18  ひたちなか    36.363  140.620    33    40    24            42     3.0
  IBRH13  高萩          36.795  140.575    40    29    20            42     2.9
  IBRH12  大子          36.837  140.318    27    36    12            40     2.7
  IBR005  笠間          36.385  140.237    36    35    19            39     2.9
  IBR018  鹿嶋          35.977  140.632    30    36    12            38     2.7
  IBR004  大宮          36.552  140.410    34    16    12            36     2.3
  FKSH12  平田          37.217  140.570    31    31     7            32     3.0
  FKSH10  西郷          37.162  140.093    30    22    13            31     2.6
  IBRH11  岩瀬          36.370  140.140    28    29     9            31     2.9
  TCGH13  馬頭          36.734  140.178    25    26    12            29     2.6
  FKS014  矢祭          36.886  140.417    16    27     5            27     2.2
  IBR001  大子          36.776  140.357    23    20    14            27     2.8
  IBRH17  霞ヶ浦        36.086  140.314    25    23    15            27     2.4
  IBR014  土浦          36.073  140.195    24    24    10            25     2.4
  IBR017  江戸崎        35.954  140.319    22    15    13            24     2.2
  IBRH14  十王          36.692  140.548    20    21    12            24     2.0
  FKS008  船引          37.436  140.567    21    22     7            23     2.4
  IBR016  取手          35.911  140.049    20    17    11            22     2.4
  FKS016  白河          37.123  140.191    18    17     8            22     2.5
  CHBH06  匝瑳          35.721  140.505    18    21     8            21     2.5
  FKSH09  郡山          37.353  140.426    19    19     5            21     1.9
  FKS006  葛尾          37.503  140.759    14    17     6            20     2.5
  FKSH19  都路          37.470  140.723    18    18    10            20     2.4
  TCG009  今市          36.726  139.715    18    17     9            19     2.5
  CHB004  佐原          35.901  140.490    14    18     7            19     2.2
  IBR012  石岡          36.195  140.271    16    16    12            19     2.3
  FKS013  古殿          37.090  140.556    18    15     7            19     2.4
  IBRH10  石下          36.111  139.989    16    16    12            19     2.5
  FKSH18  三春          37.489  140.538    16    14     9            19     2.4
  TCG012  小山          36.286  139.805    12    14     4            18     2.2
  FKS018  郡山          37.396  140.362    14    15     9            18     2.5
  CHB007  佐倉          35.723  140.227    13    16    11            18     2.1
  FKSH11  矢吹          37.201  140.339    13    15     7            18     2.2
  FKS019  二本松        37.603  140.437    14    16     6            18     2.3
  IBR010  下妻          36.184  139.965    12    17     8            17     2.2
  TCG013  真岡          36.437  140.023    12    16     8            17     2.0
  TCGH12  氏家          36.696  139.984    10    15     8            17     1.9
  IBR011  つくば        36.125  140.090    12    17     5            17     2.2
  TCGH10  大田原        36.858  140.023    14    15     6            16     2.0
  TCGH11  今市          36.708  139.769    11    14     6            16     1.7
  FKS004  飯舘          37.680  140.735    13    12     5            16     1.9
  IBR008  下館          36.306  139.983    12    13     6            16     1.9
  IBRH07  江戸崎        35.952  140.330    12    11    12            16     2.8
  IBRH20  波崎2         35.828  140.732    14    11     5            15     2.3
  FKSH14  いわき東      37.026  140.970    12    11     7            15     2.5
  FKS024  中野          37.396  140.132    12    13     6            15     2.5
  FKS029  桧枝岐        37.016  139.380    12    11     2            15     1.5
  FKSH20  浪江          37.491  140.987    14     8     5            14     2.4
  CHB003  白井          35.794  140.056    13    13     7            14     2.2
  FKS007  大熊          37.406  140.963    13    11     5            14     2.1
  CHB010  八日市場      35.708  140.568     9    13     4            13     2.1
  FKSH17  川俣          37.664  140.597     8    13     3            13     2.2
  FKS009  小野          37.278  140.635    12    10     7            13     1.8
  FKS011  いわき        37.091  140.904    11     8     7            13     2.2
  FKS017  須賀川        37.284  140.369    11    12     6            12     2.3
  CHB006  成田          35.780  140.307    11    11     6            12     1.9
  TCGH14  粟野          36.551  139.615     9    11     4            12     1.3
  CHB001  野田          35.959  139.873    11    11     5            12     2.0
  TCG016  北高岡        36.529  140.156     9    10     5            12     1.7
  IBR015  岩井          36.069  139.908    11    10     6            12     2.0
  CHBH13  成田          35.831  140.298     9    12     9            12     2.0
  TCGH06  真岡          36.446  139.951    10    11     4            12     1.8
  FKS012  勿来          36.907  140.793    11     9     5            12     2.2
  MYG015  岩沼          38.105  140.870    10    10     4            12     2.3
  FKS010  広野          37.234  141.002    11     9     4            11     1.9
  FKSH08  長沼          37.282  140.214     9    11     3            11     1.8
  GNM009  桐生          36.411  139.325    11    10     3            11     1.4
  CHBH04  下総          35.797  140.021     9     7     7            11     1.7
  TCG006  小川          36.764  140.130    10     8     5            11     1.9
  FKS031  川内          37.336  140.813     6     9     5            10     1.8
  FKS023  会津若松      37.477  139.929     9     8     3            10     2.2
  CHB028  市川北        35.766  139.966     9     7     5            10     1.7
  FKS020  猪苗代        37.547  140.108    10     6     2            10     2.0
  FKS015  棚倉          37.022  140.377     9     7     3            10     1.7
  MYGH07  川崎          38.180  140.641     6     9     3            10     1.7
  TCG003  藤原          36.814  139.715     8     8     4             9     1.6
  MYGH13  南三陸        38.699  141.418     9     5     2             9     2.0
  CHB005  銚子          35.736  140.830     9     9     3             9     2.3
  TCG001  黒磯          36.942  140.083     5     7     4             9     1.7
  CHB002  松戸          35.787  139.903     8     7     5             9     1.6
  CHB009  千葉          35.608  140.102     8     7     4             9     1.7
  GNMH12  神流          36.144  138.913     6     9     4             9     1.6
  CHBH14  銚子中        35.734  140.823     8     8     3             9     2.2
  IBRH19  つくば        36.214  140.089     5     8     3             8     1.2
  TCG005  矢板          36.806  139.926     8     7     2             8     1.5
  FKS005  原町          37.639  140.985     8     6     3             8     1.7
  TKY027  瑞江          35.693  139.891     6     8     3             8     1.9
  TCG015  芹沼          36.749  139.714     8     7     4             8     1.4
  MYGH10  山元          37.941  140.892     7     8     2             8     1.6
  SIT004  長瀞          36.118  139.105     8     5     2             8     1.1
  CHB012  東金          35.573  140.333     7     6     4             8     2.1
  FKS001  相馬          37.795  140.920     7     5     3             8     1.8
  FKS003  福島          37.761  140.480     7     7     5             7     1.8
  TCG008  鹿沼          36.560  139.768     7     6     4             7     1.6
  TCGH09  矢板          36.862  139.836     5     7     3             7     1.0
  CHBH19  蓮沼          35.594  140.511     6     5     4             7     2.1
  KNGH10  横浜          35.499  139.519     4     7     2             7     2.0
  MYG017  角田          37.976  140.782     6     6     2             7     1.9
  SIT008  春日部        35.983  139.746     6     7     2             7     1.8
  TCG010  足尾          36.635  139.438     5     5     2             7     1.1
  SITH06  川本          36.113  139.289     5     6     2             7     1.2
  GNM001  片品          36.772  139.225     6     6     4             7     1.0
  FKS002  梁川          37.845  140.601     5     6     2             6     1.4
  TKY026  宇喜田        35.670  139.863     5     6     3             6     1.9
  GNM003  沼田          36.658  139.078     5     5     2             6     1.3
  SIT011  川口          35.810  139.721     5     5     2             6     1.6
  FKS027  滝原          37.070  139.681     4     6     1             6    <0.5
  TKY021  猿江          35.688  139.819     5     6     2             6     1.7
  CHB011  蓮沼          35.588  140.497     6     5     2             6     1.9
  MYGH14  利府          38.340  140.955     5     5     2             6     1.5
  CHB014  姉崎          35.477  140.049     5     4     3             6     1.8
  GNM002  水上          36.782  138.970     4     5     1             5     0.9
  SIT009  川越          35.903  139.483     4     4     3             5     1.1
  GNM011  太田          36.291  139.361     5     4     2             5     1.4
  TCG007  宇都宮        36.569  139.886     4     5     3             5     1.0
  CHB029  行徳          35.695  139.918     5     5     2             5     1.9
  SIT003  久喜          36.072  139.697     4     4     5             5     1.9
  TCGH08  栗山東        36.883  139.646     5     5     2             5     1.1
  CHB024  稲毛          35.633  140.078     3     5     2             5     1.5
  IBR009  古河          36.185  139.704     3     4     2             5     1.5
  MYG014  作並          38.318  140.636     4     5     1             5     1.5
  TKY017  辰巳          35.647  139.809     3     4     3             5     1.7
  TKY018  八枝          35.655  139.811     3     4     3             5     1.7
  TKY028  越中島        35.669  139.789     4     5     2             5     1.7
  SIT006  秩父          35.995  139.071     4     4     1             5     0.8
  TCG004  湯元          36.806  139.420     3     5     2             5     1.0
  SITH05  神泉          36.151  139.050     4     4     1             5     0.7
  TKY025  篠崎          35.714  139.897     4     4     3             5     1.4
  SITH11  飯能          35.864  139.273     4     4     2             4     1.2
  CHBH10  千葉          35.546  140.242     4     3     2             4     1.5
  MYG012  塩竈          38.318  141.019     4     4     2             4     1.3
  TKY023  八広          35.725  139.825     3     4     2             4     1.5
  TKY015  東白鬚        35.731  139.812     4     3     2             4     1.5
  GNM006  吾妻          36.510  138.752     3     3     2             4     0.9
  TKY007  新宿          35.711  139.686     3     3     2             4     1.0
  KNG206  平塚ST6       35.097  139.378     3     4     1             4     1.9
  TKY024  奥戸          35.740  139.862     3     3     3             4     1.7
  GNM016  万場          36.116  138.925     4     3     1             4     0.9
  TCG011  葛生          36.387  139.614     3     4     3             4     0.7
  CHB008  浦安          35.654  139.902     3     4     2             4     1.8
  CHB016  岬            35.300  140.387     3     4     2             4     1.9
  SIT007  東松山        36.054  139.391     4     4     2             4     0.9
  IWT012  北上          39.321  141.138     4     2     1             4     1.1
  SIT010  大宮          35.907  139.648     3     3     2             4     1.4
  SITH08  小鹿野        36.027  138.969     3     2     1             4     0.7
  TKY013  砂町          35.660  139.834     3     3     3             4     1.6
  MYG006  古川          38.566  140.977     3     3     1             4     1.4
  YMT011  上山          38.150  140.267     3     3     1             4     1.3
  MYG002  歌津          38.726  141.511     3     3     1             4    <0.5
  FKS022  西会津        37.600  139.647     3     3     1             4     1.4
  TCG002  塩原          36.990  139.803     3     3     1             4     0.8
  MYGH08  岩沼          38.113  140.844     2     3     2             4     1.1
  FKS025  下郷          37.308  139.900     3     3     2             3     0.7
  MYG010  石巻          38.429  141.282     3     3     1             3     1.3
  GNMH14  みどり        36.493  139.322     3     3     3             3    <0.5
  GNMH07  利根          36.700  139.210     3     3     2             3     0.5
  MYG016  白石          38.008  140.621     3     3     2             3     1.2
  TKYH12  八王子        35.670  139.265     3     2     1             3     0.7
  CHB017  市場          35.299  140.076     3     3     1             3     1.5
  TKYH13  檜原南        35.702  139.127     3     3     1             3    <0.5
  SITH07  名栗          35.912  139.149     3     3     1             3    <0.5
  SIT005  小川          36.056  139.263     3     3     1             3     0.5
  MYG008  北上          38.568  141.427     2     3     1             3     0.5
  YMT015  米沢          37.904  140.100     2     3     1             3     1.3
  MYG013  仙台          38.266  140.929     3     3     2             3     1.1
  MYGH09  白石          38.009  140.603     2     3     2             3     1.2
  IWTH27  陸前高田      39.031  141.532     2     3     1             3    <0.5
  YMTH04  上山          38.081  140.298     3     3     1             3     0.6
  FKSH02  熱塩加納      37.732  139.882     3     2     1             3     0.6
  YMNH14  都留南        35.511  138.968     2     3     1             3    <0.5
  CHB013  茂原          35.433  140.291     2     3     1             3     1.4
  CHB019  鋸南          35.111  139.835     2     2     1             3     1.6
  TKY020  塩浜          35.666  139.809     2     2     2             3     1.4
  TKY003  青梅          35.797  139.291     2     2     1             3     1.0
  FKSH05  下郷          37.254  139.873     2     2     1             3     0.8
  KNG205  平塚ST5       34.941  139.421     2     3     1             3     1.2
  GNMH13  水上2         36.862  139.063     2     2     1             3     0.9
  MYG004  築館          38.732  141.027     3     2     1             3     0.9
  YMTH02  山形          38.269  140.258     2     2     1             3     1.0
  CHB026  長南          35.387  140.237     2     2     1             3     1.3
  KNG202  平塚ST2       34.740  139.839     2     2     1             2     1.0
  GNM008  前橋          36.348  139.137     2     2     1             2     1.0
  SIT014  中津川        35.995  138.801     2     1     0             2    <0.5
  KNG002  横浜          35.437  139.634     2     2     1             2     1.4
  TKY016  東雲          35.648  139.799     2     2     2             2     1.3
  FKS026  南郷          37.266  139.539     2     2     1             2     0.6
  YMNH11  大月          35.625  138.978     2     2     1             2     0.9
  TKY004  八王子        35.628  139.403     2     2     1             2     0.9
  IWT007  釜石          39.270  141.856     2     2     1             2     0.7
  KNG201  平塚ST1       34.596  139.918     1     2     0             2     1.2
  IWT020  藪川          39.784  141.329     2     2     1             2     1.1
  CHBH16  鴨川          35.138  139.965     1     2     1             2     1.4
  IWTH05  藤沢          38.865  141.351     2     2     1             2     0.5
  MYG003  東和          38.735  141.311     2     2     1             2    <0.5
  FKSH06  伊南          37.172  139.520     1     2     1             2    <0.5
  GNM014  坂本          36.347  138.721     2     2     1             2     0.5
  KNG010  平塚          35.334  139.345     2     2     1             2     1.2
  TKY001  氷川          35.803  139.096     2     2     1             2    <0.5
  FKS021  喜多方        37.654  139.863     2     2     1             2     0.7
  CHB020  鴨川          35.115  140.102     2     2     1             2     1.2
  GNM007  渋川          36.464  139.009     2     2     1             2     0.7
  IWTH04  住田          39.181  141.391     2     2     1             2     0.6
  SIT002  熊谷          36.148  139.388     2     2     1             2     0.9
  MYG001  気仙沼        38.901  141.568     2     2     1             2    <0.5
  MYGH04  東和          38.786  141.325     1     2     0             2    <0.5
  MYG009  大和          38.447  140.887     2     2     1             2     0.8
  SITH04  所沢          35.803  139.535     2     1     1             2     0.5
  GNMH08  嬬恋          36.492  138.524     2     1     1             2     0.5
  IWT026  相去          39.257  141.098     1     2     1             2     0.7
  KNG203  平塚ST3       34.798  139.643     1     2     1             2     0.9
  YMTH07  米沢          37.896  140.028     1     2     1             2     0.6
  IWTH20  花巻南        39.343  141.047     1     2     1             2     0.7
  IWT004  田老          39.736  141.967     1     2     1             2     0.8
  GNMH11  富岡          36.286  138.921     1     2     1             2    <0.5
  FKS028  只見          37.304  139.362     1     2     1             2    <0.5
  NIG012  鹿瀬          37.686  139.477     2     1     1             2     0.8
  CHBH11  養老          35.287  140.153     1     1     1             2     0.9
  KNGH18  藤野          35.644  139.128     1     1     1             2    <0.5
  CHB018  勝浦          35.158  140.322     2     1     1             2     0.6
  IWT003  普代          40.008  141.886     1     1     0             2     0.9
  MYGH05  小野田        38.579  140.780     1     1     1             2     0.7
  YMT007  東根          38.431  140.391     1     2     1             2     0.6
  IWTH26  一関東        38.969  141.001     1     2     1             2    <0.5
  SIT001  本庄          36.243  139.194     1     1     1             2     0.7
  IWT013  遠野          39.329  141.564     1     1     0             2     0.6
  IWTH28  一関西2       39.009  140.864     1     1     1             1     0.5
  YMTH11  最上          38.713  140.554     1     1     1             1    <0.5
  NIG011  新津          37.801  139.144     1     1     0             1     0.8
  YMN004  塩山          35.702  138.727     1     1     1             1     0.5
  YMTH14  西川西        38.386  139.992     1     1     1             1     0.5
  IWTH22  東和          39.334  141.302     1     1     0             1    <0.5
  SZOH42  修善寺        34.976  138.913     1     1     0             1    <0.5
  AOMH16  新郷          40.462  141.092     1     1     1             1    <0.5
  MYGH03  唐桑          38.921  141.638     1     1     0             1    <0.5
  IWTH23  釜石          39.274  141.823     1     1     0             1    <0.5
  YMTH15  西川東        38.426  140.125     1     1     0             1    <0.5
  TCGH17  藤原2         36.985  139.692     1     1     0             1    <0.5
  KNGH20  松田          35.366  139.126     1     1     0             1    <0.5
  AKTH04  東成瀬        39.174  140.713     1     1     0             1    <0.5
  NIGH02  朝日          38.280  139.549     1     1     0             1    <0.5
  NIGH19  湯沢          36.811  138.785     1     1     0             1    <0.5
  IWTH14  田老          39.743  141.909     1     1     0             1    <0.5
  MYGH06  田尻          38.591  141.071     1     1     1             1    <0.5
  GNMH09  高山          36.621  138.907     1     1     0             1    <0.5
  NIGH04  関川          38.131  139.543     1     1     0             1    <0.5
  CHBH20  鴨川南        35.088  140.100     1     0     0             1    <0.5
  NGNH19  川上          35.974  138.584     1     1     0             1    <0.5
  KNGH23  葉山          35.262  139.611     1     0     0             1    <0.5
  AOMH13  八戸          40.579  141.445     1     1     0             1    <0.5
  KNGH21  清川          35.463  139.215     0     1     0             1    <0.5
  NIGH10  上川          37.544  139.365     1     0     0             1    <0.5
  YMNH15  上九一色      35.532  138.605     0     1     0             1    <0.5
  IWTH03  岩泉          39.802  141.652     0     0     0             1    <0.5
  YMTH12  立川          38.636  140.006     0     1     0             1    <0.5
  AKTH17  中仙          39.557  140.612     0     0     0             1    <0.5
  SZOH34  清水北        35.130  138.424     1     0     0             1    <0.5
  NIGH03  荒川          38.133  139.429     1     0     0             1    <0.5
  AOMH17  名川          40.449  141.337     0     0     0             1    <0.5
  IWTH16  雫石          39.644  140.946     0     0     0             1    <0.5
  YMNH12  増穂          35.562  138.449     0     0     0             0    <0.5
  NIGH14  塩沢          37.030  138.852     0     0     0             0    <0.5
  YMTH08  八幡          38.970  140.033     0     0     0             0    <0.5
  YMTH05  小国          37.988  139.802     0     0     0             0    <0.5
  YMTH13  朝日          38.470  139.761     0     0     0             0    <0.5
  NIGH05  聖籠          37.976  139.279     0     0     0             0    <0.5
  NIGH11  川西          37.173  138.744     0     0     0             0    <0.5
  IWTH17  川井北        39.644  141.598     0     0     0             0    <0.5
  YMNH16  甲府2         35.742  138.565     0     0     0             0    <0.5
  SZOH38  函南          35.085  138.978     0     0     0             0    <0.5
  KNGH19  山北中        35.417  139.044     0     0     0             0    <0.5
  NGNH24  松川          35.615  137.880     0     0     0             0    <0.5
  AKTH16  西仙北        39.545  140.348     0     0     0             0    <0.5
  IWTH09  久慈南        40.086  141.712     0     0     0             0    <0.5
  IWTH13  葛巻          39.940  141.549     0     0     0             0    <0.5