最大加速度リスト

地震発生時刻   2019/12/04-18:13:00.00
震央北緯       36.1°
震央東経       139.8°
震源深さ       51.0km
マグニチュード M4.0

  コード  観測点名      緯度    経度     最大加速度 (ガル) 三成分合成値 計測震度
　　　　　 　　         北緯    東経      N-S   E-W   U-D        (ガル)         
  IBR013  鉾田          36.159  140.489    41    38    17            45     2.7
  IBRH17  霞ヶ浦        36.086  140.314    28    22    16            32     2.3
  TCGH06  真岡          36.446  139.951    14    25     5            29     1.5
  GNM009  桐生          36.411  139.325    13    25     4            27     1.5
  IBR006  水戸          36.367  140.454    21    13     8            23     1.9
  TCG014  茂木          36.545  140.174    15    18     5            21     2.2
  IBRH18  ひたちなか    36.363  140.620    15    20     9            20     2.1
  IBR012  石岡          36.195  140.271    16    15     9            19     1.7
  IBR005  笠間          36.385  140.237    16    15    10            18     2.0
  CHB001  野田          35.959  139.873    10    16     5            18     1.6
  IBR015  岩井          36.069  139.908    12    15     5            17     1.8
  TCGH14  粟野          36.551  139.615    15    16     5            17     1.4
  IBR004  大宮          36.552  140.410     8    16     4            17     1.4
  IBR014  土浦          36.073  140.195    12    15     5            16     1.6
  IBR016  取手          35.911  140.049    13    14     7            16     1.7
  IBR017  江戸崎        35.954  140.319    15    12     7            16     1.6
  IBRH11  岩瀬          36.370  140.140    12    14     5            15     1.7
  IBRH16  山方          36.641  140.398     9    13     3            15     1.9
  CHB003  白井          35.794  140.056    13     5     4            14     1.6
  IBR011  つくば        36.125  140.090    12     9     3            13     1.3
  IBR009  古河          36.185  139.704    12     9    10            12     1.4
  IBRH15  御前山        36.557  140.301    11     9     3            11     1.4
  IBR008  下館          36.306  139.983     8     8     7            10     1.2
  CHB004  佐原          35.901  140.490     5    10     3            10     0.9
  TCGH12  氏家          36.696  139.984     7     8     3            10     1.2
  TCG011  葛生          36.387  139.614     7     5     8             9     1.0
  TCGH11  今市          36.708  139.769     6     9     3             9     0.9
  TCG009  今市          36.726  139.715     6     8     3             9     1.5
  IBR007  那珂湊        36.352  140.595     7     8     5             9     1.4
  IBR003  日立          36.592  140.645     5     8     3             8     1.1
  GNM010  館林          36.234  139.533     5     4     8             8     0.6
  IBR010  下妻          36.184  139.965     7     5     3             7     1.2
  IBR018  鹿嶋          35.977  140.632     4     7     2             7     0.9
  SIT004  長瀞          36.118  139.105     6     4     3             7     0.6
  IBRH19  つくば        36.214  140.089     6     4     3             7    <0.5
  IBRH10  石下          36.111  139.989     4     6     3             6     1.2
  TCG005  矢板          36.806  139.926     6     5     1             6     1.2
  TCG007  宇都宮        36.569  139.886     6     5     3             6     0.8
  TCG008  鹿沼          36.560  139.768     4     5     3             6     1.2
  CHBH06  匝瑳          35.721  140.505     4     5     2             6     0.9
  CHB007  佐倉          35.723  140.227     5     5     2             6     1.0
  TCGH16  芳賀          36.548  140.075     6     4     2             6     1.3
  IBRH13  高萩          36.795  140.575     5     3     2             5     0.7
  TCG010  足尾          36.635  139.438     5     4     2             5     0.5
  IBRH06  北茨城2       36.881  140.655     5     3     2             5     0.9
  SIT003  久喜          36.072  139.697     2     4     5             5     0.7
  GNM001  片品          36.772  139.225     4     3     2             5    <0.5
  FKSH12  平田          37.217  140.570     4     4     1             5     1.1
  TCG013  真岡          36.437  140.023     3     4     3             5     0.8
  CHB002  松戸          35.787  139.903     4     4     1             4     0.8
  GNM011  太田          36.291  139.361     3     3     2             4     1.0
  SIT005  小川          36.056  139.263     2     3     1             4    <0.5
  TCG015  芹沼          36.749  139.714     3     3     2             4     0.5
  TKY025  篠崎          35.714  139.897     3     3     1             4    <0.5
  FKSH10  西郷          37.162  140.093     3     3     2             3     0.6
  TCG003  藤原          36.814  139.715     3     2     2             3     0.6
  IBRH12  大子          36.837  140.318     3     3     1             3     0.7
  IBR001  大子          36.776  140.357     2     3     1             3     0.7
  CHBH04  下総          35.797  140.021     3     3     2             3    <0.5
  SIT008  春日部        35.983  139.746     2     3     2             3     0.8
  TCG006  小川          36.764  140.130     2     3     1             3     0.6
  TCGH09  矢板          36.862  139.836     2     2     1             3    <0.5
  TCG016  北高岡        36.529  140.156     2     3     1             3    <0.5
  GNMH14  みどり        36.493  139.322     3     2     1             3    <0.5
  TKY027  瑞江          35.693  139.891     2     2     1             3    <0.5
  TCGH10  大田原        36.858  140.023     2     2     1             2    <0.5
  FKS014  矢祭          36.886  140.417     2     2     1             2    <0.5
  SIT007  東松山        36.054  139.391     2     2     1             2    <0.5
  KNGH10  横浜          35.499  139.519     2     2     1             2     0.8
  GNMH07  利根          36.700  139.210     1     2     1             2    <0.5
  TCG004  湯元          36.806  139.420     1     2     1             2    <0.5
  FKS016  白河          37.123  140.191     2     2     1             2    <0.5
  SIT006  秩父          35.995  139.071     1     2     1             2    <0.5
  CHB029  行徳          35.695  139.918     2     1     2             2    <0.5
  CHB011  蓮沼          35.588  140.497     2     2     0             2    <0.5
  TKY021  猿江          35.688  139.819     1     2     1             2    <0.5
  FKS013  古殿          37.090  140.556     2     2     1             2    <0.5
  TKY026  宇喜田        35.670  139.863     2     1     1             2    <0.5
  FKS012  勿来          36.907  140.793     1     2     0             2    <0.5
  FKS008  船引          37.436  140.567     1     2     0             2    <0.5
  TKY013  砂町          35.660  139.834     1     1     1             2    <0.5
  FKSH14  いわき東      37.026  140.970     1     1     1             1    <0.5
  CHBH19  蓮沼          35.594  140.511     1     1     0             1    <0.5
  CHBH10  千葉          35.546  140.242     1     1     1             1    <0.5
  TCGH17  藤原2         36.985  139.692     1     1     0             1    <0.5
  FKSH20  浪江          37.491  140.987     1     1     0             1    <0.5