最大加速度リスト

地震発生時刻   2019/01/26-17:23:00.00
震央北緯       40.3°
震央東経       142.3°
震源深さ       38.0km
マグニチュード M5.6

  コード  観測点名      緯度    経度     最大加速度 (ガル) 三成分合成値 計測震度
　　　　　 　　         北緯    東経      N-S   E-W   U-D        (ガル)         
  IWTH02  玉山          39.825  141.383   265   272    34           294     4.7
  AOM012  八戸          40.514  141.481    81    93    30           102     3.4
  IWTH08  久慈北        40.269  141.783    87    91    38            91     3.6
  AOMH05  野辺地        40.856  141.103    62    80    23            83     3.7
  AOMH17  名川          40.449  141.337    47    55    70            75     3.2
  AOMH12  十和田湖東    40.585  141.155    30    29    67            69     3.0
  IWT020  藪川          39.784  141.329    68    60    33            68     3.8
  AOM010  野辺地        40.872  141.142    51    47    20            67     3.2
  IWTH03  岩泉          39.802  141.652    58    30    11            59     2.5
  AOM011  三沢          40.680  141.367    57    42    29            58     3.3
  IWT021  西根          39.920  141.082    57    43    17            58     3.3
  IWTH12  九戸          40.153  141.424    44    49    32            58     3.2
  AOM013  南部          40.412  141.280    53    42    15            58     3.2
  IWTH07  軽米          40.270  141.571    50    19    14            52     2.6
  IWT022  安代          40.101  141.052    41    33     8            50     2.8
  IWT012  北上          39.321  141.138    46    29    12            48     3.2
  IWT001  種市          40.410  141.719    42    31    32            45     2.9
  AOMH16  新郷          40.462  141.092    40    36    29            44     3.3
  IWTH01  二戸東        40.238  141.342    33    42    30            43     3.1
  AOMH13  八戸          40.579  141.445    26    35    15            41     3.0
  IWTH11  一戸          40.081  141.191    31    36    23            38     3.1
  IWT003  普代          40.008  141.886    20    34    16            36     3.3
  AKTH14  鹿角          40.062  140.808    25    31    21            34     2.9
  AOMH18  田子          40.296  141.014    30    22    12            31     2.6
  IWTH09  久慈南        40.086  141.712    19    30    26            30     2.2
  AOM006  川内          41.198  140.997    23    24     7            29     2.9
  IWT024  二戸          40.261  141.291    27    21    16            27     2.4
  IWT017  門馬          39.634  141.438    21    26    11            27     2.4
  AOM007  南通          41.169  141.385    20    26     8            26     2.2
  IWT018  盛岡          39.695  141.148    23    21     9            26     2.6
  IWTH14  田老          39.743  141.909    23    25     8            25     2.1
  AOMH11  十和田湖西    40.580  140.995    25    15     9            25     2.4
  IWTH17  川井北        39.644  141.598    24    14     9            24     2.2
  IWT007  釜石          39.270  141.856    19    20     8            24     2.1
  IWTH21  山田          39.473  141.934    23    19     8            24     2.2
  AOM014  子ノ口        40.437  140.941    18    16    16            23     2.7
  IWTH15  矢巾          39.615  141.093    22    18     7            23     2.6
  IWTH13  葛巻          39.940  141.549    23    13     8            23     2.0
  IWT002  久慈          40.182  141.764    17    17    10            22     2.6
  MYGH13  南三陸        38.699  141.418    21    12     6            22     2.4
  IWT023  葛巻          40.037  141.450    17    16     7            21     2.2
  AOM008  横浜          41.084  141.255    20    20    12            21     2.5
  AOMH06  六ヶ所        40.966  141.374    20    17    10            20     2.4
  IWTH04  住田          39.181  141.391    18    15     7            20     2.4
  IWT026  相去          39.257  141.098    15    20     9            20     2.4
  IWT005  宮古          39.647  141.946     8     7    19            20     2.3
  AOM021  十和田        40.615  141.208    19    16    10            19     2.6
  IWT004  田老          39.736  141.967    15    15    16            19     2.3
  IWTH10  安代          40.139  140.953    15    18     4            19     2.2
  IWTH27  陸前高田      39.031  141.532    13    16     6            19     2.0
  IWTH22  東和          39.334  141.302    14    16     4            18     2.0
  IWT016  川井          39.600  141.679    17    14     8            18     2.3
  IWTH16  雫石          39.644  140.946    11    17     7            17     2.4
  IWT019  岩泉          39.803  141.658    17    11     5            17     1.7
  AOM027  脇野沢        41.145  140.822    14    17     7            17     2.5
  IWT006  山田          39.485  141.975    13    17     7            17     2.2
  IWT009  大東          39.019  141.403    14    14     4            16     1.6
  IWT025  大志田        39.517  140.830    14    14     2            16     1.9
  MYG002  歌津          38.726  141.511    14    13     3            16     1.5
  IWT013  遠野          39.329  141.564    13    12     6            16     2.2
  IWTH19  花巻北        39.456  141.000    13    12     4            15     2.0
  HKD159  戸井          41.716  141.002    14    14     4            15     2.4
  AKTH04  東成瀬        39.174  140.713    15    11     4            15     2.2
  IWT014  石鳥谷        39.484  141.147    15    11     7            15     2.2
  AOM005  むつ          41.295  141.197    14    14     4            15     2.8
  AOM024  蟹田          41.047  140.640     9    14     4            14     2.4
  AKT006  鹿角          40.215  140.787    13    13     4            14     2.0
  AOM022  東田沢        40.992  140.916    11    12     3            14     2.2
  AOM020  青森          40.819  140.750    13     9     6            14     2.4
  MYG001  気仙沼        38.901  141.568    13     9     5            13     2.0
  HKD158  椴法華        41.834  141.141     9    12     6            13     2.5
  AOM028  八甲田        40.700  140.919    10    13     6            13     2.4
  AOM002  福浦          41.328  140.813    10    13     3            13     2.0
  AOM009  六ヶ所        40.967  141.373    12     9     7            13     2.2
  AOM003  大畑          41.405  141.169    11    12     5            12     2.3
  IWTH23  釜石          39.274  141.823     9    11     4            12     1.4
  AKT001  小坂          40.328  140.743     9    11     5            12     1.8
  IWTH20  花巻南        39.343  141.047     9     9     4            11     2.1
  MYG003  東和          38.735  141.311     7    11     3            11     1.5
  AOM023  中里          40.968  140.433     8    10     3            10     2.3
  AKTH17  中仙          39.557  140.612     6     9     3             9     1.8
  AOMH03  川内          41.234  140.990     7     5     6             9     2.0
  MYG007  豊里          38.588  141.251     8     6     4             9     1.8
  AKTH02  西木南        39.663  140.572     7     8     2             9     1.4
  IWTH26  一関東        38.969  141.001     5     8     4             9     1.6
  IWT011  水沢          39.145  141.152     6     8     3             8     1.9
  IWTH05  藤沢          38.865  141.351     6     7     3             8     1.5
  MYGH04  東和          38.786  141.325     7     7     2             8     1.0
  AKT014  角館          39.595  140.555     7     5     2             7     1.5
  HKD110  様似          42.131  142.935     6     7     1             7     2.2
  MYG010  石巻          38.429  141.282     6     6     2             7     1.5
  IBUH06  室蘭          42.412  141.002     6     6     3             7     1.9
  AOM026  小泊          41.128  140.311     5     6     2             7     2.0
  AKTH09  田代          40.276  140.460     6     5     4             7     1.7
  AKTH19  湯沢          39.191  140.471     5     5     1             7     1.5
  IWT008  大船渡        39.081  141.708     6     5     2             7     1.2
  AOM004  尻屋          41.409  141.449     6     5     4             7     1.7
  AKT002  大館          40.268  140.566     6     6     3             7     1.9
  MYG008  北上          38.568  141.427     6     6     2             6     1.3
  AOM015  碇ヶ関        40.474  140.631     4     6     2             6     1.1
  MYG004  築館          38.732  141.027     6     5     2             6     1.6
  HKD132  室蘭          42.348  141.032     6     5     3             6     1.8
  HDKH06  静内          42.350  142.357     5     5     2             6     2.0
  MYGH11  河北          38.516  141.342     5     4     2             6     1.0
  IWTH24  金ヶ崎        39.198  141.012     5     5     3             6     1.5
  AKT012  田沢湖        39.699  140.718     5     5     2             6     1.2
  HKD126  鵡川          42.575  141.928     5     5     1             6     1.9
  MYG006  古川          38.580  140.965     5     5     1             5     1.6
  MYG012  塩竈          38.318  141.019     4     5     3             5     1.4
  AOM025  今別          41.179  140.480     5     5     2             5     1.7
  MYG014  作並          38.318  140.636     4     5     1             5     1.4
  HKD109  浦河          42.168  142.767     4     4     1             5     1.6
  AKT003  藤里          40.278  140.263     4     4     2             5     1.5
  MYG015  岩沼          38.105  140.870     5     4     1             5     1.4
  IWTH28  一関西2       39.009  140.864     3     4     3             5     1.2
  IWT015  川尻          39.318  140.779     4     4     1             5     1.3
  MYG018  伊里前        38.719  141.523     4     4     2             5     0.9
  HKD108  三石          42.253  142.564     4     4     1             5     1.4
  HKD157  南茅部        41.905  140.970     4     4     1             4     1.1
  AKTH07  小坂          40.456  140.839     4     4     3             4     1.4
  HKD128  早来          42.766  141.822     4     4     3             4     1.7
  HDKH07  様似          42.133  142.916     4     4     2             4     1.6
  HKD184  千歳          42.790  141.601     4     4     3             4     1.4
  AKTH10  大館          40.300  140.581     4     4     2             4     1.3
  AKTH13  阿仁          39.982  140.407     3     4     1             4     0.9
  HKD105  門別          42.483  142.054     4     3     1             4     1.4
  MYGH03  唐桑          38.921  141.638     4     3     2             4     0.7
  HKD125  穂別          42.761  142.135     3     4     1             4     1.5
  HDKH04  門別西        42.513  142.038     3     4     1             4     1.5
  IWT010  一関          38.935  141.126     3     4     2             4     1.3
  HKD156  七飯          41.900  140.696     3     3     1             4     0.9
  AKTH08  藤里          40.319  140.234     3     3     2             4     1.0
  HKD106  静内          42.341  142.369     3     4     1             4     1.6
  HKD181  江別          43.116  141.546     2     4     2             4     1.3
  IKRH02  新篠津        43.220  141.652     3     3     1             4     1.6
  MYGH07  川崎          38.180  140.641     3     3     1             4     1.0
  IBUH01  追分          42.874  141.819     3     3     1             4     1.4
  MYGH14  利府          38.340  140.955     3     3     1             4     1.2
  AKT019  雄勝          39.038  140.451     3     3     1             4     0.9
  MYG019  鳴子温泉      38.751  140.723     3     4     1             4     1.1
  HKD098  大樹          42.498  143.279     3     3     2             3     1.5
  AOMH15  大鰐          40.484  140.556     3     3     1             3     0.7
  SRCH09  栗山          43.059  141.806     3     3     1             3     1.4
  HKD160  函館          41.770  140.738     3     3     1             3     1.5
  HKD129  苫小牧        42.634  141.606     3     3     1             3     1.4
  HKD162  福島          41.486  140.247     3     3     1             3     1.1
  AOMH09  岩木          40.620  140.350     3     3     1             3     1.4
  HKD135  壮瞥          42.553  140.887     3     3     1             3     1.3
  MYG013  仙台          38.266  140.929     2     3     1             3     0.9
  AOMH08  鰺ヶ沢        40.762  140.312     3     3     1             3     1.0
  HKD127  追分          42.874  141.820     3     3     1             3     1.1
  AKT011  宮田          39.813  140.580     2     3     1             3     0.8
  AKTH16  西仙北        39.545  140.348     3     2     1             3     0.9
  HKD112  えりも岬      41.937  143.240     3     3     1             3     1.1
  OSMH01  知内          41.598  140.421     3     2     1             3     1.3
  IKRH03  千歳          42.888  141.640     3     2     1             3     1.2
  HKD185  支笏湖畔      42.776  141.402     3     2     2             3     1.1
  MYGH10  山元          37.941  140.892     3     3     1             3     0.9
  IBUH07  大滝          42.648  141.064     2     2     1             3     1.3
  AOMH14  西目屋        40.549  140.273     2     3     1             3     1.0
  AKT023  椿台          39.146  140.717     3     2     2             3     0.9
  AOMH01  大間          41.527  140.913     2     3     1             3     1.0
  HKD095  帯広          42.931  143.214     2     3     1             3     1.3
  HKD131  登別          42.421  141.081     2     2     1             3     1.1
  AKTH12  五城目        39.916  140.222     2     3     1             3     0.7
  HKD182  広島          42.992  141.552     2     2     1             3     1.0
  HKD074  納沙布        43.368  145.803     2     2     1             3     0.5
  FKSH12  平田          37.217  140.570     2     3     0             3     0.7
  MYG017  角田          37.976  140.782     2     2     1             2     1.2
  AKT005  能代          40.203  140.029     2     2     1             2     1.0
  KSRH09  白糠南        42.986  143.984     2     2     1             2     1.0
  FKS001  相馬          37.795  140.920     2     2     1             2     0.8
  HKD066  標津          43.662  145.131     2     2     0             2     0.7
  HKD099  新得          43.074  142.839     2     2     1             2     1.1
  AKT021  阿仁          39.995  140.403     2     2     1             2     0.7
  MYG011  牡鹿          38.305  141.504     2     2     1             2    <0.5
  AKT017  横手          39.297  140.563     2     2     1             2     0.5
  HKD136  豊浦          42.589  140.644     2     2     1             2     0.7
  AKT018  鳥海          39.194  140.190     2     2     1             2     0.9
  FKSH20  浪江          37.491  140.987     2     2     1             2     1.0
  HDKH03  門別東        42.593  142.352     2     2     0             2     0.8
  AKTH06  雄勝          38.980  140.495     1     2     1             2     0.5
  OSMH02  上磯          41.837  140.633     2     2     1             2     1.0
  KKWH08  占冠          43.041  142.656     2     2     0             2     0.9
  FKSH19  都路          37.470  140.723     2     2     1             2     0.6
  HKD072  落石          43.195  145.521     2     2     0             2     0.5
  HKD180  札幌          43.139  141.351     2     2     1             2     1.0
  HKD155  鹿部          42.044  140.806     2     2     1             2     0.9
  AOMH10  黒石          40.609  140.665     2     2     1             2     0.8
  HKD080  弟子屈        43.508  144.448     2     1     1             2    <0.5
  SBSH08  喜茂別        42.768  140.977     1     2     1             2     0.9
  HKD094  士幌          43.169  143.241     1     1     1             2     0.9
  NMRH04  別海東        43.398  145.122     2     2     1             2     0.5
  HKD097  生花          42.618  143.421     1     2     0             2     0.7
  HKD085  白糠          42.958  144.070     1     2     1             2     0.8
  NMRH02  標津南        43.677  144.962     2     1     1             2    <0.5
  AOM001  大間          41.527  140.924     2     2     1             2     0.7
  HDKH01  平取西        42.703  142.230     1     2     1             2     0.8
  HKD096  中札内        42.697  143.136     2     1     1             2     1.0
  HKD163  松前          41.434  140.112     2     1     0             2    <0.5
  TKCH04  新得南        43.174  142.918     2     1     1             2     0.7
  AKTH03  矢島          39.222  140.128     2     1     1             2     0.9
  HKD169  木間内        41.935  140.369     1     1     1             2     0.6
  KSRH07  鶴居南        43.136  144.327     1     1     1             2     0.5
  NMRH05  別海西        43.390  144.802     1     2     1             2    <0.5
  AKT022  玉川          39.774  140.667     1     2     1             2    <0.5
  TKCH05  本別          43.121  143.618     1     1     1             2    <0.5
  AKT013  協和          39.607  140.321     2     1     1             2     0.5
  IBUH05  白老          42.563  141.350     1     1     1             2     0.8
  HKD130  白老          42.563  141.350     1     1     1             2     0.8
  HKD070  本別海        43.385  145.284     1     1     0             2    <0.5
  FKS013  古殿          37.090  140.556     1     1     0             1     0.5
  HKD090  本別          43.121  143.618     1     1     1             1    <0.5
  TKCH03  足寄西        43.271  143.432     1     1     1             1     0.7
  FKS017  須賀川        37.284  140.369     1     1     1             1     0.5
  HKD171  小砂子        41.649  139.998     1     1     0             1    <0.5
  FKS005  原町          37.639  140.985     1     1     1             1    <0.5
  KSRH02  阿寒南        43.114  144.123     1     1     1             1     0.7
  HKD120  月形          43.344  141.663     1     1     1             1     0.6
  MYG009  大和          38.447  140.887     1     1     1             1    <0.5
  HKD179  当別          43.224  141.517     1     1     0             1     0.7
  HYMH02  厚沢部        41.986  140.309     1     1     0             1     0.5
  SRCH07  三笠          43.230  141.898     1     1     0             1    <0.5
  YMTH02  山形          38.269  140.258     1     1     0             1     0.5
  YMTH12  立川          38.636  140.006     1     1     1             1     0.8
  NMRH03  中標津        43.551  144.966     1     1     0             1    <0.5
  FKSH17  川俣          37.664  140.597     1     1     0             1    <0.5
  MYGH08  岩沼          38.113  140.844     1     1     1             1    <0.5
  MYGH06  田尻          38.591  141.071     1     1     1             1     0.5
  KSRH06  鶴居東        43.220  144.429     1     1     1             1    <0.5
  IBRH06  北茨城2       36.881  140.655     1     1     0             1    <0.5
  KSRH04  標茶南        43.214  144.680     1     1     1             1    <0.5
  KSRH01  阿寒北        43.436  144.084     1     1     1             1     0.8
  IBUH02  穂別          42.871  142.129     1     1     1             1     0.5
  AOM018  鯵ヶ沢        40.778  140.198     1     1     1             1     0.7
  FKSH18  三春          37.489  140.538     1     1     1             1    <0.5
  KSRH08  白糠北        43.160  143.894     1     1     0             1    <0.5
  FKSH14  いわき東      37.026  140.970     1     1     0             1    <0.5
  AOMH07  深浦          40.745  140.023     1     1     0             1    <0.5
  TCGH16  芳賀          36.548  140.075     1     1     0             1    <0.5
  KSRH05  鶴居西        43.256  144.234     1     1     1             1    <0.5
  IKRH01  当別          43.409  141.584     1     1     0             1    <0.5
  SRCH08  砂川          43.514  141.909     1     1     0             1    <0.5
  YMTH14  西川西        38.386  139.992     1     1     0             1     0.5
  MYGH09  白石          38.009  140.603     1     1     1             1    <0.5
  YMTH15  西川東        38.426  140.125     1     1     0             1     0.7
  YMTH06  高畠          37.963  140.184     1     1     0             1    <0.5
  SRCH10  夕張          42.993  142.008     1     1     0             1    <0.5
  HDKH05  新冠          42.598  142.545     1     1     0             1    <0.5
  KKWH14  中富良野      43.384  142.524     1     1     0             1    <0.5
  ABSH15  置戸東        43.635  143.510     1     1     0             1    <0.5
  ABSH07  白滝          43.849  143.086     1     1     0             1    <0.5
  ABSH13  留辺蘂        43.742  143.451     1     1     0             1    <0.5
  ABSH12  小清水        43.857  144.457     1     1     0             1    <0.5
  ABSH06  湧別北        44.215  143.620     1     1     0             1    <0.5
  FKSH10  西郷          37.162  140.093     1     1     0             1    <0.5
  YMTH07  米沢          37.896  140.028     1     1     0             1    <0.5
  FKSH09  郡山          37.353  140.426     1     1     0             1    <0.5
  SRCH03  幌加内南      43.999  142.126     1     1     0             1    <0.5
  SRCH06  深川南        43.695  142.078     1     1     0             1    <0.5
  ABSH14  美幌          43.723  144.184     1     1     0             1    <0.5
  KKWH13  美瑛西        43.511  142.391     1     1     0             1    <0.5
  TKCH01  陸別          43.468  143.683     1     1     0             1    <0.5
  SBSH06  蘭越          42.831  140.483     1     1     0             1    <0.5
  YMTH11  最上          38.713  140.554     1     0     0             1    <0.5
  ABSH11  女満別        43.914  144.191     1     1     0             1    <0.5
  TKCH10  新得北        43.334  142.945     0     0     0             1    <0.5
  NIGH02  朝日          38.280  139.549     0     0     0             1    <0.5
  SBSH09  黒松内        42.610  140.484     0     0     0             0    <0.5
  NMRH01  標津北        43.785  145.025     0     0     0             0    <0.5
  NIGH04  関川          38.131  139.543     0     0     0             0    <0.5
  KKWH12  美瑛東        43.504  142.601     0     0     0             0    <0.5
  HYMH01  北檜山        42.485  139.968     0     0     0             0    <0.5
  YMTH04  上山          38.081  140.298     0     0     0             0    <0.5
  NIGH03  荒川          38.133  139.429     0     0     0             0    <0.5
  KKWH04  名寄          44.438  142.406     0     0     0             0    <0.5
  YMTH13  朝日          38.470  139.761     0     0     0             0    <0.5