最大加速度リスト

地震発生時刻   2019/12/22-21:33:00.00
震央北緯       39.0°
震央東経       140.9°
震源深さ       7.0km
マグニチュード M4.4

  コード  観測点名      緯度    経度     最大加速度 (ガル) 三成分合成値 計測震度
　　　　　 　　         北緯    東経      N-S   E-W   U-D        (ガル)         
  IWTH28  一関西2       39.009  140.864   291   221   142           311     3.9
  IWTH26  一関東        38.969  141.001    52    51    33            65     3.1
  IWTH27  陸前高田      39.031  141.532    22    13     6            24     1.9
  AKTH04  東成瀬        39.174  140.713    13    22     5            22     2.2
  MYG002  歌津          38.726  141.511    16    16     5            20     1.6
  MYG005  鳴子          38.799  140.651    17    11     7            19     2.0
  IWT009  大東          39.019  141.403    12     8     6            13     1.2
  IWT012  北上          39.321  141.138    11    13     4            13     2.0
  MYG004  築館          38.732  141.027    12     9     7            13     1.9
  MYGH11  河北          38.516  141.342     8    11     4            12     1.2
  IWT010  一関          38.935  141.126     7    11     7            12     1.7
  MYGH13  南三陸        38.699  141.418    11     8     6            11     1.8
  MYGH07  川崎          38.180  140.641    10    10     4            10     1.4
  MYG003  東和          38.735  141.311     8     7     5            10     1.2
  IWTH22  東和          39.334  141.302     8     9     3            10     1.4
  MYG008  北上          38.568  141.427     7     8     2             9     0.8
  IWTH04  住田          39.181  141.391     6     7     3             9     1.4
  MYG007  豊里          38.588  141.251     8     5     5             9     1.3
  MYG019  鳴子温泉      38.751  140.723     8     9     4             9     1.5
  MYGH04  東和          38.786  141.325     8     7     3             9     1.1
  IWT006  山田          39.485  141.975     5     7     2             7     1.5
  IWT026  相去          39.257  141.098     6     6     4             7     1.3
  MYGH14  利府          38.340  140.955     6     5     5             7     1.4
  MYG014  作並          38.318  140.636     5     7     3             7     1.1
  AKT023  椿台          39.146  140.717     6     4     4             6     1.3
  MYG006  古川          38.566  140.977     6     5     3             6     1.5
  IWT004  田老          39.736  141.967     5     5     4             6     1.4
  MYG001  気仙沼        38.901  141.568     6     4     4             6     1.3
  AKT017  横手          39.297  140.563     4     4     2             6    <0.5
  IWT013  遠野          39.329  141.564     4     4     2             5     1.1
  IWT015  川尻          39.318  140.779     3     4     2             5     0.7
  IWT005  宮古          39.647  141.946     3     2     4             4     1.1
  IWTH19  花巻北        39.456  141.000     3     4     2             4     0.7
  MYG018  伊里前        38.719  141.523     4     3     2             4     0.5
  IWT011  水沢          39.145  141.152     4     4     3             4     1.2
  IWTH14  田老          39.743  141.909     4     2     1             4     0.5
  MYGH10  山元          37.941  140.892     4     4     1             4     0.8
  IWTH20  花巻南        39.343  141.047     3     4     2             4     1.1
  IWT014  石鳥谷        39.484  141.147     3     3     2             4     0.9
  MYG010  石巻          38.429  141.282     3     3     2             4     0.8
  IWT001  種市          40.410  141.719     3     3     1             3     1.0
  IWT021  西根          39.920  141.082     3     3     1             3     0.7
  IWT008  大船渡        39.081  141.708     2     3     1             3     0.6
  IWTH03  岩泉          39.802  141.652     2     3     1             3    <0.5
  IWTH23  釜石          39.274  141.823     2     3     1             3    <0.5
  IWT016  川井          39.600  141.679     3     3     2             3     0.8
  MYG011  牡鹿          38.305  141.504     3     2     1             3    <0.5
  IWT003  普代          40.008  141.886     3     2     2             3     1.1
  IWT025  大志田        39.517  140.830     2     3     1             3    <0.5
  MYG015  岩沼          38.105  140.870     3     2     1             3     0.9
  YMT002  新庄          38.768  140.296     1     3     1             3    <0.5
  IWTH12  九戸          40.153  141.424     3     2     1             3     0.6
  AKTH13  阿仁          39.982  140.407     2     3     1             3    <0.5
  YMT017  新庄支所      38.791  140.313     2     2     1             3    <0.5
  MYG013  仙台          38.266  140.929     2     3     2             3     0.6
  IWTH08  久慈北        40.269  141.783     2     2     1             3     0.9
  IWT017  門馬          39.634  141.438     2     2     1             3    <0.5
  FKSH19  都路          37.470  140.723     1     2     1             2     0.6
  MYG009  大和          38.447  140.887     2     2     1             2    <0.5
  IWTH15  矢巾          39.615  141.093     2     2     1             2    <0.5
  FKS003  福島          37.761  140.480     1     2     1             2    <0.5
  IWT020  藪川          39.784  141.329     1     2     1             2     0.6
  AKTH19  湯沢          39.191  140.471     2     2     1             2     0.7
  MYG016  白石          38.008  140.621     1     2     1             2    <0.5
  MYGH03  唐桑          38.921  141.638     2     2     1             2    <0.5
  FKS002  梁川          37.845  140.601     1     2     1             2    <0.5
  IWTH17  川井北        39.644  141.598     2     2     1             2    <0.5
  IWTH01  二戸東        40.238  141.342     2     2     1             2     0.6
  AKTH17  中仙          39.557  140.612     1     2     1             2    <0.5
  AOMH16  新郷          40.462  141.092     2     1     1             2     0.5
  AKTH06  雄勝          38.980  140.495     2     2     1             2    <0.5
  YMTH11  最上          38.713  140.554     1     1     1             2    <0.5
  YMT007  東根          38.431  140.391     1     1     2             2    <0.5
  IWT002  久慈          40.182  141.764     2     1     0             2    <0.5
  FKSH18  三春          37.489  140.538     1     1     1             2    <0.5
  FKS019  二本松        37.603  140.437     1     1     1             2    <0.5
  FKS001  相馬          37.795  140.920     2     1     1             2    <0.5
  MYGH06  田尻          38.591  141.071     1     1     1             2    <0.5
  FKS008  船引          37.436  140.567     1     1     0             1    <0.5
  YMT005  肘折          38.607  140.162     1     1     1             1    <0.5
  AKTH16  西仙北        39.545  140.348     1     1     0             1    <0.5
  YMTH09  戸沢          38.750  140.178     1     1     1             1    <0.5
  FKSH20  浪江          37.491  140.987     1     1     0             1    <0.5
  MYGH09  白石          38.009  140.603     1     1     1             1    <0.5
  MYGH08  岩沼          38.113  140.844     1     1     1             1    <0.5
  FKSH17  川俣          37.664  140.597     1     1     1             1    <0.5
  YMTH14  西川西        38.386  139.992     1     1     1             1    <0.5
  AOMH17  名川          40.449  141.337     1     1     0             1    <0.5
  AKTH02  西木南        39.663  140.572     1     1     0             1    <0.5
  IWTH16  雫石          39.644  140.946     1     1     1             1    <0.5
  YMTH15  西川東        38.426  140.125     0     1     1             1    <0.5
  IWTH07  軽米          40.270  141.571     1     1     0             1    <0.5
  YMTH06  高畠          37.963  140.184     1     1     0             1    <0.5
  AOMH13  八戸          40.579  141.445     1     1     0             1    <0.5
  IWTH09  久慈南        40.086  141.712     1     1     0             1    <0.5
  YMTH02  山形          38.269  140.258     1     1     0             1    <0.5
  YMTH07  米沢          37.896  140.028     0     1     0             1    <0.5
  IWTH13  葛巻          39.940  141.549     1     1     0             1    <0.5
  AOMH12  十和田湖東    40.585  141.155     1     1     0             1    <0.5
  YMTH12  立川          38.636  140.006     0     1     1             1    <0.5
  YMTH08  八幡          38.970  140.033     0     0     0             1    <0.5