最大加速度リスト

地震発生時刻   2016/04/20-21:19:00.00
震央北緯       37.8°
震央東経       141.7°
震源深さ       49.0km
マグニチュード M5.8

  コード  観測点名      緯度    経度     最大加速度 (ガル) 三成分合成値 計測震度
　　　　　 　　         北緯    東経      N-S   E-W   U-D        (ガル)         
  MYGH13  南三陸        38.699  141.418    42    20    11            44     3.2
  FKS004  飯舘          37.680  140.735    25    36    14            41     2.6
  MYG010  石巻          38.429  141.282    28    32     8            39     3.1
  MYGH07  川崎          38.180  140.641    30    35    15            38     2.7
  FKS006  葛尾          37.503  140.759    35    36    11            38     3.0
  MYGH10  山元          37.941  140.892    28    35    12            37     2.8
  FKS001  相馬          37.795  140.920    32    24    17            37     2.9
  FKS005  原町          37.639  140.985    33    21    15            35     2.6
  FKS010  広野          37.234  141.002    26    33     7            34     2.6
  MYGH11  河北          38.516  141.342    30    16     8            31     2.1
  FKSH19  都路          37.470  140.723    22    21    11            29     2.6
  MYG002  歌津          38.726  141.511    26    19     7            28     2.1
  FKSH20  浪江          37.491  140.987    23    23    12            28     3.0
  FKSH12  平田          37.217  140.570    22    23     7            27     2.8
  FKSH18  三春          37.489  140.538    24    21    12            25     2.7
  MYG017  角田          37.976  140.782    22    19     6            24     2.9
  MYG008  北上          38.568  141.427    22    20     9            24     2.2
  FKS002  梁川          37.845  140.601    19    19     5            23     2.0
  MYG015  岩沼          38.105  140.870    21    21     9            22     2.8
  IWT012  北上          39.321  141.138    22    13     6            22     2.6
  MYG012  塩竈          38.318  141.019    18    15    11            21     2.5
  MYGH14  利府          38.340  140.955    20    19     9            21     2.7
  FKS008  船引          37.436  140.567    18    18     7            19     2.2
  FKS019  二本松        37.603  140.437    19    12     8            19     2.4
  MYG011  牡鹿          38.305  141.504    14    16     7            18     2.2
  FKS016  白河          37.123  140.191    18    16     3            18     2.4
  FKSH14  いわき東      37.026  140.970    16    11     6            18     2.6
  MYG004  築館          38.732  141.027    18    14     9            18     2.6
  FKS007  大熊          37.406  140.963    14    13     6            18     2.1
  TCG014  茂木          36.545  140.174    14    14     4            17     2.3
  MYG014  作並          38.318  140.636    13    16     6            17     2.3
  FKS009  小野          37.278  140.635    15    15     6            17     1.9
  MYG007  豊里          38.588  141.251    13    15    10            16     2.4
  IWTH05  藤沢          38.865  141.351    16    10     5            16     1.8
  FKS003  福島          37.761  140.480    14    15     8            16     2.1
  IBRH12  大子          36.837  140.318    13    11     4            16     1.9
  FKSH17  川俣          37.664  140.597    14    14     6            16     2.3
  TCGH13  馬頭          36.734  140.178    13    10     4            15     2.2
  IBR005  笠間          36.385  140.237    10    14     6            15     2.2
  FKS031  川内          37.336  140.813    12    12     7            15     2.1
  FKSH11  矢吹          37.201  140.339    14    11     6            15     2.0
  MYG016  白石          38.008  140.621    11    14     7            14     2.2
  MYG003  東和          38.735  141.311    11    13     5            14     1.8
  IWT009  大東          39.019  141.403    13    14     4            14     1.5
  IWT007  釜石          39.270  141.856    11    12     4            14     2.1
  FKS013  古殿          37.090  140.556    12    14     4            14     2.2
  FKS017  須賀川        37.284  140.369    12    12     6            14     2.4
  IBRH11  岩瀬          36.370  140.140    13    11     5            13     2.3
  FKS011  いわき        37.091  140.904    12    13     6            13     2.1
  MYG001  気仙沼        38.901  141.568    12     9     5            13     2.0
  IWTH27  陸前高田      39.031  141.532    12    12     4            13     1.8
  IBR003  日立          36.592  140.645    10    11     5            12     1.9
  TCG009  今市          36.726  139.715    12    11     3            12     2.1
  IWTH26  一関東        38.969  141.001     9    11     7            12     1.8
  IBR013  鉾田          36.159  140.489     9    11     6            12     1.9
  IBRH16  山方          36.641  140.398    10    11     3            12     1.8
  IWTH02  玉山          39.825  141.383     9    11     2            11     1.9
  IBRH15  御前山        36.557  140.301    11    10     2            11     1.5
  IBRH06  北茨城2       36.881  140.655    10    11     4            11     1.7
  FKSH10  西郷          37.162  140.093    10    11     5            11     1.9
  TCGH16  芳賀          36.548  140.075     8    11     2            11     2.0
  IWT020  藪川          39.784  141.329     5    11     4            11     2.5
  IWTH04  住田          39.181  141.391    10    11     5            11     2.0
  MYGH09  白石          38.009  140.603     9     9     7            11     2.1
  FKS024  中野          37.396  140.132     9     8     5            11     2.2
  IBR001  大子          36.776  140.357    10     9     4            10     2.1
  MYG006  古川          38.580  140.965     8     9     4            10     2.5
  MYG013  仙台          38.266  140.929     9    10     6            10     1.9
  MYG018  伊里前        38.719  141.523    10     8     5            10     1.5
  FKS018  郡山          37.396  140.362     9     9     6            10     2.1
  IBRH13  高萩          36.795  140.575     9     7     4            10     2.0
  FKSH09  郡山          37.353  140.426     8     9     3            10     1.3
  IWT026  相去          39.257  141.098     7     8     4             9     1.9
  MYGH04  東和          38.786  141.325     8     9     3             9     1.2
  YMTH04  上山          38.081  140.298     7     9     2             9     1.4
  MYG009  大和          38.447  140.887     8     7     4             9     1.9
  FKS023  会津若松      37.477  139.929     9     7     2             9     2.2
  FKS012  勿来          36.907  140.793     9     7     4             9     1.9
  IWT013  遠野          39.329  141.564     7     7     2             9     1.8
  IWT004  田老          39.736  141.967     6     7     5             9     2.0
  IWTH21  山田          39.473  141.934     8     7     3             9     1.7
  IBR007  那珂湊        36.352  140.595     8     8     3             9     1.7
  IWTH20  花巻南        39.343  141.047     6     8     2             8     2.1
  YMTH06  高畠          37.963  140.184     6     7     3             8     1.8
  IWT010  一関          38.935  141.126     5     6     4             8     1.8
  IWTH22  東和          39.334  141.302     5     8     2             8     1.3
  MYGH08  岩沼          38.113  140.844     7     7     5             8     1.6
  AKTH04  東成瀬        39.174  140.713     5     7     2             8     1.5
  MYGH03  唐桑          38.921  141.638     5     7     3             8     1.1
  MYG005  鳴子          38.799  140.651     7     6     3             8     1.8
  IWTH23  釜石          39.274  141.823     7     7     2             7     1.1
  IBR006  水戸          36.369  140.453     6     5     3             7     1.6
  IBR004  大宮          36.552  140.410     6     7     2             7     1.5
  MYGH05  小野田        38.579  140.780     7     6     3             7     1.9
  IWT014  石鳥谷        39.484  141.147     5     7     2             7     1.9
  FKS014  矢祭          36.886  140.417     5     6     2             7     1.3
  IBR002  高萩          36.706  140.707     6     6     3             7     1.6
  FKS020  猪苗代        37.547  140.108     7     7     2             7     2.0
  TCG006  小川          36.764  140.130     6     6     3             7     1.8
  MYG019  鳴子温泉      38.751  140.725     6     7     3             7     1.5
  YMT015  米沢          37.904  140.100     6     5     2             7     2.0
  IWT008  大船渡        39.081  141.708     3     6     2             7     1.3
  IWTH28  一関西2       39.009  140.864     6     5     3             7     1.4
  FKSH08  長沼          37.282  140.214     5     5     2             7     1.3
  IBR012  石岡          36.195  140.271     4     6     3             7     1.5
  IWTH14  田老          39.743  141.909     6     6     1             6     0.9
  IBRH18  ひたちなか    36.363  140.620     5     6     3             6     1.4
  IWT005  宮古          39.647  141.946     3     2     6             6     1.4
  CHB007  佐倉          35.723  140.227     6     4     2             6     1.3
  IWT006  山田          39.485  141.975     5     6     2             6     1.4
  IWTH01  二戸東        40.238  141.342     4     5     1             6     1.5
  IBRH17  霞ヶ浦        36.086  140.314     6     5     2             6     1.3
  CHB003  白井          35.794  140.056     5     6     2             6     1.6
  IWT021  西根          39.920  141.082     6     5     2             6     1.7
  IWTH18  川井南        39.463  141.678     5     5     3             6     1.0
  IWTH15  矢巾          39.615  141.093     5     6     2             6     1.8
  IBRH14  十王          36.692  140.548     6     4     2             6     0.7
  YMTH07  米沢          37.896  140.028     4     5     2             6     1.6
  IBR017  江戸崎        35.954  140.319     5     4     3             6     1.2
  IWT003  普代          40.008  141.886     4     5     2             6     1.9
  IBR014  土浦          36.073  140.195     5     5     2             6     1.4
  TCGH12  氏家          36.696  139.984     5     5     2             6     1.3
  IWT017  門馬          39.634  141.438     5     4     3             5     1.2
  IWTH19  花巻北        39.456  141.000     4     4     1             5     1.3
  TCG008  鹿沼          36.560  139.768     5     4     2             5     1.3
  IWTH24  金ヶ崎        39.198  141.012     4     4     2             5     1.6
  IWT016  川井          39.600  141.679     4     4     1             5     1.2
  TCGH10  大田原        36.858  140.023     5     4     2             5     1.3
  IBRH07  江戸崎        35.952  140.330     4     5     4             5     2.1
  IBRH10  石下          36.111  139.989     4     5     2             5     1.7
  IBR018  鹿嶋          35.977  140.632     3     4     2             5     1.2
  IBR010  下妻          36.184  139.965     4     4     2             4     1.4
  TCG005  矢板          36.806  139.926     3     4     1             4     1.3
  IBR011  つくば        36.125  140.090     4     4     2             4     1.5
  IBR016  取手          35.911  140.049     4     4     2             4     1.2
  IWTH12  九戸          40.153  141.424     4     4     1             4     1.4
  YMT006  尾花沢        38.600  140.405     3     4     1             4     1.4
  YMTH02  山形          38.269  140.258     3     4     2             4     1.6
  FKS015  棚倉          37.022  140.377     3     3     2             4     1.1
  IWT011  水沢          39.145  141.152     4     4     2             4     1.6
  IBR008  下館          36.306  139.983     3     4     1             4     1.1
  AOMH16  新郷          40.462  141.092     4     4     2             4     1.6
  YMT011  上山          38.150  140.267     3     3     2             4     1.6
  CHBH13  成田          35.831  140.298     4     4     2             4     1.3
  SITH11  飯能          35.864  139.273     2     4     1             4     1.2
  YMT007  東根          38.431  140.391     4     3     2             4     1.3
  MYGH06  田尻          38.591  141.071     3     3     3             4     1.4
  AKT011  宮田          39.813  140.580     3     4     2             4     1.4
  AKT016  大曲          39.454  140.476     3     4     1             4     1.6
  KNGH10  横浜          35.499  139.519     3     4     2             4     1.4
  TCG013  真岡          36.437  140.023     3     3     2             4     1.2
  SIT008  春日部        35.983  139.746     3     3     1             4     1.5
  IWT001  種市          40.410  141.719     3     3     2             4     1.2
  TCGH11  今市          36.708  139.769     3     3     1             4     1.1
  TCG012  小山          36.286  139.805     4     3     1             4     1.2
  IWTH08  久慈北        40.269  141.783     3     2     1             4     1.2
  YMT008  中村          38.386  139.992     2     3     2             4     1.4
  TCG001  黒磯          36.942  140.083     2     3     2             4     1.3
  KNG206  平塚ST6       35.097  139.378     3     3     1             4     1.5
  IWTH03  岩泉          39.802  141.652     3     3     1             4     0.7
  IWT018  盛岡          39.695  141.148     3     3     1             4     1.0
  TCGH14  粟野          36.551  139.615     2     3     1             3    <0.5
  YMTH03  南陽          38.103  140.155     2     3     1             3     0.6
  CHBH06  匝瑳          35.721  140.505     3     3     2             3     1.1
  GNM011  太田          36.291  139.361     3     3     1             3     1.1
  YMTH14  西川西        38.386  139.992     2     3     3             3     1.4
  IWT025  大志田        39.517  140.830     3     3     1             3     0.9
  CHB004  佐原          35.901  140.490     3     3     2             3     1.0
  FKSH05  下郷          37.254  139.873     3     2     1             3     0.8
  IWT002  久慈          40.182  141.764     3     3     1             3     1.1
  YMT005  肘折          38.607  140.162     3     2     2             3     1.2
  YMT010  山形          38.260  140.349     3     3     1             3     1.0
  FKS025  下郷          37.308  139.900     3     3     2             3     0.7
  YMTH11  最上          38.713  140.554     3     3     2             3     1.1
  TCGH06  真岡          36.446  139.951     2     3     1             3     0.8
  YMT013  小国          38.062  139.757     3     3     1             3     1.1
  YMTH09  戸沢          38.750  140.178     3     3     1             3     1.1
  AOM012  八戸          40.514  141.481     3     3     1             3     1.2
  GNMH12  神流          36.144  138.913     2     2     1             3     0.9
  IWTH11  一戸          40.081  141.191     3     3     1             3     1.3
  GNM009  桐生          36.411  139.325     3     3     1             3     0.9
  AOM011  三沢          40.680  141.367     2     3     1             3     1.0
  TCG003  藤原          36.814  139.715     3     3     1             3     0.8
  FKS026  南郷          37.266  139.539     2     2     1             3     0.6
  TCG015  芹沼          36.749  139.714     2     2     1             3     0.9
  TKY027  瑞江          35.693  139.891     2     2     1             3     1.0
  IWTH16  雫石          39.644  140.946     2     2     2             3     1.3
  AKTH17  中仙          39.557  140.612     2     3     1             3     0.9
  CHB029  行徳          35.695  139.918     2     2     1             3     1.2
  CHB002  松戸          35.787  139.903     2     2     1             3     0.6
  AOM014  子ノ口        40.437  140.941     2     1     1             3     1.0
  AOMH13  八戸          40.579  141.445     2     2     1             2     1.3
  SIT009  川越          35.903  139.483     2     2     1             2     0.6
  IWTH17  川井北        39.644  141.598     2     2     1             2     0.5
  AKTH14  鹿角          40.062  140.808     2     1     0             2     0.6
  CHB012  東金          35.573  140.333     2     2     1             2     1.0
  SIT003  久喜          36.072  139.697     2     2     1             2     1.1
  YMT014  下屋地        37.921  139.870     2     2     1             2     0.6
  KNG202  平塚ST2       34.740  139.839     1     2     1             2     0.7
  SIT010  大宮          35.907  139.648     2     2     1             2     1.2
  AKTH06  雄勝          38.980  140.495     2     2     1             2     0.7
  SITH06  川本          36.113  139.289     2     2     1             2     0.5
  CHB024  稲毛          35.633  140.078     2     2     1             2     1.2
  TKY021  猿江          35.688  139.819     2     2     1             2     1.2
  YMTH15  西川東        38.426  140.125     2     2     1             2     1.1
  TCG011  葛生          36.387  139.614     2     2     1             2     0.5
  YMT009  寒河江        38.390  140.274     2     2     1             2     0.8
  IWT015  川尻          39.318  140.779     2     2     1             2     0.9
  AKT023  椿台          39.146  140.717     2     2     1             2     0.9
  TCG007  宇都宮        36.569  139.886     2     2     1             2     0.8
  GNM010  館林          36.234  139.533     2     2     1             2     0.8
  SITH10  都幾川        35.996  139.219     2     2     1             2    <0.5
  CHBH04  下総          35.797  140.021     2     2     1             2     0.7
  IWT022  安代          40.101  141.052     2     2     1             2     0.9
  SIT007  東松山        36.054  139.391     1     2     1             2    <0.5
  FKSH03  高郷          37.608  139.753     2     1     1             2     0.8
  AOMH05  野辺地        40.856  141.103     2     2     1             2     0.9
  AOMH17  名川          40.449  141.337     2     2     1             2     0.9
  TKY003  青梅          35.797  139.291     2     2     1             2     0.8
  TKY025  篠崎          35.714  139.897     2     2     1             2     0.7
  TKY007  新宿          35.711  139.686     2     2     1             2     0.7
  IBRH20  波崎2         35.828  140.732     2     1     1             2     0.7
  CHB010  八日市場      35.708  140.568     1     2     1             2     0.8
  AKTH16  西仙北        39.545  140.348     2     2     1             2     1.0
  TCG016  北高岡        36.529  140.156     2     2     1             2     0.7
  TKY023  八広          35.725  139.825     2     2     1             2     0.8
  AOMH12  十和田湖東    40.585  141.155     2     2     1             2     0.8
  KNG201  平塚ST1       34.596  139.918     2     1     0             2     0.8
  AKTH13  阿仁          39.982  140.407     2     2     0             2    <0.5
  YMT002  新庄          38.768  140.296     1     2     1             2     0.8
  TKY028  越中島        35.669  139.789     2     1     1             2     0.9
  KNG205  平塚ST5       34.941  139.421     2     2     0             2     0.9
  YMNH11  大月          35.625  138.978     2     2     0             2     0.8
  IBRH19  つくば        36.214  140.089     2     2     1             2    <0.5
  AKTH19  湯沢          39.191  140.471     1     2     1             2     0.8
  TCG010  足尾          36.635  139.438     2     1     1             2    <0.5
  TKYH12  八王子        35.670  139.265     2     1     1             2     0.6
  AOM021  十和田        40.615  141.208     1     2     1             2     0.9
  IBR009  古河          36.185  139.704     2     1     1             2     0.7
  IWTH09  久慈南        40.086  141.712     2     2     1             2    <0.5
  TCG002  塩原          36.990  139.803     1     2     1             2     0.6
  AKTH02  西木南        39.663  140.572     1     1     0             2     0.5
  GNM003  沼田          36.658  139.078     1     2     1             2    <0.5
  TKY013  砂町          35.660  139.834     2     1     1             2     0.9
  TCGH09  矢板          36.862  139.836     1     1     1             2     0.6
  AOMH18  田子          40.296  141.014     2     1     0             2    <0.5
  AKT012  田沢湖        39.699  140.718     1     1     1             2     0.6
  CHB014  姉崎          35.477  140.049     1     2     1             2     0.8
  IWT024  二戸          40.261  141.291     1     1     1             2     0.8
  CHBH19  蓮沼          35.594  140.511     1     1     1             2     0.9
  CHBH14  銚子中        35.734  140.823     1     1     1             2     0.6
  YMTH12  立川          38.636  140.006     1     1     1             1     0.8
  SITH07  名栗          35.912  139.149     1     1     0             1    <0.5
  YMT017  新庄支所      38.791  140.313     1     1     1             1     0.6
  NIGH04  関川          38.131  139.543     1     1     1             1     0.7
  IWTH07  軽米          40.270  141.571     1     1     1             1    <0.5
  YMT003  鶴岡          38.729  139.801     1     1     1             1     0.9
  NIGH02  朝日          38.280  139.549     1     1     1             1     0.8
  CHBH10  千葉          35.546  140.242     1     1     1             1     0.6
  SIT002  熊谷          36.148  139.388     1     1     1             1     0.5
  TCGH07  栗山西        36.882  139.453     1     1     0             1    <0.5
  GNMH05  伊勢崎        36.314  139.185     1     1     1             1     0.5
  IWTH13  葛巻          39.940  141.549     1     1     1             1    <0.5
  NIGH08  津川          37.671  139.465     1     1     1             1     0.8
  AKTH03  矢島          39.222  140.128     1     1     1             1     0.7
  CHB016  岬            35.300  140.387     1     1     0             1     0.8
  NMRH02  標津南        43.677  144.962     1     1     0             1    <0.5
  KSRH03  標茶北        43.385  144.628     1     1     0             1    <0.5
  NMRH04  別海東        43.398  145.122     1     1     0             1    <0.5
  NMRH03  中標津        43.551  144.966     1     1     0             1    <0.5
  IWTH10  安代          40.139  140.953     1     1     0             1    <0.5
  AOMH11  十和田湖西    40.580  140.995     1     1     0             1    <0.5
  AOMH06  六ヶ所        40.966  141.374     1     1     0             1    <0.5
  KSRH07  鶴居南        43.136  144.327     1     1     0             1    <0.5
  KNGH18  藤野          35.644  139.128     1     1     0             1    <0.5
  YMTH05  小国          37.988  139.802     1     1     1             1    <0.5
  SITH08  小鹿野        36.027  138.969     1     1     0             1    <0.5
  NIGH05  聖籠          37.976  139.279     1     1     1             1    <0.5
  NIGH03  荒川          38.133  139.429     1     1     0             1     0.5
  TCGH08  栗山東        36.883  139.646     1     1     0             1    <0.5
  CHBH12  富津          35.344  139.855     1     1     0             1    <0.5
  GNMH08  嬬恋          36.492  138.524     1     1     0             1    <0.5
  GNMH14  みどり        36.493  139.322     1     1     0             1    <0.5
  TKYH13  檜原南        35.702  139.127     1     1     0             1    <0.5
  SITH04  所沢          35.803  139.535     1     1     0             1    <0.5
  AOMH03  川内          41.234  140.990     0     1     0             1    <0.5
  FKSH06  伊南          37.172  139.520     1     1     0             1    <0.5
  AKTH09  田代          40.276  140.460     1     0     0             1    <0.5
  NGNH19  川上          35.974  138.584     1     0     0             1    <0.5
  AKTH10  大館          40.300  140.581     1     0     0             1    <0.5
  YMTH13  朝日          38.470  139.761     1     1     0             1    <0.5
  AKTH15  協和          39.688  140.407     1     1     0             1    <0.5
  KNGH20  松田          35.366  139.126     1     1     0             1    <0.5
  AKTH07  小坂          40.456  140.839     1     1     0             1    <0.5
  KSRH06  鶴居東        43.220  144.429     1     1     0             1    <0.5
  KSRH04  標茶南        43.214  144.680     1     1     0             1    <0.5
  KSRH02  阿寒南        43.114  144.123     1     1     0             1    <0.5
  YMNH14  都留南        35.511  138.968     0     1     0             1    <0.5
  GNMH07  利根          36.700  139.210     0     0     0             1    <0.5
  FKSH01  西会津        37.757  139.715     0     0     0             1    <0.5
  CHBH11  養老          35.287  140.153     0     0     0             0    <0.5
  KNGH23  葉山          35.262  139.611     0     0     0             0    <0.5
  AKTH08  藤里          40.319  140.234     0     0     0             0    <0.5
  AOMH01  大間          41.527  140.913     0     0     0             0    <0.5
  YMNH15  上九一色      35.532  138.605     0     0     0             0    <0.5
  AOMH08  鰺ヶ沢        40.762  140.312     0     0     0             0    <0.5
  NIGH14  塩沢          37.030  138.852     0     0     0             0    <0.5
  NIGH11  川西          37.173  138.744     0     0     0             0    <0.5
  KNGH21  清川          35.463  139.215     0     0     0             0    <0.5
  AOMH10  黒石          40.609  140.665     0     0     0             0    <0.5
  NIGH07  村松          37.666  139.261     0     0     0             0    <0.5
  YMNH12  増穂          35.562  138.449     0     0     0             0    <0.5
  AOMH15  大鰐          40.484  140.556     0     0     0             0    <0.5
  NGNH24  松川          35.615  137.880     0     0     0             0    <0.5
  TCGH17  藤原2         36.985  139.692     0     0     0             0    <0.5
  GNMH09  高山          36.621  138.907     0     0     0             0    <0.5
  KSRH08  白糠北        43.160  143.894     0     0     0             0    <0.5