最大加速度リスト

地震発生時刻   2018/04/09-01:56:00.00
震央北緯       35.2°
震央東経       132.6°
震源深さ       10.0km
マグニチュード M4.8

  コード  観測点名      緯度    経度     最大加速度 (ガル) 三成分合成値 計測震度
　　　　　 　　         北緯    東経      N-S   E-W   U-D        (ガル)         
  SMN006  大田          35.194  132.498   180   113    57           189     3.8
  SMN007  邑智          35.081  132.591    55   112    23           115     3.7
  SMNH04  邑智          35.092  132.531    69    56    90            91     3.2
  SMNH03  佐田          35.224  132.722    39    29    15            41     2.9
  SMN009  江津          35.011  132.223    28    35    15            37     2.3
  SMN008  瑞穂          34.852  132.531    12    10    24            25     1.8
  SMNH16  加茂          35.342  132.899    20    20    11            24     2.9
  SMN016  掛合          35.196  132.815    19    20    14            22     2.2
  HRS004  芸北          34.726  132.277    13    17     3            21     1.6
  HRSH10  芸北          34.747  132.379    15    16     6            20     2.2
  HRS008  向原          34.603  132.720    10    15     5            18     1.9
  SMN005  出雲          35.361  132.745     8    17     4            17     2.5
  SMNH05  羽須美        34.870  132.640    13    16     4            17     1.5
  HRS001  高野          35.034  132.902    12    14     7            14     1.5
  SMN004  木次          35.288  132.900    13     9     6            14     1.9
  HRSH03  御調          34.518  133.137    10    11     5            12     1.5
  HRSH18  東広島        34.457  132.792     8     9     6            11     1.1
  SMN003  横田          35.179  133.093     7    10     3            11     0.8
  HRS021  西城          34.953  133.117     6     9     7            10     1.1
  HRS012  東広島        34.428  132.742     3    10     2            10     1.9
  SMNH06  金城          34.884  132.203     8     8     5             9     1.7
  HRS005  油木          34.777  133.281     7     9     6             9     1.3
  TTR008  米子          35.426  133.330     8     7     2             9     1.9
  HRS002  東城          34.895  133.275     6     8     2             9     0.6
  HRSH01  三原          34.374  133.024     7     5     4             8     0.9
  HRS014  大野          34.287  132.277     5     6     2             7     1.1
  HRSH16  吉田          34.663  132.669     5     6     5             7     0.9
  HRS019  呉            34.253  132.562     7     5     2             7     1.1
  HRS013  広島          34.377  132.451     6     6     4             7     1.1
  YMG001  須佐          34.617  131.602     6     6     3             7     1.8
  HRS003  三次          34.814  132.842     6     5     2             7     1.4
  OKY005  落合          35.010  133.732     6     5     2             6     1.2
  TTRH02  日野          35.231  133.391     5     6     4             6     1.0
  SMNH02  仁多          35.224  133.086     5     5     3             6     0.6
  OKY001  湯原          35.170  133.731     6     5     2             6     1.4
  EHMH10  宮窪          34.192  133.058     5     4     2             6     0.9
  HRSH07  呉            34.288  132.641     4     5     5             6     1.5
  HRS006  豊平          34.666  132.408     4     5     3             6     0.6
  HRS009  湯来          34.493  132.279     5     5     3             6     1.1
  SMN014  津和野        34.467  131.775     3     5     1             5     1.3
  OKYH08  哲多          34.910  133.405     3     4     1             5    <0.5
  TTR009  日南          35.171  133.311     4     5     4             5     0.8
  SMN015  広瀬          35.364  133.170     4     3     1             5     0.9
  HRSH11  神石          34.822  133.167     2     3     4             5    <0.5
  OKYH09  湯原          35.181  133.677     3     4     1             5    <0.5
  OKY007  高梁          34.781  133.612     3     3     1             4     0.6
  YMG016  岩国          34.170  132.177     3     4     2             4     1.0
  KGWH02  三野          34.198  133.708     4     4     2             4     1.2
  HRSH17  戸河内        34.572  132.233     3     4     2             4     0.5
  TTR007  江府          35.283  133.488     4     3     2             4     1.3
  HRS017  三原          34.404  133.083     3     3     1             4    <0.5
  OKY013  笠岡          34.510  133.510     3     3     1             4     0.9
  HRSH02  大和          34.548  132.948     3     3     3             4     0.5
  SMN002  松江          35.471  133.068     3     4     2             4     1.2
  OKY004  新見          34.958  133.502     4     3     2             4     0.6
  SMNH15  鹿島          35.523  133.023     2     3     2             4     0.6
  OKY012  倉敷          34.589  133.755     3     4     1             4     0.9
  KGW004  高松          34.347  134.037     3     3     1             4     0.9
  OKY008  建部          34.870  133.904     2     4     1             4    <0.5
  EHM004  今治          34.062  132.998     2     3     1             4     0.9
  HRS020  因島          34.294  133.178     3     4     1             4     0.8
  SMNH07  美都          34.694  132.040     3     3     1             4     1.1
  OKY009  吉井          34.918  134.092     3     2     1             3    <0.5
  SMNH09  匹見          34.572  132.012     3     3     1             3    <0.5
  KGW005  観音寺        34.114  133.635     2     3     1             3     1.2
  YMG013  防府          34.031  131.535     3     3     1             3     1.0
  SMN001  美保関        35.537  133.161     3     3     1             3     0.6
  YMGH10  むつみ        34.484  131.633     3     3     1             3     0.5
  YMG010  美川          34.230  131.982     3     2     1             3    <0.5
  SMNH11  平田          35.426  132.801     3     2     3             3     0.7
  OKY015  上斎原        35.279  133.926     2     2     1             3     0.6
  HRS010  世羅          34.587  133.049     3     3     1             3     0.6
  SMN011  匹見          34.572  132.014     3     2     1             3    <0.5
  KGW003  丸亀          34.264  133.790     3     2     1             3     0.5
  TTRH03  溝口          35.355  133.492     2     2     2             3     1.1
  EHM008  松山          33.820  132.728     1     3     0             3     1.1
  YMG002  萩            34.407  131.399     2     2     1             3     0.7
  SMN013  益田          34.669  131.846     2     2     1             2    <0.5
  OKY006  津山          35.068  134.005     2     2     1             2    <0.5
  YMGH17  東和          33.929  132.405     2     2     1             2     0.7
  TTR006  赤碕          35.511  133.630     2     2     1             2    <0.5
  HRS018  竹原          34.341  132.907     2     2     1             2     1.3
  SMN010  浜田          34.887  132.078     2     2     1             2     0.6
  TTR003  用瀬          35.343  134.208     2     2     1             2    <0.5
  KGW008  琴南          34.164  133.924     2     1     0             2    <0.5
  OKYH03  岡山          34.778  133.789     2     1     2             2    <0.5
  YMG009  鹿野          34.232  131.817     1     2     1             2    <0.5
  KOCH05  池川          33.647  133.144     1     2     1             2    <0.5
  YMG017  柳井          33.965  132.101     1     2     0             2     1.0
  HYGH03  波賀          35.219  134.524     2     1     0             2    <0.5
  SMN012  六日市        34.353  131.935     2     2     1             2    <0.5
  HRSH15  倉橋          34.116  132.505     1     2     1             2    <0.5
  OKY010  備前          34.745  134.188     2     1     1             2    <0.5
  HRSH04  沼隈          34.379  133.349     2     2     1             2    <0.5
  YMG003  生雲中        34.383  131.600     2     1     1             2    <0.5
  EHM007  北条          33.962  132.772     1     2     1             2     0.8
  TTR005  倉吉          35.429  133.825     2     1     1             2    <0.5
  OKYH11  勝央          35.073  134.116     1     2     1             2    <0.5
  OKYH05  建部          34.868  133.853     1     2     1             2    <0.5
  HRSH14  沖美          34.209  132.406     1     1     1             2    <0.5
  TTR002  鳥取          35.485  134.220     1     2     1             2     0.7
  HYG016  赤穂          34.755  134.390     2     1     1             2     0.6
  OKYH12  大原          35.100  134.319     1     1     1             2    <0.5
  YMGH15  徳山          33.972  131.815     1     1     0             2    <0.5
  KGW002  内海          34.473  134.314     1     1     0             1    <0.5
  OKYH07  神郷          35.049  133.317     1     1     1             1    <0.5
  YMG011  下関          34.064  131.021     1     1     1             1     0.7
  YMG014  徳山          34.054  131.808     1     1     0             1    <0.5
  KOC007  高知          33.561  133.527     1     1     0             1     0.8
  KGW001  土庄          34.545  134.280     1     1     0             1    <0.5
  OKYH04  真備          34.643  133.686     1     1     1             1    <0.5
  FKO004  行橋          33.739  131.010     1     1     0             1    <0.5
  HYGH13  香住          35.621  134.657     1     1     0             1    <0.5
  EHMH08  柳谷          33.539  133.002     1     1     0             1    <0.5
  SMNH10  美保関        35.558  133.300     1     1     1             1    <0.5
  HYGH12  新宮          34.931  134.542     1     1     0             1    <0.5
  HYGH08  加美          35.101  134.904     1     0     0             1    <0.5
  EHMH12  宇和          33.427  132.506     1     1     0             1    <0.5
  HYGH14  出石          35.457  134.862     1     1     0             1    <0.5
  EHMH03  新宮          33.915  133.650     1     0     0             1    <0.5
  HYGH02  南光          35.067  134.423     1     1     0             1    <0.5
  KOCH10  伊野          33.531  133.439     0     0     0             0    <0.5
  KOCH02  吾北          33.708  133.364     0     0     0             0    <0.5
  FKOH06  豊前          33.593  131.135     0     0     0             0    <0.5
  YMGH06  宇部          33.989  131.301     0     0     0             0    <0.5