最大加速度リスト

地震発生時刻   2019/12/04-19:35:00.00
震央北緯       37.0°
震央東経       139.7°
震源深さ       7.0km
マグニチュード M4.8

  コード  観測点名      緯度    経度     最大加速度 (ガル) 三成分合成値 計測震度
　　　　　 　　         北緯    東経      N-S   E-W   U-D        (ガル)         
  TCG009  今市          36.726  139.715   198   453    75           458     5.2
  FKS027  滝原          37.070  139.681    84   214    49           216     3.4
  TCGH08  栗山東        36.883  139.646   113   142    65           163     3.8
  TCG003  藤原          36.814  139.715    88   141    35           154     4.0
  TCG015  芹沼          36.749  139.714    97   147    36           151     3.5
  TCGH17  藤原2         36.985  139.692    47   102    25           104     2.7
  TCG005  矢板          36.806  139.926    66    60    13            68     3.0
  TCGH11  今市          36.708  139.769    41    64    18            66     2.9
  TCGH07  栗山西        36.882  139.453    48    50    24            61     3.0
  TCGH09  矢板          36.862  139.836    38    52    30            57     2.9
  FKS029  桧枝岐        37.016  139.380    52    36    24            54     2.4
  FKS025  下郷          37.308  139.900    38    35    15            39     2.2
  TCG002  塩原          36.990  139.803    24    28    20            35     2.6
  TCG004  湯元          36.806  139.420    30    15    16            30     2.3
  FKSH10  西郷          37.162  140.093    27    25    10            29     2.4
  TCG008  鹿沼          36.560  139.768    19    27     9            29     2.5
  IBR013  鉾田          36.159  140.489    24    16     8            27     2.2
  TCG014  茂木          36.545  140.174    13    21     6            24     2.3
  TCG007  宇都宮        36.569  139.886    13    21     5            21     1.8
  TCGH14  粟野          36.551  139.615    21    16     7            21     1.6
  FKSH05  下郷          37.254  139.873    19    19     7            20     2.2
  TCGH16  芳賀          36.548  140.075    18    16     5            19     2.3
  TCGH12  氏家          36.696  139.984    13    14    17            18     1.9
  SIT010  大宮          35.907  139.648     6    18     3            18     2.6
  SITH11  飯能          35.864  139.273     9    17     3            17     2.2
  GNMH13  水上2         36.862  139.063    15     9     4            16     1.9
  TCG010  足尾          36.635  139.438    13    14     8            15     1.3
  FKS023  会津若松      37.477  139.929    13    10     5            14     2.3
  FKS028  只見          37.304  139.362     9    13     6            14     1.3
  IBR014  土浦          36.073  140.195    11    13     5            13     1.8
  IBRH17  霞ヶ浦        36.086  140.314    13    11     6            13     1.7
  IBR016  取手          35.911  140.049    11    11     5            13     1.7
  IBR015  岩井          36.069  139.908    10    13     5            13     2.2
  TKY003  青梅          35.797  139.291    12     9     4            12     2.3
  SIT008  春日部        35.983  139.746    10    12     3            12     2.4
  IBR017  江戸崎        35.954  140.319     8     9     4            11     1.5
  SIT004  長瀞          36.118  139.105     9    10     3            10     1.1
  GNM010  館林          36.234  139.533    10     6     4            10     1.5
  IBR012  石岡          36.195  140.271     5     9     6             9     1.3
  TCG013  真岡          36.437  140.023     7     7     9             9     1.3
  IBR005  笠間          36.385  140.237     8     6     6             9     1.5
  TKY027  瑞江          35.693  139.891     8     5     2             9     1.4
  TCGH10  大田原        36.858  140.023     8     8     4             9     1.7
  TCG012  小山          36.286  139.805     7     8     6             9     1.8
  KNGH10  横浜          35.499  139.519     6     8     3             9     2.2
  GNM009  桐生          36.411  139.325     6     8     3             9     1.2
  IBR006  水戸          36.367  140.454     8     7     7             8     1.4
  GNM001  片品          36.772  139.225     6     4     4             8     0.8
  SIT007  東松山        36.054  139.391     6     5     2             8     1.2
  SIT003  久喜          36.072  139.697     4     6     8             8     1.8
  TKY007  新宿          35.711  139.686     5     7     2             8     1.7
  CHB001  野田          35.959  139.873     5     6     3             7     1.5
  FKS026  南郷          37.266  139.539     6     7     4             7     1.3
  SITH06  川本          36.113  139.289     6     7     3             7     1.2
  FKS022  西会津        37.600  139.647     6     7     4             7     1.8
  IBRH10  石下          36.111  139.989     5     7     4             7     1.9
  IBR009  古河          36.185  139.704     5     7     3             7     1.5
  SIT011  川口          35.810  139.721     6     5     2             7     1.9
  IBRH11  岩瀬          36.370  140.140     5     5     3             7     1.3
  SIT009  川越          35.903  139.483     6     6     3             7     1.5
  IBR004  大宮          36.552  140.410     6     6     2             7     0.9
  TCGH06  真岡          36.446  139.951     6     4     3             7     1.1
  TCG011  葛生          36.387  139.614     5     6     3             7     1.4
  NIGH06  加茂          37.653  139.068     6     4     3             6     1.5
  IBRH18  ひたちなか    36.363  140.620     4     6     3             6     1.2
  TKYH13  檜原南        35.702  139.127     4     6     2             6     0.9
  TKYH12  八王子        35.670  139.265     6     4     2             6     1.7
  GNM011  太田          36.291  139.361     5     6     2             6     1.5
  IBRH12  大子          36.837  140.318     5     5     3             6     1.1
  SIT013  所沢          35.797  139.466     6     4     2             6     1.7
  NIG025  直江津        37.161  138.224     5     4     1             6     1.7
  SIT006  秩父          35.995  139.071     6     3     1             6     1.3
  TCG016  北高岡        36.529  140.156     4     5     2             6     0.8
  IBRH15  御前山        36.557  140.301     4     6     2             6     0.8
  FKSH02  熱塩加納      37.732  139.882     4     5     1             6     0.5
  SITH04  所沢          35.803  139.535     5     4     1             5     1.1
  FKS030  金山          37.453  139.513     5     4     2             5     1.1
  GNMH14  みどり        36.493  139.322     5     5     2             5     0.5
  CHB007  佐倉          35.723  140.227     5     5     2             5     1.3
  IBR011  つくば        36.125  140.090     5     5     3             5     1.3
  IBR008  下館          36.306  139.983     4     4     3             5     1.0
  NIG028  長岡支所      37.426  138.886     3     3     5             5     1.0
  NIG020  小出          37.233  138.962     3     4     4             5     0.8
  CHB003  白井          35.794  140.056     4     4     3             5     1.4
  SIT012  飯能          35.840  139.321     3     4     2             5     1.3
  CHB029  行徳          35.695  139.918     5     3     2             5     1.2
  TCG006  小川          36.764  140.130     4     4     2             5     1.3
  SIT002  熊谷          36.148  139.388     4     4     2             4     1.4
  TKY021  猿江          35.688  139.819     3     4     1             4     1.2
  IBRH16  山方          36.641  140.398     3     4     1             4     0.9
  NIG018  柏崎          37.372  138.558     2     4     1             4     1.1
  SIT001  本庄          36.243  139.194     2     4     1             4     1.1
  KNGH18  藤野          35.644  139.128     3     4     1             4     1.3
  KNG206  平塚ST6       35.097  139.378     3     4     1             4     1.7
  YMT015  米沢          37.904  140.100     2     4     1             4     0.9
  IBR010  下妻          36.184  139.965     3     4     2             4     1.5
  TKY004  八王子        35.628  139.403     4     3     2             4     1.3
  GNM002  水上          36.782  138.970     4     3     1             4    <0.5
  TKY018  八枝          35.655  139.811     3     3     2             4     1.3
  CHBH04  下総          35.797  140.021     3     3     2             4     1.1
  TKY013  砂町          35.660  139.834     3     3     2             4     1.0
  IBR003  日立          36.592  140.645     4     3     2             4     0.6
  KNG001  川崎          35.529  139.706     2     3     3             4     1.3
  FKS016  白河          37.123  140.191     3     3     2             4     0.7
  NIGH12  湯之谷        37.224  138.982     3     3     3             4     0.5
  FKS014  矢祭          36.886  140.417     3     2     1             3     0.5
  CHB002  松戸          35.787  139.903     3     3     2             3     0.9
  NIGH15  六日          37.053  138.995     2     3     2             3    <0.5
  KNG010  平塚          35.334  139.345     2     3     1             3     1.4
  KNGH11  厚木          35.404  139.354     3     2     1             3     1.4
  YMNH11  大月          35.625  138.978     2     3     1             3     1.1
  IBR007  那珂湊        36.352  140.595     3     3     1             3     0.8
  TCG001  黒磯          36.942  140.083     3     2     1             3     1.5
  SITH07  名栗          35.912  139.149     3     2     1             3    <0.5
  TKY025  篠崎          35.714  139.897     2     3     1             3     0.9
  SIT005  小川          36.056  139.263     3     3     1             3     0.6
  CHB012  東金          35.573  140.333     3     3     1             3     0.8
  CHBH06  匝瑳          35.721  140.505     3     2     1             3     0.7
  GNMH12  神流          36.144  138.913     3     3     1             3     0.8
  IBR018  鹿嶋          35.977  140.632     3     3     1             3     0.5
  IBRH19  つくば        36.214  140.089     3     3     2             3     0.5
  TKY006  小金井        35.699  139.503     3     3     1             3     1.2
  YMTH07  米沢          37.896  140.028     2     3     1             3     0.6
  CHB024  稲毛          35.633  140.078     2     3     1             3     0.9
  KNG002  横浜          35.437  139.634     2     3     1             3     1.4
  NIG024  安塚          37.127  138.444     2     2     1             3     0.5
  NIGH14  塩沢          37.030  138.852     2     2     1             3     0.5
  TKY026  宇喜田        35.670  139.863     3     2     1             3     1.0
  NIG019  小千谷        37.304  138.812     2     2     2             3     0.5
  KNG011  藤野          35.615  139.155     3     2     1             3     0.9
  SITH08  小鹿野        36.027  138.969     3     2     1             3     0.5
  FKS024  中野          37.396  140.132     2     2     1             3     0.6
  TKY001  氷川          35.803  139.096     2     2     1             3    <0.5
  YMN002  大月          35.613  138.947     2     2     1             3     0.8
  TKY024  奥戸          35.740  139.862     2     2     1             3     0.9
  TKY028  越中島        35.669  139.789     2     2     1             3     1.2
  TKY014  亀戸          35.689  139.835     2     2     1             2     0.8
  KNG006  二俣川        35.454  139.539     2     2     1             2     0.9
  IBR001  大子          36.776  140.357     2     2     1             2     0.5
  NIG022  塩沢          37.036  138.846     2     2     1             2     0.9
  SITH05  神泉          36.151  139.050     2     2     1             2    <0.5
  YMN001  丹波山        35.789  138.920     2     2     1             2     0.7
  YMT014  下屋地        37.921  139.870     2     2     1             2    <0.5
  GNM003  沼田          36.658  139.078     2     1     1             2     0.8
  GNMH07  利根          36.700  139.210     2     1     1             2    <0.5
  NIGH08  津川          37.671  139.465     2     2     1             2    <0.5
  CHBH10  千葉          35.546  140.242     1     2     1             2    <0.5
  TKY020  塩浜          35.666  139.809     2     2     1             2     0.8
  YMTH06  高畠          37.963  140.184     2     2     1             2     0.5
  IBRH06  北茨城2       36.881  140.655     2     2     1             2    <0.5
  KNGH20  松田          35.366  139.126     2     1     1             2     0.9
  NIG017  長岡          37.442  138.843     2     2     1             2    <0.5
  IBRH13  高萩          36.795  140.575     2     1     1             2    <0.5
  CHB011  蓮沼          35.588  140.497     1     2     0             2     0.5
  GNM016  万場          36.116  138.925     2     1     1             2    <0.5
  NIGH11  川西          37.173  138.744     2     1     1             2    <0.5
  NIG023  津南          37.015  138.653     2     1     0             2    <0.5
  KNG012  秦野          35.379  139.205     1     1     0             2     0.6
  FKS013  古殿          37.090  140.556     1     1     1             2    <0.5
  YMT013  小国          38.062  139.757     1     1     1             1    <0.5
  YMN009  六郷          35.496  138.463     1     1     0             1     0.6
  CHB014  姉崎          35.477  140.049     1     1     1             1     0.5
  NIGH07  村松          37.666  139.261     1     1     1             1    <0.5
  FKSH14  いわき東      37.026  140.970     1     1     1             1    <0.5
  IBRH20  波崎2         35.828  140.732     1     1     0             1    <0.5
  YMNH14  都留南        35.511  138.968     1     1     1             1    <0.5
  NIGH04  関川          38.131  139.543     1     1     0             1    <0.5
  GNMH11  富岡          36.286  138.921     1     1     1             1    <0.5
  NIGH19  湯沢          36.811  138.785     1     1     1             1    <0.5
  FKSH20  浪江          37.491  140.987     1     1     0             1     0.5
  NIGH05  聖籠          37.976  139.279     1     1     0             1    <0.5
  YMNH08  西野原        35.690  138.734     1     1     0             1    <0.5
  NIGH02  朝日          38.280  139.549     0     1     0             1    <0.5
  YMTH05  小国          37.988  139.802     1     1     0             1    <0.5
  YMTH02  山形          38.269  140.258     1     1     0             1    <0.5
  GNMH08  嬬恋          36.492  138.524     1     1     1             1    <0.5
  ISKH03  内浦          37.346  137.244     1     0     0             1    <0.5
  YMTH15  西川東        38.426  140.125     0     1     0             1    <0.5
  SZOH42  修善寺        34.976  138.913     1     1     0             1    <0.5
  YMTH13  朝日          38.470  139.761     1     1     0             1    <0.5
  NIGH03  荒川          38.133  139.429     1     0     0             1    <0.5
  YMTH12  立川          38.636  140.006     0     0     0             1    <0.5
  GNMH09  高山          36.621  138.907     0     0     0             0    <0.5
  KNGH23  葉山          35.262  139.611     0     0     0             0    <0.5
  KNGH19  山北中        35.417  139.044     0     0     0             0    <0.5
  SZOH34  清水北        35.130  138.424     0     0     0             0    <0.5