最大加速度リスト

地震発生時刻   2016/04/14-22:07:00.00
震央北緯       32.8°
震央東経       130.8°
震源深さ       8.0km
マグニチュード M5.8

  コード  観測点名      緯度    経度     最大加速度 (ガル) 三成分合成値 計測震度
　　　　　 　　         北緯    東経      N-S   E-W   U-D        (ガル)         
  KMMH16  益城          32.797  130.820   465   560   518           710     5.7
  KMM006  熊本          32.793  130.777   423   216   230           455     5.0
  KMM009  矢部          32.686  130.986   178   222    67           241     4.4
  KMMH14  豊野          32.635  130.752   176    88   102           181     4.2
  KMM005  大津          32.876  130.877   126    95    89           163     4.1
  KMM011  砥用          32.617  130.865   146   111    51           149     4.5
  KMMH02  小国          33.122  131.063    61   132    17           132     4.0
  KMM007  高森          32.827  131.123    89   115    58           128     4.2
  KMMH01  鹿北          33.109  130.695    79    89    19           116     3.3
  MYZ001  高千穂        32.705  131.309    94    89    62           114     4.2
  KMMH03  菊池          32.998  130.830    81    98    44           103     3.9
  MYZ002  北川          32.698  131.683    50    85    25            89     3.7
  KMM003  玉名          32.934  130.548    53    80    17            89     3.7
  KMM008  宇土          32.688  130.658    77    62    47            78     4.1
  KMMH09  泉            32.490  130.905    42    64    31            66     3.4
  KMM002  山鹿          33.019  130.685    40    62    48            66     3.4
  MYZ003  延岡          32.566  131.660    45    60    31            65     3.8
  FKO015  柳川          33.163  130.405    25    47    11            52     3.6
  MYZ008  西都          32.106  131.393    45    38    14            49     2.9
  KMMH12  人吉          32.205  130.737    46    44    16            48     3.1
  OITH11  九重          33.284  131.212    34    41    13            48     2.9
  MYZ020  椎葉          32.455  131.147    36    42    17            45     3.4
  MYZH08  川南          32.213  131.531    43    29    13            44     2.8
  KMMH06  白水          32.811  131.101    29    39    21            43     3.0
  KMMH07  三角          32.623  130.558    27    35    21            43     2.9
  KMM014  五木          32.396  130.827    41    22    21            42     2.7
  MYZH04  諸塚          32.518  131.335    36    34    30            40     3.1
  FKO016  大牟田        33.016  130.447    24    39    12            40     2.9
  MYZH12  都城北        31.864  130.945    18    39    10            39     3.1
  OIT014  津久見        33.066  131.859    19    34     5            39     2.6
  OIT016  佐伯          32.975  131.903    26    34    12            37     3.3
  MYZH05  南郷          32.347  131.267    20    35    20            37     2.4
  KMM012  八代          32.508  130.602    32    27    16            36     2.9
  MYZ006  都農          32.257  131.561    34    26     9            36     2.5
  KGS006  横川          31.906  130.702    33    18    15            34     2.8
  MYZH15  日向          32.365  131.589    22    29    11            34     2.4
  OITH08  宇目西        32.839  131.536    29    24    12            33     2.2
  KMM017  多良木        32.256  130.926    15    29     9            30     2.5
  KMM016  人吉          32.197  130.776    21    17    20            29     3.0
  KGS003  大口          32.056  130.587    20    24     7            29     2.7
  NGS014  口之津        32.611  130.185    25    23    15            28     3.1
  FKO013  八女          33.225  130.561    17    25     8            26     2.6
  NGS019  大村          32.900  129.958    18    25     9            26     2.8
  KMMH10  新和          32.315  130.181    25    20     7            25     3.0
  FKO014  矢部          33.149  130.818    22    22    12            25     2.4
  KMM001  小国          33.121  131.069    23    21    10            25     2.7
  MYZH10  国富          32.022  131.290    21    18     7            25     2.1
  KMM010  三角          32.614  130.487    23    22     8            25     3.3
  SAG007  佐賀          33.263  130.300    17    20    11            24     2.8
  FKOH03  宇美          33.561  130.550    17    20     6            24     1.8
  NGS012  島原          32.788  130.346    21    21    10            24     3.1
  MYZ007  西米良        32.235  131.116    16    21    11            24     1.9
  KMM004  一の宮        32.932  131.121    17    21    16            23     2.8
  KMM013  田浦          32.365  130.510    21    17    11            23     2.8
  SAGH04  東脊振        33.365  130.405    23    20     5            23     2.2
  FKO011  久留米        33.324  130.512    23    18     8            23     2.8
  KMM018  龍ヶ岳        32.394  130.388    18    16     6            22     2.0
  FKO005  飯塚          33.652  130.696    14    20     9            22     2.5
  MYZ004  南郷          32.389  131.334    12    20     9            21     2.5
  MYZ013  宮崎          31.909  131.419    18    15    10            21     3.1
  MYZH02  北川          32.697  131.683    15    16     9            20     2.2
  OITH10  佐伯          32.928  131.869    17    14     5            18     2.0
  KMMH11  芦北          32.292  130.578    17    12     6            18     2.4
  NGS009  諫早          32.846  130.022    17    12     4            18     2.2
  FKOH07  大刀洗        33.368  130.635    17    14     9            18     2.4
  OIT013  犬飼          33.073  131.593    12    18     2            18     1.6
  NGS010  長崎          32.735  129.876    15    16     5            18     2.0
  KMMH13  上            32.221  130.910    17    15    10            18     2.4
  FKOH08  小石原        33.465  130.828    13    17     6            17     2.1
  OIT005  耶馬渓        33.455  131.114    17    12     4            17     1.5
  OIT018  蒲江          32.797  131.925    13    10     4            17     1.8
  KGS001  東            32.195  130.176    17    14     5            17     2.1
  SAG003  富士          33.373  130.207    15     9     3            17     2.0
  NGSH03  佐世保南      33.126  129.810    11    12     4            16     1.9
  MYZ009  えびの        32.046  130.811    15    13     9            16     2.8
  MYZ015  都城          31.718  131.062    15    11     4            16     2.1
  MYZ012  高崎          31.872  131.069    11    16     8            16     2.6
  SAGH02  伊万里        33.266  129.880    15    14     3            16     1.9
  FKO004  行橋          33.739  131.010    15    14     9            16     2.1
  MYZ010  小林          31.997  130.972    13    15     5            15     2.2
  FKOH10  浮羽          33.289  130.817     7    15     7            15     1.8
  NGS003  志々伎        33.202  129.413    11    12     2            15     2.1
  SAG002  唐津          33.425  129.919    11    13     7            15     2.4
  FKO001  玄海          33.843  130.509    13    12     6            15     2.6
  SAG004  伊万里        33.265  129.881     8    14     5            15     2.0
  KMM021  天草          32.379  130.000     8    14     5            15     2.7
  MYZ011  綾            31.995  131.256    12    15     5            15     2.1
  NGS005  東彼杵        33.037  129.917    13    11     4            14     2.3
  NGS001  平戸          33.362  129.538    11    13     3            14     2.4
  MYZH16  延岡          32.506  131.696    10    12     5            14     2.1
  SAG005  厳木          33.321  130.064    12     8     5            14     1.6
  OIT015  竹田          32.972  131.397    12    14    10            14     2.2
  KMM015  水俣          32.216  130.405    13    11     6            14     2.5
  MYZ019  北郷          32.501  131.444    13    13     7            14     2.2
  NGSH01  平戸          33.212  129.435     8    13     3            13     2.2
  OIT012  直入          33.066  131.373    11     9     3            13     1.5
  KGSH07  姶良          31.714  130.615     8    12     4            13     2.5
  MYZH13  都城南        31.730  131.079    11    11     6            13     2.1
  NGS002  松浦          33.344  129.705    12    10     4            13     2.6
  KOC015  宿毛          32.937  132.725    11     9     6            13     2.3
  NGS008  小長井        32.923  130.184    11    10     5            13     2.0
  KGSH05  祁答院        31.870  130.496     9    12     4            12     2.4
  KGS005  宮之城        31.901  130.451    10     9     3            12     2.2
  KGS007  川内          31.814  130.303    10    11     5            12     2.8
  OIT011  佐賀関        33.246  131.881    12     8     4            12     2.2
  NGS011  千々石        32.784  130.202    10    10     7            12     2.3
  OIT006  院内          33.424  131.315    12     7     4            12     1.5
  FKO010  甘木          33.423  130.669     6    12     4            12     2.0
  FKOH06  豊前          33.593  131.135     7    11     6            11     1.7
  SAG008  鹿島          33.104  130.100    11     9     5            11     2.2
  KMM022  牛深          32.194  130.026    10     9     5            11     2.0
  SAG006  武雄          33.192  130.034     9     7     5            11     2.4
  FKO008  添田          33.572  130.854     9     8     4            11     2.0
  FKO006  福岡          33.597  130.399     8     9     4            11     2.3
  FKOH01  北九州        33.885  130.980     9     9     3            11     1.6
  KMM020  新和          32.364  130.181     9     6     3            10     1.7
  FKO009  筑紫野        33.495  130.516     8    10     3            10     1.9
  OIT002  中津          33.569  131.268     9     8     4            10     1.8
  KMM019  本渡          32.455  130.181     9     9     3            10     1.5
  FKO003  北九州        33.832  130.901    10     7     3            10     2.0
  OIT008  天瀬          33.255  131.020     8    10     6            10     1.9
  YMG011  下関          34.064  131.021     9     8     4            10     2.2
  KGS008  蒲生          31.762  130.570     8     9     4            10     2.5
  SAGH01  鎮西          33.508  129.888     8     7     2            10     1.6
  KGS002  出水          32.092  130.352     6     8     3             9     2.1
  YMG013  防府          34.031  131.535     7     6     2             9     1.8
  KGS004  阿久根        32.014  130.193     9     7     3             9     2.4
  OIT017  宇目          32.858  131.659     7     8     4             9     1.8
  NGSH04  琴海          32.955  129.803     7     8     2             9     1.9
  FKO007  前原          33.561  130.202     6     8     3             8     1.8
  EHM014  西海          32.945  132.505     8     6     2             8     1.7
  NGSH06  長崎          32.700  129.863     7     4     4             8     1.4
  MYZ014  田野          31.845  131.303     6     7     7             8     2.1
  KMMH15  水俣          32.170  130.365     7     6     3             8     2.1
  KGS010  串木野        31.712  130.274     7     5     3             8     2.2
  YMG012  宇部          33.994  131.218     5     5     2             7     1.9
  FKO012  浮羽          33.332  130.794     5     6     5             7     1.8
  OITH05  野津原        33.153  131.542     4     6     2             7     1.3
  KGS011  日吉          31.590  130.349     6     4     1             6     1.9
  KGSH01  長島          32.155  130.119     6     6     3             6     1.9
  FKO002  中間          33.826  130.705     6     6     4             6     2.1
  KGS012  鹿児島        31.606  130.574     5     6     3             6     2.1
  MYZ005  日向          32.428  131.600     5     5     3             6     1.6
  NGS007  琴海          32.906  129.780     6     6     2             6     1.2
  EHM012  宇和島        33.222  132.573     6     3     1             6     1.2
  KGSH04  川内          31.837  130.360     4     5     3             6     1.8
  KGSH06  郡山          31.699  130.459     5     6     2             6     1.4
  KGS009  国分          31.737  130.761     5     4     2             6     2.0
  KGS036  上甑          31.836  129.868     5     5     2             6     1.7
  MYZ017  串間          31.464  131.228     5     4     1             5     1.9
  NGS004  佐世保        33.181  129.718     4     5     2             5     1.4
  NGS006  大瀬戸        32.933  129.643     4     5     2             5     1.4
  KOC013  佐賀          33.080  133.101     3     5     3             5     1.5
  OIT009  湯布院        33.257  131.344     5     4     2             5     1.7
  YMG008  山口          34.012  131.404     4     4     1             5     1.1
  EHM011  八幡浜        33.450  132.434     5     2     1             5     1.4
  OIT003  豊後高田      33.557  131.446     5     4     1             5     1.2
  OITH01  山国          33.412  131.033     4     4     3             5     1.4
  NGSH02  佐世保北      33.212  129.765     4     3     3             5     1.6
  NGS023  郷ノ浦        33.750  129.690     4     4     4             5     1.3
  MYZH09  須木          32.042  131.062     3     2     5             5     1.2
  FKOH09  玄海          33.850  130.543     3     4     1             5     1.5
  KGSH03  宮之城        31.981  130.444     4     3     2             5     1.4
  SAGH05  白石          33.181  130.105     4     3     2             4     1.5
  KGS018  喜入          31.376  130.545     4     4     2             4     1.7
  KGS015  大崎          31.430  131.011     3     3     2             4     1.7
  OITH03  安岐          33.474  131.686     4     3     1             4     1.3
  YMGH08  豊浦          34.135  130.932     4     4     2             4     1.1
  YMGH07  菊川          34.115  131.051     3     4     3             4     1.2
  SAG001  鎮西          33.527  129.877     3     4     2             4     1.3
  NGS013  野母崎        32.581  129.760     3     4     2             4     1.0
  KGS013  大隅          31.597  130.994     3     3     1             4     1.0
  KOC014  中村          32.989  132.938     3     3     3             4     1.5
  YMG006  豊浦          34.149  130.930     3     3     1             4     1.2
  MYZ016  日南          31.613  131.374     2     3     1             3     1.5
  OIT004  国東          33.567  131.738     3     3     2             3     1.2
  EHMH01  津島          33.056  132.555     3     2     1             3    <0.5
  YMG018  東和          33.909  132.356     3     3     1             3     1.3
  OIT007  杵築          33.417  131.614     2     2     1             3     1.0
  EHM013  三崎          33.392  132.114     2     2     1             3     0.7
  YMG001  須佐          34.617  131.602     3     2     1             3     1.2
  YMGH14  萩            34.398  131.377     3     2     1             3     1.1
  EHMH12  宇和          33.427  132.506     2     2     1             3     1.0
  KGSH09  知覧          31.374  130.433     3     2     1             3     0.9
  NGS022  国分          34.203  129.287     3     2     1             3     0.8
  OIT001  国見          33.678  131.594     3     2     1             3     1.3
  EHM010  肱川          33.451  132.688     2     3     1             3     0.9
  MYZ018  都井岬        31.398  131.305     2     2     1             3     1.2
  HRSH07  呉            34.288  132.641     2     2     1             3     0.8
  YMG017  柳井          33.965  132.101     2     2     1             3     1.2
  SMN012  六日市        34.353  131.935     2     2     1             3     0.6
  EHM015  長浜          33.609  132.477     2     2     1             2     0.9
  EHMH08  柳谷          33.539  133.002     2     2     1             2     0.8
  KOCH08  土佐清水      32.780  132.972     2     2     1             2     0.7
  NGS016  若松          32.888  129.021     2     2     1             2     0.7
  YMGH15  徳山          33.972  131.815     2     1     1             2    <0.5
  KOCH06  中村          33.075  132.952     2     2     1             2     0.6
  YMGH17  東和          33.929  132.405     2     2     1             2     0.8
  KOC012  大正          33.197  132.976     2     1     0             2     0.6
  EHMH13  三崎          33.372  132.116     2     1     1             2     0.5
  EHMH06  日吉          33.335  132.798     2     2     1             2    <0.5
  YMG002  萩            34.407  131.399     2     2     1             2     1.0
  KGS016  加世田        31.416  130.322     2     2     1             2     0.9
  KGSH08  大隅          31.562  130.997     2     2     1             2     0.7
  HRS009  湯来          34.493  132.279     1     2     0             2    <0.5
  HRSH13  広島南        34.412  132.391     1     1     0             2    <0.5
  KOCH04  大月          32.841  132.707     2     1     1             2    <0.5
  YMGH09  田万川        34.626  131.668     1     2     1             2    <0.5
  KGS023  田代          31.199  130.849     1     1     1             2     0.7
  YMG005  豊北          34.290  130.948     1     1     1             2    <0.5
  YMG007  美祢          34.166  131.206     1     1     1             1    <0.5
  YMG016  岩国          34.170  132.177     1     1     0             1     0.6
  KOCH07  須崎          33.392  133.287     1     1     0             1    <0.5
  HRS012  東広島        34.428  132.742     1     1     1             1    <0.5
  KGS021  指宿          31.253  130.632     1     1     1             1     0.7
  EHMH11  大洲          33.581  132.601     1     1     0             1    <0.5
  KGWH02  三野          34.198  133.708     1     1     0             1    <0.5
  YMGH16  上関          33.826  132.104     1     1     0             1    <0.5
  HRSH10  芸北          34.747  132.379     1     1     0             1    <0.5
  KGSH10  山川          31.207  130.618     1     1     0             1    <0.5
  EHMH05  砥部          33.711  132.803     1     1     0             1    <0.5
  YMGH10  むつみ        34.484  131.633     1     1     0             1    <0.5
  KOCH05  池川          33.647  133.144     1     1     0             1    <0.5
  KOCH03  大正          33.268  132.989     1     1     0             1    <0.5
  EHMH10  宮窪          34.192  133.058     1     1     0             1    <0.5
  HRSH15  倉橋          34.116  132.505     1     1     0             1    <0.5
  HRSH18  東広島        34.457  132.792     1     1     0             1    <0.5
  SMNH07  美都          34.694  132.040     1     1     0             1    <0.5
  EHMH04  丹原          33.902  133.066     1     1     0             1    <0.5
  EHMH07  河辺          33.502  132.748     0     1     0             1    <0.5
  HRSH01  三原          34.374  133.024     0     1     0             1    <0.5
  HRSH03  御調          34.518  133.137     0     1     0             1    <0.5
  KGSH12  内之浦        31.258  131.088     1     0     0             1    <0.5
  YMGH04  周東          34.027  132.063     0     1     0             1    <0.5
  HRSH14  沖美          34.209  132.406     0     0     0             0    <0.5
  KOCH10  伊野          33.531  133.439     0     0     0             0    <0.5
  SMNH09  匹見          34.572  132.012     0     0     0             0    <0.5
  KOCH02  吾北          33.708  133.364     0     0     0             0    <0.5
  EHMH03  新宮          33.915  133.650     0     0     0             0    <0.5
  YMGH03  岩国          34.189  132.126     0     0     0             0    <0.5
  HRSH17  戸河内        34.572  132.233     0     0     0             0    <0.5