最大加速度リスト

地震発生時刻   2018/09/14-17:26:00.00
震央北緯       36.7°
震央東経       140.6°
震源深さ       8.0km
マグニチュード M4.2

  コード  観測点名      緯度    経度     最大加速度 (ガル) 三成分合成値 計測震度
　　　　　 　　         北緯    東経      N-S   E-W   U-D        (ガル)         
  IBRH14  十王          36.692  140.548    79   115   141           141     2.4
  IBRH13  高萩          36.795  140.575    55    38    30            61     2.9
  IBR003  日立          36.592  140.645    31    32    22            37     2.0
  IBR002  高萩          36.706  140.707    20    28    17            34     2.4
  IBRH12  大子          36.837  140.318    27    19     7            27     2.3
  IBR001  大子          36.776  140.357    13    25    12            26     2.3
  IBRH16  山方          36.641  140.398    22    21    11            25     2.2
  IBR004  大宮          36.552  140.410    19    23     8            23     1.9
  IBR005  笠間          36.385  140.237    20    16    10            20     2.1
  IBRH06  北茨城2       36.881  140.655    19    16     9            20     1.9
  TCGH16  芳賀          36.548  140.075    15    16     6            18     2.1
  IBRH15  御前山        36.557  140.301    17    14     8            18     1.9
  TCGH13  馬頭          36.734  140.178    16    16    10            17     2.2
  FKS014  矢祭          36.886  140.417     9    15     3            16     1.5
  TCG014  茂木          36.545  140.174    12    13     8            15     2.2
  TCG009  今市          36.726  139.715    14    14     7            15     2.2
  TCGH12  氏家          36.696  139.984    13     9    11            14     1.6
  IBRH11  岩瀬          36.370  140.140    11    12     5            13     1.7
  IBR013  鉾田          36.159  140.489    10    13     8            13     1.7
  FKSH10  西郷          37.162  140.093    10    11     9            12     1.8
  IBR007  那珂湊        36.352  140.595     9    10     4            10     1.4
  FKS029  桧枝岐        37.016  139.380     8     6     1            10     0.9
  TCGH10  大田原        36.858  140.023     9     6     5            10     1.3
  IBR012  石岡          36.195  140.271     9     9     4            10     1.3
  IBR006  水戸          36.369  140.453     9     8     6            10     1.2
  IBR011  つくば        36.125  140.090     8     6     3             9     1.2
  IBRH10  石下          36.111  139.989     9     5     6             9     1.4
  TCG013  真岡          36.437  140.023     7     7     3             9     1.1
  TCG006  小川          36.764  140.130     8     5     3             8     1.4
  FKS010  広野          37.234  141.002     5     7     2             8     1.1
  TCGH14  粟野          36.551  139.615     6     7     2             7     1.0
  IBR014  土浦          36.073  140.195     7     7     3             7     1.3
  FKS012  勿来          36.907  140.793     4     7     4             7     1.2
  TCG005  矢板          36.806  139.926     7     4     2             7     1.1
  IBRH17  霞ヶ浦        36.086  140.314     5     7     4             7     1.1
  FKS016  白河          37.123  140.191     5     7     3             7     1.3
  IBRH18  ひたちなか    36.363  140.620     6     6     4             7     1.3
  IBR016  取手          35.911  140.049     6     6     4             7     1.3
  IBR010  下妻          36.184  139.965     6     5     3             7     1.3
  FKS013  古殿          37.090  140.556     5     4     3             6     0.8
  TCGH11  今市          36.708  139.769     6     6     2             6     1.1
  IBR017  江戸崎        35.954  140.319     6     4     3             6     0.9
  GNM009  桐生          36.411  139.325     4     6     2             6     0.7
  FKSH14  いわき東      37.026  140.970     6     3     1             6     1.0
  FKSH09  郡山          37.353  140.426     5     5     1             6     0.5
  TCG015  芹沼          36.749  139.714     5     6     2             6     0.8
  TCG003  藤原          36.814  139.715     4     4     4             6     0.8
  FKSH19  都路          37.470  140.723     4     6     3             6     0.8
  FKS006  葛尾          37.503  140.759     4     5     2             5     1.1
  IBR018  鹿嶋          35.977  140.632     4     4     1             5     0.6
  TCG008  鹿沼          36.560  139.768     5     3     4             5     1.0
  FKSH12  平田          37.217  140.570     4     4     3             5     1.1
  FKS019  二本松        37.603  140.437     4     4     2             5     0.9
  FKS024  中野          37.396  140.132     3     4     1             5     0.8
  FKSH18  三春          37.489  140.538     3     4     3             4     0.8
  TCG016  北高岡        36.529  140.156     4     4     1             4    <0.5
  FKS008  船引          37.436  140.567     3     4     2             4     0.5
  TCG010  足尾          36.635  139.438     3     4     1             4     0.8
  TCGH06  真岡          36.446  139.951     3     3     1             4     0.6
  GNM001  片品          36.772  139.225     3     3     2             4    <0.5
  TCG001  黒磯          36.942  140.083     3     4     2             4     0.6
  FKS009  小野          37.278  140.635     3     3     2             4    <0.5
  FKS004  飯舘          37.680  140.735     3     3     2             4    <0.5
  FKS011  いわき        37.091  140.904     3     3     3             3     0.6
  GNM003  沼田          36.658  139.078     3     3     1             3     0.6
  IBRH19  つくば        36.214  140.089     3     2     2             3    <0.5
  GNMH14  みどり        36.493  139.322     2     3     1             3    <0.5
  GNM011  太田          36.291  139.361     2     3     1             3     0.5
  CHBH06  匝瑳          35.721  140.505     2     2     3             3    <0.5
  FKS015  棚倉          37.022  140.377     3     1     1             3    <0.5
  GNM002  水上          36.782  138.970     3     2     1             3    <0.5
  SIT008  春日部        35.983  139.746     2     3     1             3     0.8
  TCG011  葛生          36.387  139.614     2     2     2             3    <0.5
  MYGH07  川崎          38.180  140.641     2     3     1             3    <0.5
  TCGH09  矢板          36.862  139.836     2     3     1             3    <0.5
  FKS007  大熊          37.406  140.963     2     2     1             3    <0.5
  TCGH08  栗山東        36.883  139.646     2     3     1             3    <0.5
  CHB004  佐原          35.901  140.490     2     2     2             2    <0.5
  FKS017  須賀川        37.284  140.369     2     2     2             2     0.6
  TCG007  宇都宮        36.569  139.886     2     2     1             2    <0.5
  TCG002  塩原          36.990  139.803     1     2     1             2    <0.5
  IBR009  古河          36.185  139.704     2     2     1             2    <0.5
  GNMH07  利根          36.700  139.210     2     2     1             2    <0.5
  IBRH07  江戸崎        35.952  140.330     2     2     2             2    <0.5
  CHBH04  下総          35.797  140.021     2     2     1             2    <0.5
  CHB002  松戸          35.787  139.903     2     2     2             2    <0.5
  MYG015  岩沼          38.105  140.870     2     2     1             2     0.5
  FKS031  川内          37.336  140.813     2     2     1             2    <0.5
  SIT004  長瀞          36.118  139.105     2     1     1             2    <0.5
  MYGH10  山元          37.941  140.892     2     2     0             2    <0.5
  FKSH17  川俣          37.664  140.597     1     2     1             2    <0.5
  SITH06  川本          36.113  139.289     2     2     1             2    <0.5
  CHBH13  成田          35.831  140.298     2     2     1             2    <0.5
  FKS025  下郷          37.308  139.900     1     2     1             2    <0.5
  SIT003  久喜          36.072  139.697     1     1     1             2     0.5
  FKS028  只見          37.304  139.362     1     1     1             2    <0.5
  FKS001  相馬          37.795  140.920     1     1     1             2    <0.5
  CHB012  東金          35.573  140.333     1     2     1             2    <0.5
  FKSH20  浪江          37.491  140.987     1     1     1             2    <0.5
  CHB010  八日市場      35.708  140.568     1     2     1             2    <0.5
  SIT002  熊谷          36.148  139.388     1     1     1             2    <0.5
  GNMH05  伊勢崎        36.314  139.185     1     1     1             2    <0.5
  GNM006  吾妻          36.510  138.752     1     1     1             1    <0.5
  TKY021  猿江          35.688  139.819     1     1     0             1    <0.5
  CHBH10  千葉          35.546  140.242     1     1     1             1    <0.5
  YMTH04  上山          38.081  140.298     1     1     0             1    <0.5
  GNMH08  嬬恋          36.492  138.524     1     1     0             1    <0.5
  YMTH02  山形          38.269  140.258     1     1     0             1    <0.5
  GNMH11  富岡          36.286  138.921     1     1     0             1    <0.5
  MYGH09  白石          38.009  140.603     1     1     0             1    <0.5
  NIGH19  湯沢          36.811  138.785     0     1     0             1    <0.5
  MYGH08  岩沼          38.113  140.844     0     0     0             1    <0.5