最大加速度リスト

地震発生時刻   2020/01/14-04:53:00.00
震央北緯       36.1°
震央東経       139.9°
震源深さ       46.0km
マグニチュード M4.8

  コード  観測点名      緯度    経度     最大加速度 (ガル) 三成分合成値 計測震度
　　　　　 　　         北緯    東経      N-S   E-W   U-D        (ガル)         
  IBR004  大宮          36.552  140.410   104    74    20           115     3.4
  IBR015  岩井          36.069  139.908    99    40    45           108     3.4
  IBR013  鉾田          36.159  140.489    69    80    59           106     3.5
  TCG011  葛生          36.387  139.614    48    97    33            99     3.3
  TCGH12  氏家          36.696  139.984    74    96    24            99     3.5
  TCG014  茂木          36.545  140.174    85    92    37            98     3.8
  IBRH15  御前山        36.557  140.301    91    88    20            94     3.3
  TCGH14  粟野          36.551  139.615    80    63    21            81     2.8
  TCG007  宇都宮        36.569  139.886    36    78    32            81     3.0
  TCGH06  真岡          36.446  139.951    27    78    10            78     2.7
  TCGH11  今市          36.708  139.769    54    75    30            76     3.0
  IBRH11  岩瀬          36.370  140.140    53    71    24            76     3.4
  IBR005  笠間          36.385  140.237    64    69    28            71     3.4
  IBRH10  石下          36.111  139.989    54    56    30            70     3.2
  GNM010  館林          36.234  139.533    64    39    22            66     3.3
  TCG009  今市          36.726  139.715    55    61    28            63     3.3
  TCG013  真岡          36.437  140.023    45    47    19            63     3.0
  IBRH17  霞ヶ浦        36.086  140.314    56    45    37            60     3.0
  IBRH18  ひたちなか    36.363  140.620    30    57    20            59     3.0
  IBRH12  大子          36.837  140.318    54    44    15            55     3.0
  TCG005  矢板          36.806  139.926    40    54    13            55     3.1
  SIT011  川口          35.810  139.721    43    44    11            53     3.3
  TCG003  藤原          36.814  139.715    34    52    17            52     2.8
  IBR014  土浦          36.073  140.195    41    44    24            52     2.8
  TCG008  鹿沼          36.560  139.768    35    50    27            52     3.2
  GNM009  桐生          36.411  139.325    44    41    19            51     2.7
  SIT008  春日部        35.983  139.746    47    41     9            50     3.5
  IBRH16  山方          36.641  140.398    29    42    13            49     2.7
  TCG012  小山          36.286  139.805    30    40    27            48     2.9
  TCG010  足尾          36.635  139.438    37    33    47            47     2.4
  TCGH16  芳賀          36.548  140.075    39    43    16            45     3.0
  TCGH09  矢板          36.862  139.836    36    34    13            45     2.6
  IBR008  下館          36.306  139.983    38    31    20            44     2.7
  SIT004  長瀞          36.118  139.105    32    39    11            41     2.4
  IBR010  下妻          36.184  139.965    39    33    18            40     3.2
  IBR009  古河          36.185  139.704    36    21    13            40     2.8
  IBR016  取手          35.911  140.049    29    25    39            39     2.5
  IBRH19  つくば        36.214  140.089    31    23    16            38     2.2
  IBR012  石岡          36.195  140.271    33    37    23            38     2.5
  IBR017  江戸崎        35.954  140.319    31    33    27            38     2.6
  CHBH04  下総          35.797  140.021    12    11    38            38     1.8
  IBR011  つくば        36.125  140.090    28    25    37            37     2.6
  IBRH06  北茨城2       36.881  140.655    35    26    12            37     2.5
  IBR006  水戸          36.367  140.454    33    34    21            36     2.6
  CHB002  松戸          35.787  139.903    27    23    19            35     2.3
  TCG015  芹沼          36.749  139.714    28    29    16            33     2.5
  CHB001  野田          35.959  139.873    23    28    28            33     2.5
  CHB007  佐倉          35.723  140.227    32    24    10            33     2.4
  IBR003  日立          36.592  140.645    29    30    15            32     2.3
  GNM011  太田          36.291  139.361    27    32    11            32     2.9
  FKSH12  平田          37.217  140.570    29    13     8            32     2.4
  FKSH10  西郷          37.162  140.093    27    28    16            32     2.7
  TCGH10  大田原        36.858  140.023    17    23    10            28     2.0
  FKS027  滝原          37.070  139.681    11    28     5            28     1.6
  SIT005  小川          36.056  139.263    19    26     5            28     1.9
  SITH05  神泉          36.151  139.050    15    27     5            27     2.1
  CHB006  成田          35.780  140.307    25    17    17            26     2.2
  GNM001  片品          36.772  139.225    22    16    13            26     1.9
  CHB003  白井          35.794  140.056    19    21    25            25     2.4
  SIT003  久喜          36.072  139.697    22    18     9            25     2.8
  SITH06  川本          36.113  139.289    20    24     8            24     2.1
  IBRH13  高萩          36.795  140.575    23    16     8            24     2.1
  IBR001  大子          36.776  140.357    17    23     9            23     2.3
  TCG016  北高岡        36.529  140.156    16    19    12            23     2.1
  TCG006  小川          36.764  140.130    22    13    13            23     2.2
  TKY007  新宿          35.711  139.686    17    22    19            22     2.4
  SITH11  飯能          35.864  139.273    18    20     8            22     2.5
  GNMH12  神流          36.144  138.913    21    15    10            22     2.5
  IBR007  那珂湊        36.352  140.595    20    20    10            21     2.3
  SIT010  大宮          35.907  139.648    13    17     8            21     2.8
  CHBH13  成田          35.831  140.298    19    15    11            20     2.1
  CHB028  市川北        35.766  139.966    11    12    20            20     2.1
  TCG004  湯元          36.806  139.420    13    16    11            19     2.1
  GNM003  沼田          36.658  139.078    18    13     9            19     2.0
  SIT002  熊谷          36.148  139.388    17    14     8            18     2.3
  KNGH10  横浜          35.499  139.519    16    16     6            18     2.7
  SIT006  秩父          35.995  139.071    17    15     5            18     1.6
  GNMH14  みどり        36.493  139.322    13    15     8            18     1.4
  SITH07  名栗          35.912  139.149    10    15     5            17     1.5
  FKS014  矢祭          36.886  140.417    15    14     4            17     1.9
  FKS016  白河          37.123  140.191    14    17     6            17     2.1
  SIT007  東松山        36.054  139.391    16    16     6            17     2.0
  CHB004  佐原          35.901  140.490    15    13    10            16     1.8
  IBR018  鹿嶋          35.977  140.632    15    14    12            16     1.8
  GNMH07  利根          36.700  139.210    15    11     7            15     1.3
  IBR002  高萩          36.706  140.707    10    13     6            15     2.0
  SIT009  川越          35.903  139.483    10    11    13            14     1.9
  FKS006  葛尾          37.503  140.759    13    12     4            14     1.9
  FKS029  桧枝岐        37.016  139.380    11    11     2            14     1.4
  TKY021  猿江          35.688  139.819     9    12     5            13     2.0
  FKS013  古殿          37.090  140.556    12    12     5            13     1.8
  IBRH14  十王          36.692  140.548    12    10     5            12     1.0
  TCGH08  栗山東        36.883  139.646     8    12     8            12     1.7
  GNM016  万場          36.116  138.925    10     9     3            12     1.7
  FKS009  小野          37.278  140.635     9    10     2            12     1.5
  CHBH06  匝瑳          35.721  140.505    10     9     5            12     1.8
  TKY027  瑞江          35.693  139.891    12    11     9            12     2.0
  FKSH11  矢吹          37.201  140.339    11    12     4            12     1.9
  KNG002  横浜          35.437  139.634    11     5     4            11     2.5
  GNMH13  水上2         36.862  139.063    10    10     5            11     1.7
  KNG001  川崎          35.529  139.706    11     6     6            11     2.3
  FKSH18  三春          37.489  140.538    10     9     5            10     1.7
  FKS017  須賀川        37.284  140.369    10     9     4            10     1.8
  TKY001  氷川          35.803  139.096     9     8     5            10     1.2
  FKS008  船引          37.436  140.567     6    10     3            10     1.4
  GNM002  水上          36.782  138.970     8     9     7            10     1.3
  FKSH08  長沼          37.282  140.214    10    10     4            10     1.7
  TKY022  横網          35.687  139.796     8     8     5            10     2.1
  CHB008  浦安          35.654  139.902     9     6     4            10     1.9
  TKYH13  檜原南        35.702  139.127     5     9     3            10     1.0
  TKY015  東白鬚        35.731  139.812     9     7     5            10     2.0
  TKY025  篠崎          35.714  139.897     7     9     6             9     1.7
  CHB029  行徳          35.695  139.918     7     8     7             9     2.0
  FKSH14  いわき東      37.026  140.970     8     8     3             9     1.6
  KNG206  平塚ST6       35.097  139.378     6     9     1             9     2.0
  FKSH19  都路          37.470  140.723     8     8     5             9     1.4
  TCG001  黒磯          36.942  140.083     6     8     5             9     1.3
  TKY013  砂町          35.660  139.834     7     6     8             8     1.8
  TKY023  八広          35.725  139.825     8     6     3             8     2.1
  TKY006  小金井        35.699  139.503     6     6     3             8     1.8
  TKY014  亀戸          35.689  139.835     7     7     6             8     1.7
  GNM006  吾妻          36.510  138.752     6     8     5             8     1.3
  FKS024  中野          37.396  140.132     7     7     2             8     1.8
  KNG008  相模原        35.575  139.327     5     8     4             8     1.5
  FKSH09  郡山          37.353  140.426     7     6     2             8     1.0
  TKY028  越中島        35.669  139.789     8     5     5             8     1.7
  TKY003  青梅          35.797  139.291     7     7     3             8     1.8
  TKY024  奥戸          35.740  139.862     8     6     5             8     1.9
  FKSH06  伊南          37.172  139.520     5     8     2             8     1.0
  TCGH17  藤原2         36.985  139.692     4     7     2             8     0.9
  FKSH05  下郷          37.254  139.873     7     6     2             8     1.5
  TKY026  宇喜田        35.670  139.863     7     7     4             8     1.8
  KNG203  平塚ST3       34.798  139.643     3     7     0             7     1.0
  TKY018  八枝          35.655  139.811     6     5     5             7     1.7
  CHB010  八日市場      35.708  140.568     6     5     3             7     1.2
  GNM015  下仁田        36.229  138.758     6     4     2             7     0.6
  FKS018  郡山          37.396  140.362     6     6     5             7     1.3
  FKS010  広野          37.234  141.002     6     5     2             7     1.2
  CHB024  稲毛          35.633  140.078     6     7     3             7     1.6
  CHB011  蓮沼          35.588  140.497     6     6     2             7     1.3
  TKY017  辰巳          35.647  139.809     5     6     5             7     1.7
  YMN001  丹波山        35.789  138.920     5     5     2             7     0.6
  CHB012  東金          35.573  140.333     6     6     4             7     1.5
  FKS004  飯舘          37.680  140.735     4     6     3             6     0.8
  TKYH12  八王子        35.670  139.265     6     5     3             6     1.6
  FKS012  勿来          36.907  140.793     4     6     2             6     1.3
  GNMH11  富岡          36.286  138.921     6     5     2             6     0.8
  FKS019  二本松        37.603  140.437     6     6     3             6     1.0
  TCG002  塩原          36.990  139.803     5     6     4             6     1.1
  TKY002  桧原          35.730  139.145     5     5     2             6     0.7
  CHB014  姉崎          35.477  140.049     4     5     3             6     1.8
  GNM014  坂本          36.347  138.721     5     4     2             6     1.1
  CHB009  千葉          35.608  140.102     5     5     4             6     1.8
  CHB015  木更津        35.374  139.916     5     4     4             6     1.8
  KNG205  平塚ST5       34.941  139.421     5     5     1             6     1.5
  TKY005  町田          35.580  139.414     5     5     2             5     1.6
  KNG009  厚木          35.442  139.362     5     5     2             5     1.6
  FKS007  大熊          37.406  140.963     5     5     3             5     0.9
  KNG202  平塚ST2       34.740  139.839     3     5     1             5     1.3
  TKY004  八王子        35.628  139.403     5     5     3             5     1.6
  SIT013  所沢          35.797  139.466     5     4     3             5     1.4
  SIT001  本庄          36.243  139.194     5     3     3             5     1.5
  FKS011  いわき        37.091  140.904     4     4     3             5     1.1
  KNGH11  厚木          35.404  139.354     5     4     1             5     1.8
  IBRH20  波崎2         35.828  140.732     4     5     2             5     1.0
  GNM008  前橋          36.348  139.137     4     4     3             5     1.4
  GNM007  渋川          36.464  139.009     4     4     2             5     1.1
  YMNH11  大月          35.625  138.978     4     4     2             5     1.4
  FKSH20  浪江          37.491  140.987     4     4     2             5     1.3
  CHBH10  千葉          35.546  140.242     4     5     3             5     1.2
  FKS031  川内          37.336  140.813     4     4     2             4     1.0
  KNG006  二俣川        35.454  139.539     4     3     1             4     1.4
  FKS025  下郷          37.308  139.900     3     3     2             4     0.6
  CHB022  富津          35.308  139.860     3     4     2             4     1.3
  FKS015  棚倉          37.022  140.377     3     4     1             4     1.0
  FKSH17  川俣          37.664  140.597     4     3     2             4     0.9
  TKY016  東雲          35.648  139.799     3     4     3             4     1.4
  CHBH19  蓮沼          35.594  140.511     4     3     2             4     1.0
  SIT014  中津川        35.995  138.801     4     4     2             4     0.7
  KNG204  平塚ST4       34.893  139.571     3     4     1             4     1.0
  KNG201  平塚ST1       34.596  139.918     1     4     0             4     1.2
  KNGH18  藤野          35.644  139.128     2     4     1             4     1.1
  SIT012  飯能          35.840  139.321     3     3     2             4     0.7
  SZO003  東伊豆        34.816  139.055     4     2     1             4     0.9
  KNG010  平塚          35.334  139.345     3     3     1             4     1.3
  NGN014  小海          36.096  138.484     3     3     1             4     0.7
  CHB013  茂原          35.433  140.291     3     2     1             4     1.0
  YMN004  塩山          35.702  138.727     3     3     2             4     0.9
  SITH04  所沢          35.803  139.535     3     3     2             3     0.9
  YMN002  大月          35.613  138.947     3     3     1             3     0.9
  SZO001  熱海          35.142  139.079     3     3     1             3    <0.5
  MYG015  岩沼          38.105  140.870     3     2     1             3     0.9
  FKS005  原町          37.639  140.985     3     3     1             3     0.6
  GNMH09  高山          36.621  138.907     3     3     1             3     0.5
  KNG013  小田原        35.264  139.152     2     2     3             3     1.3
  CHB017  市場          35.299  140.076     3     3     2             3     1.4
  SZOH42  修善寺        34.976  138.913     2     3     1             3     1.0
  TKY020  塩浜          35.666  139.809     3     2     2             3     1.2
  TKY008  岡田          34.785  139.391     3     2     2             3     0.6
  NIGH19  湯沢          36.811  138.785     3     2     3             3    <0.5
  KNG004  三崎          35.144  139.622     2     3     2             3     1.0
  FKS003  福島          37.761  140.480     2     3     1             3     0.6
  GNM004  草津          36.617  138.592     3     2     1             3    <0.5
  FKS028  只見          37.304  139.362     3     3     1             3    <0.5
  CHB019  鋸南          35.111  139.835     2     2     2             3     1.4
  SZO011  富士宮        35.213  138.602     2     3     1             3     0.6
  MYGH07  川崎          38.180  140.641     2     3     1             3     0.5
  YMN005  甲府          35.655  138.568     2     2     1             3     0.9
  FKS023  会津若松      37.477  139.929     2     3     1             3     0.9
  YMNH14  都留南        35.511  138.968     2     2     2             3    <0.5
  KNGH20  松田          35.366  139.126     2     2     2             3     0.6
  MYGH10  山元          37.941  140.892     2     3     1             3     0.5
  FKS002  梁川          37.845  140.601     2     2     1             2    <0.5
  FKS001  相馬          37.795  140.920     2     2     1             2     0.6
  NIGH14  塩沢          37.030  138.852     2     2     1             2    <0.5
  CHB026  長南          35.387  140.237     2     2     1             2     0.9
  FKS026  南郷          37.266  139.539     2     2     1             2    <0.5
  YMN009  六郷          35.496  138.463     2     2     1             2     0.9
  NIGH15  六日          37.053  138.995     1     1     2             2    <0.5
  YMNH15  上九一色      35.532  138.605     2     2     1             2    <0.5
  CHB016  岬            35.300  140.387     2     2     1             2     1.1
  NGN016  富士見        35.913  138.223     1     2     1             2     0.6
  GNMH08  嬬恋          36.492  138.524     2     2     1             2    <0.5
  CHB021  白浜          34.908  139.898     1     2     1             2     0.5
  KNG012  秦野          35.379  139.205     2     2     1             2     0.7
  KNGH21  清川          35.463  139.215     1     1     1             2    <0.5
  KNG003  横須賀        35.273  139.658     2     2     1             2     0.5
  CHB020  鴨川          35.115  140.102     1     2     1             2     1.0
  NGNH17  佐久          36.142  138.550     1     2     1             2    <0.5
  NIG022  塩沢          37.036  138.846     2     2     1             2     0.5
  GNM005  嬬恋          36.513  138.518     1     2     1             2    <0.5
  MYG017  角田          37.976  140.782     1     1     1             2     0.6
  NGNH19  川上          35.974  138.584     1     1     1             2    <0.5
  YMN010  須玉          35.792  138.410     1     1     1             1    <0.5
  SZOH34  清水北        35.130  138.424     1     1     1             1    <0.5
  SZO005  松崎          34.755  138.784     1     1     0             1    <0.5
  MYGH14  利府          38.340  140.955     1     1     1             1    <0.5
  NIGH11  川西          37.173  138.744     1     0     1             1    <0.5
  CHBH11  養老          35.287  140.153     1     1     1             1    <0.5
  KNGH23  葉山          35.262  139.611     1     1     1             1    <0.5
  YMNH12  増穂          35.562  138.449     1     1     1             1    <0.5
  MYGH09  白石          38.009  140.603     1     1     1             1    <0.5
  YMTH06  高畠          37.963  140.184     1     1     0             1    <0.5
  YMNH10  早川北        35.535  138.309     1     1     0             1    <0.5
  YMNH16  甲府2         35.742  138.565     1     1     0             1    <0.5
  MYGH08  岩沼          38.113  140.844     1     1     0             1    <0.5
  SZOH54  初島2         35.042  139.168     1     1     1             1    <0.5
  SZOH39  西伊豆西      34.799  138.772     1     1     0             1    <0.5
  SZOH38  函南          35.085  138.978     1     1     1             1    <0.5
  CHBH17  勝浦東        35.171  140.340     1     1     1             1    <0.5
  YMTH02  山形          38.269  140.258     1     1     0             1    <0.5
  NGNH23  南木曽        35.606  137.611     1     1     0             1    <0.5
  NGNH24  松川          35.615  137.880     1     1     0             1    <0.5
  NGNH54  飯田          35.449  138.006     0     0     0             0    <0.5
  YMTH07  米沢          37.896  140.028     0     0     0             0    <0.5
  IWTH20  花巻南        39.343  141.047     0     0     0             0    <0.5
  YMTH14  西川西        38.386  139.992     0     0     0             0    <0.5