最大加速度リスト

地震発生時刻   2019/05/10-08:48:00.00
震央北緯       31.8°
震央東経       132.0°
震源深さ       25.0km
マグニチュード M6.3

  コード  観測点名      緯度    経度     最大加速度 (ガル) 三成分合成値 計測震度
　　　　　 　　         北緯    東経      N-S   E-W   U-D        (ガル)         
  MYZ012  高崎          31.872  131.069   207    80    30           207     4.8
  MYZ013  宮崎          31.909  131.419   128    90    51           130     4.6
  MYZ008  西都          32.106  131.393    86    69    48            92     3.7
  MYZH11  佐土原        32.021  131.470    89    75    46            90     4.3
  MYZH08  川南          32.213  131.531    80    61    44            81     3.4
  KMMH05  波野          32.955  131.221    70    51    15            71     3.8
  MYZ015  都城          31.718  131.062    56    62    18            71     4.0
  MYZH10  国富          32.022  131.290    41    58    22            69     3.5
  MYZ017  串間          31.464  131.228    59    51    16            66     4.0
  MYZ014  田野          31.845  131.303    63    51    29            65     3.9
  MYZH15  日向          32.365  131.589    55    50    28            60     3.4
  KMMH09  泉            32.490  130.905    40    58    11            59     3.8
  MYZ011  綾            31.995  131.256    39    57    25            57     3.8
  KGS008  蒲生          31.762  130.570    43    51    20            57     3.9
  MYZH13  都城南        31.730  131.079    51    56    16            57     4.1
  MYZ016  日南          31.613  131.374    51    37    14            52     3.7
  MYZ006  都農          32.257  131.561    45    41    28            52     3.2
  MYZ020  椎葉          32.455  131.147    43    41    11            48     3.7
  KGS015  大崎          31.430  131.011    40    46    19            46     3.6
  KGS009  国分          31.737  130.761    40    42    13            45     4.1
  MYZ003  延岡          32.566  131.660    40    28    21            42     3.5
  KMM011  砥用          32.617  130.865    32    32     4            40     3.2
  MYZ018  都井岬        31.398  131.305    36    22    12            38     3.4
  KMMH14  豊野          32.635  130.752    25    31    17            37     3.6
  KGS014  垂水          31.496  130.700    29    25    13            35     3.6
  KMM007  高森          32.827  131.123    29    27    10            34     3.3
  KMM016  人吉          32.197  130.776    33    22    10            33     3.4
  MYZH12  都城北        31.864  130.945    29    28     9            33     3.4
  KMM009  矢部          32.686  130.989    25    20    11            33     2.9
  KGS017  鹿屋          31.395  130.870    27    31    14            32     3.3
  KGS018  喜入          31.376  130.545    17    31    18            32     3.6
  KMMH12  人吉          32.205  130.737    29    28    15            31     3.4
  MYZ002  北川          32.698  131.683    28    25     9            30     3.0
  KMM008  宇土          32.688  130.658    19    29    10            29     3.6
  OITH07  三重          32.987  131.588    24    27     9            29     3.3
  MYZ001  高千穂        32.705  131.309    19    21    10            28     3.0
  KGSH07  姶良          31.714  130.615    28    24    12            28     3.5
  KGS023  田代          31.199  130.849    21    26    14            28     3.2
  KGS013  大隅          31.597  130.994    23    23     8            28     3.2
  KMM017  多良木        32.256  130.926    23    23    13            27     3.3
  KMM004  一の宮        32.932  131.121    11    24     8            26     3.0
  MYZH04  諸塚          32.518  131.335    21    22    11            25     2.8
  MYZH01  五ヶ瀬        32.654  131.226    22    14     9            25     3.0
  KMM012  八代          32.508  130.602    19    18     7            24     3.2
  MYZ010  小林          31.997  130.972    19    23     9            24     3.2
  OIT015  竹田          32.972  131.397    22    13     6            23     3.0
  OIT016  佐伯          32.975  131.903    19    15     7            23     3.1
  KGS003  大口          32.056  130.587    14    18     5            22     2.9
  MYZ009  えびの        32.046  130.811    20    19    14            22     3.3
  MYZ004  南郷          32.389  131.334    10    20     6            21     2.7
  MYZH03  椎葉          32.475  131.104    20    14     8            21     2.7
  OIT009  湯布院        33.257  131.344    16    18     5            20     3.1
  MYZH16  延岡          32.506  131.696    16    18     8            19     2.6
  KMMH16  益城          32.797  130.820    16    18     7            19     3.0
  KGS007  川内          31.814  130.303    16    17     6            18     3.3
  KMMH08  矢部          32.650  131.025    12    15     6            18     2.8
  KMMH02  小国          33.122  131.063    11    15     5            18     2.4
  MYZH09  須木          32.042  131.062    16    10     4            18     2.9
  KGSH05  祁答院        31.870  130.496    16    17     5            18     3.1
  KMM010  三角          32.614  130.487    17    11     4            17     2.9
  KGS024  佐多          31.089  130.698    16    11     4            17     2.3
  KMM014  五木          32.396  130.827    15    12     9            17     2.8
  KGS021  指宿          31.253  130.632    14    14     5            16     2.9
  KMM015  水俣          32.216  130.405    16    15     7            16     2.9
  KMM006  熊本          32.793  130.777    13    12     4            16     2.8
  KGS004  阿久根        32.014  130.193    14    10     4            16     2.9
  KMMH03  菊池          32.998  130.830    13    12     3            16     2.8
  KGS022  内之浦        31.280  131.050     9    16     5            16     2.3
  KGS010  串木野        31.712  130.274    15    12     6            16     3.0
  OIT010  大分          33.232  131.593    14    12     7            16     2.9
  FKO015  柳川          33.163  130.405    12    13     4            15     2.9
  MYZ019  北郷          32.501  131.444    13     9     9            14     2.7
  FKO011  久留米        33.324  130.512    14     7     3            14     2.5
  MYZ005  日向          32.429  131.601    12    13     8            14     2.5
  KGSH04  川内          31.837  130.360    13     9     6            14     2.8
  KMMH06  白水          32.811  131.101     7    13     5            13     2.6
  KGS012  鹿児島        31.606  130.574     9    12     6            13     3.0
  KOC015  宿毛          32.937  132.725    10    11     6            13     2.2
  KGS011  日吉          31.590  130.349    12     8     3            13     2.7
  NGS014  口之津        32.611  130.185    12    12     4            12     2.8
  KGSH09  知覧          31.374  130.433    11     9     5            12     2.4
  KGSH11  佐多          31.090  130.699     9    11     4            12     2.2
  KGS020  頴娃          31.240  130.492    10    12     5            12     2.7
  KGS006  横川          31.906  130.702    10    11     5            12     2.7
  KGSH08  大隅          31.562  130.997    11    11     6            12     2.8
  KMM002  山鹿          33.019  130.685    10     8     3            12     2.7
  OITH04  庄内          33.131  131.347    10    11     5            12     2.6
  KGS005  宮之城        31.901  130.451     9    10     4            11     2.8
  KGSH10  山川          31.207  130.618     8    11     3            11     2.4
  KMM003  玉名          32.934  130.548     9     7     2            11     2.3
  KMM005  大津          32.876  130.877     8     9     5            11     2.7
  KMMH07  三角          32.623  130.558     9     9     5            10     2.6
  KMMH10  新和          32.315  130.181     9     7     3            10     2.5
  OIT011  佐賀関        33.246  131.881     9     6     2            10     2.1
  KGSH12  内之浦        31.258  131.088     8     6     4             9     2.0
  KMMH11  芦北          32.292  130.578     7     7     5             9     2.3
  KGS016  加世田        31.416  130.322     7     8     4             9     2.4
  MYZ007  西米良        32.235  131.116     8     8     6             9     2.1
  KMMH15  水俣          32.170  130.365     9     7     4             9     2.6
  KMM021  天草          32.379  130.000     5     9     2             9     2.4
  OIT014  津久見        33.066  131.859     9     8     3             9     2.0
  OIT018  蒲江          32.797  131.925     8     8     5             8     2.0
  MYZH02  北川          32.697  131.683     8     6     4             8     2.1
  KGS002  出水          32.092  130.352     6     7     4             8     2.5
  KGSH06  郡山          31.699  130.459     7     5     4             8     2.4
  KGSH03  宮之城        31.981  130.444     6     4     2             7     2.5
  OITH10  佐伯          32.928  131.869     7     6     3             7     1.8
  OIT012  直入          33.066  131.373     6     7     4             7     2.3
  KGS001  東            32.195  130.176     7     5     4             7     2.2
  KMM001  小国          33.121  131.069     4     6     3             7     2.2
  FKO013  八女          33.225  130.561     6     6     2             7     2.2
  KMM013  田浦          32.365  130.510     6     6     4             7     2.2
  KGS036  上甑          31.836  129.868     4     6     2             7     1.8
  NGS011  千々石        32.784  130.202     6     5     2             6     2.3
  YMG017  柳井          33.965  132.101     5     5     1             6     2.1
  KGSH02  阿久根        31.994  130.208     4     6     4             6     2.4
  NGS012  島原          32.788  130.346     5     6     3             6     2.2
  EHM011  八幡浜        33.450  132.434     6     4     1             6     1.5
  SAG007  佐賀          33.263  130.300     6     4     2             6     2.1
  OITH08  宇目西        32.839  131.536     5     4     4             6     1.8
  FKO014  矢部          33.149  130.818     2     5     2             5     2.1
  FKOH07  大刀洗        33.368  130.635     5     5     2             5     2.2
  EHM014  西海          32.945  132.505     5     5     2             5     1.3
  YMG018  東和          33.909  132.356     5     3     1             5     1.9
  OIT004  国東          33.567  131.738     5     4     2             5     1.8
  OIT007  杵築          33.417  131.614     5     4     2             5     2.0
  HRS018  竹原          34.341  132.907     4     5     1             5     2.1
  OITH05  野津原        33.153  131.542     4     5     3             5     1.7
  OIT001  国見          33.678  131.594     5     4     3             5     2.0
  FKO016  大牟田        33.016  130.447     4     4     2             5     2.0
  KMMH17  玉名          32.987  130.561     5     3     2             5     2.0
  OIT017  宇目          32.858  131.659     4     4     3             5     1.6
  FKO001  玄海          33.843  130.509     5     4     2             5     1.9
  KGS026  中種子        30.520  130.954     5     4     1             5     1.2
  OIT002  中津          33.569  131.268     4     3     2             5     1.8
  FKO002  中間          33.826  130.705     4     4     2             5     2.1
  YMG012  宇部          33.994  131.218     3     4     1             5     1.9
  KOC014  中村          32.989  132.938     4     3     2             4     1.9
  OITH03  安岐          33.474  131.686     4     4     1             4     1.9
  KGSH01  長島          32.155  130.119     4     3     2             4     1.8
  KGS019  枕崎          31.278  130.301     3     3     1             4     1.7
  NGS019  大村          32.900  129.958     4     4     1             4     1.7
  OIT003  豊後高田      33.557  131.446     4     3     2             4     1.7
  KOC013  佐賀          33.080  133.101     3     3     2             4     1.7
  FKO012  浮羽          33.332  130.794     3     4     2             4     2.0
  HRS014  大野          34.287  132.277     4     3     2             4     1.7
  YMG016  岩国          34.170  132.177     4     4     1             4     1.7
  FKO008  添田          33.572  130.854     3     4     1             4     1.7
  OIT013  犬飼          33.073  131.593     3     3     2             4     1.5
  KMM022  牛深          32.194  130.026     3     3     2             4     1.6
  NGS002  松浦          33.344  129.705     3     3     1             4     1.6
  YMG015  玖珂          34.097  132.076     2     3     1             4     1.4
  FKO004  行橋          33.739  131.010     3     3     1             3     1.6
  KMMH01  鹿北          33.109  130.695     3     3     2             3     1.5
  KMM020  新和          32.364  130.181     2     3     1             3     1.5
  EHMH12  宇和          33.427  132.506     3     3     1             3     1.5
  FKOH10  浮羽          33.289  130.817     3     3     2             3     1.7
  YMG013  防府          34.031  131.535     3     3     1             3     1.4
  EHM016  伊予          33.765  132.709     2     3     1             3     1.7
  KMM018  龍ヶ岳        32.394  130.388     2     2     2             3     1.5
  HRS013  広島          34.377  132.451     2     3     1             3     1.7
  SAG006  武雄          33.192  130.034     3     2     1             3     1.5
  EHM008  松山          33.820  132.728     2     3     1             3     1.5
  OITH11  九重          33.284  131.212     2     3     2             3     1.5
  HRSH07  呉            34.288  132.641     3     2     1             3     1.5
  NGS009  諫早          32.846  130.022     3     2     1             3     1.4
  OIT008  天瀬          33.255  131.020     3     2     1             3     1.5
  FKO005  飯塚          33.652  130.696     3     2     1             3     1.2
  HRS019  呉            34.253  132.562     3     2     1             3     1.2
  OITH02  山香          33.458  131.443     2     2     1             3     1.2
  EHM012  宇和島        33.222  132.573     3     3     1             3     0.9
  YMG002  萩            34.407  131.399     2     2     1             3     1.5
  YMG011  下関          34.064  131.021     2     2     1             3     1.2
  YMGH17  東和          33.929  132.405     2     2     1             2     1.2
  TTR008  米子          35.426  133.330     2     2     1             2     1.5
  FKOH08  小石原        33.465  130.828     2     2     1             2     1.4
  FKO010  甘木          33.423  130.669     2     2     1             2     1.3
  EHM010  肱川          33.451  132.688     2     2     1             2     1.0
  FKO003  北九州        33.832  130.901     1     2     1             2     1.2
  NGS010  長崎          32.735  129.876     2     2     1             2     1.1
  KGS027  門倉崎        30.349  130.883     2     2     1             2     0.8
  KGS025  西之表        30.732  130.998     2     2     1             2     1.1
  NGS001  平戸          33.362  129.538     2     2     1             2     1.5
  SAG008  鹿島          33.104  130.100     2     2     1             2     1.4
  OIT006  院内          33.424  131.315     2     1     1             2     1.1
  YMG014  徳山          34.054  131.808     1     2     1             2     1.2
  SMN005  出雲          35.361  132.745     2     2     1             2     1.5
  NGS005  東彼杵        33.037  129.917     2     2     1             2     1.3
  EHM004  今治          34.062  132.998     2     2     1             2     1.2
  KMM019  本渡          32.455  130.181     2     1     2             2     1.2
  SAGH05  白石          33.181  130.105     2     1     1             2     1.3
  FKO009  筑紫野        33.495  130.516     2     2     1             2     1.0
  EHM015  長浜          33.609  132.477     1     2     1             2     0.8
  KOCH04  大月          32.841  132.707     1     2     1             2     0.7
  KOC007  高知          33.561  133.527     2     2     0             2     1.0
  NGS003  志々伎        33.202  129.413     2     1     1             2     1.1
  SAG002  唐津          33.425  129.919     1     2     1             2     0.8
  KOCH08  土佐清水      32.780  132.972     2     2     1             2     0.6
  YMGH16  上関          33.826  132.104     2     1     1             2     0.9
  EHMH11  大洲          33.581  132.601     1     2     1             2    <0.5
  KOCH07  須崎          33.392  133.287     1     2     0             2    <0.5
  NGSH01  平戸          33.212  129.435     2     1     1             2     1.1
  KGW005  観音寺        34.114  133.635     2     1     1             2     1.2
  HRSH13  広島南        34.412  132.391     2     1     1             2     0.6
  HRSH10  芸北          34.747  132.379     2     1     1             2     0.9
  HRS008  向原          34.603  132.720     1     2     1             2     0.7
  EHM013  三崎          33.392  132.114     1     2     1             2     0.9
  KGWH02  三野          34.198  133.708     2     1     1             2     1.0
  EHM007  北条          33.962  132.772     1     1     1             2     0.9
  KOC012  大正          33.197  132.976     1     1     1             1     0.5
  NGSH03  佐世保南      33.126  129.810     1     1     1             1     0.9
  EHMH13  三崎          33.372  132.116     1     1     1             1     0.8
  EHMH06  日吉          33.335  132.798     1     1     1             1    <0.5
  TTRH03  溝口          35.355  133.492     1     1     0             1     0.7
  YMGH14  萩            34.398  131.377     1     1     0             1     0.5
  YMGH15  徳山          33.972  131.815     1     1     1             1     0.7
  SAG004  伊万里        33.265  129.881     1     1     1             1     1.0
  KGW004  高松          34.347  134.037     1     1     1             1     0.9
  SAGH04  東脊振        33.365  130.405     1     1     1             1     0.8
  KOCH05  池川          33.647  133.144     1     1     1             1    <0.5
  HRSH14  沖美          34.209  132.406     1     1     0             1     0.5
  HRSH03  御調          34.518  133.137     1     1     1             1    <0.5
  FKOH03  宇美          33.561  130.550     1     1     1             1     0.6
  SAGH01  鎮西          33.508  129.888     1     1     1             1     0.7
  HRSH15  倉橋          34.116  132.505     1     1     0             1     0.5
  EHMH05  砥部          33.711  132.803     1     1     1             1    <0.5
  YMGH04  周東          34.027  132.063     1     1     1             1     0.7
  SMNH06  金城          34.884  132.203     1     1     1             1     0.7
  HRSH01  三原          34.374  133.024     1     1     1             1     0.6
  HRSH18  東広島        34.457  132.792     1     1     0             1    <0.5
  YMGH06  宇部          33.989  131.301     1     1     0             1     0.7
  KOCH03  大正          33.268  132.989     1     1     1             1    <0.5
  SMNH09  匹見          34.572  132.012     0     1     1             1     0.8
  SMNH07  美都          34.694  132.040     1     1     1             1     0.7
  EHMH10  宮窪          34.192  133.058     1     1     0             1    <0.5
  EHMH07  河辺          33.502  132.748     1     1     1             1    <0.5
  SMNH04  邑智          35.092  132.531     1     1     0             1    <0.5
  HRSH17  戸河内        34.572  132.233     1     0     0             1    <0.5
  KGWH01  綾上          34.219  133.949     1     0     0             1    <0.5
  YMGH08  豊浦          34.135  130.932     1     1     0             1    <0.5
  YMGH10  むつみ        34.484  131.633     1     1     1             1    <0.5
  HRSH02  大和          34.548  132.948     0     0     0             1    <0.5
  SMNH16  加茂          35.342  132.899     0     1     0             1    <0.5
  YMGH07  菊川          34.115  131.051     0     0     0             1    <0.5
  SMNH10  美保関        35.558  133.300     0     0     0             0    <0.5
  KOCH12  芸西          33.529  133.819     0     0     0             0    <0.5
  HRSH04  沼隈          34.379  133.349     0     0     0             0    <0.5
  OKYH11  勝央          35.073  134.116     0     0     0             0    <0.5
  TTRH02  日野          35.231  133.391     0     0     0             0    <0.5
  KOCH02  吾北          33.708  133.364     0     0     0             0    <0.5
  EHMH03  新宮          33.915  133.650     0     0     0             0    <0.5
  HYGH01  三原          34.294  134.794     0     0     0             0    <0.5
  HRSH11  神石          34.822  133.167     0     0     0             0    <0.5
  SMNH11  平田          35.426  132.801     0     0     0             0    <0.5
  KOCH10  伊野          33.531  133.439     0     0     0             0    <0.5
  OKYH08  哲多          34.910  133.405     0     0     0             0    <0.5
  TKSH06  井川          34.000  133.893     0     0     0             0    <0.5
  OKYH06  美星          34.676  133.528     0     0     0             0    <0.5
  TKSH05  海南          33.663  134.316     0     0     0             0    <0.5
  TKSH02  貞光          34.011  134.092     0     0     0             0    <0.5
  SMNH02  仁多          35.224  133.086     0     0     0             0    <0.5
  OKYH03  岡山          34.778  133.789     0     0     0             0    <0.5
  OKYH04  真備          34.643  133.686     0     0     0             0    <0.5
  OKYH07  神郷          35.049  133.317     0     0     0             0    <0.5
  OKYH05  建部          34.868  133.853     0     0     0             0    <0.5
  HYGH13  香住          35.621  134.657     0     0     0             0    <0.5
  HYGH02  南光          35.067  134.423     0     0     0             0    <0.5
  OKYH02  瀬戸          34.750  134.070     0     0     0             0    <0.5
  KGWH03  三木          34.270  134.148     0     0     0             0    <0.5
  KYTH01  野田川        35.524  135.124     0     0     0             0    <0.5