最大加速度リスト

地震発生時刻   2011/04/23-00:25:00.00
震央北緯       37.2°
震央東経       141.2°
震源深さ       21.0km
マグニチュード M5.4

  コード  観測点名      緯度    経度     最大加速度 (ガル) 三成分合成値 計測震度
　　　　　 　　         北緯    東経      N-S   E-W   U-D        (ガル)         
  FKS010  広野          37.234  141.002   254   375    67           376     4.5
  FKS018  郡山          37.396  140.362    87   149    45           163     3.7
  FKS016  白河          37.123  140.191   136    87    31           136     3.6
  FKSH12  平田          37.217  140.570   103    52    42           106     3.7
  FKS008  船引          37.436  140.567    76    93    25           105     3.1
  MYGH10  山元          37.941  140.892    73    89    28           103     3.7
  FKS031  川内          37.336  140.813    79    72    42           100     3.5
  FKS001  相馬          37.795  140.920    81    91    39            96     3.8
  FKS023  会津若松      37.477  139.929    59    86    19            91     4.1
  FKS006  葛尾          37.503  140.759    66    79    21            86     3.6
  FKSH10  西郷          37.162  140.093    68    55    26            80     3.4
  MYG014  作並          38.318  140.636    60    56    18            80     3.9
  FKS004  飯舘          37.680  140.735    72    66    23            79     2.9
  FKS009  小野          37.278  140.635    53    70    17            70     2.7
  FKS019  二本松        37.603  140.437    66    49    32            66     3.1
  FKSH19  都路          37.470  140.723    54    45    21            62     3.2
  FKSH09  郡山          37.353  140.426    52    57    12            60     2.5
  FKS005  原町          37.639  140.985    51    44    22            60     3.1
  FKSH14  いわき東      37.026  140.970    56    36    18            60     3.2
  MYG015  岩沼          38.105  140.870    49    53    26            56     3.6
  TCG014  茂木          36.545  140.174    27    48     9            53     3.2
  MYG012  塩竈          38.318  141.019    45    51    24            52     3.4
  IBR019  北茨城        36.881  140.654    34    38    17            51     2.9
  FKSH11  矢吹          37.201  140.339    47    39    19            49     2.9
  FKSH18  三春          37.489  140.538    44    38    28            47     3.0
  FKS002  梁川          37.845  140.601    40    42    17            47     3.0
  FKS013  古殿          37.090  140.556    46    31    20            47     2.9
  MYG017  角田          37.976  140.782    46    42    10            46     3.3
  FKS011  いわき        37.091  140.904    35    46    26            46     2.9
  FKS017  須賀川        37.284  140.369    42    40    20            45     3.2
  FKS012  勿来          36.907  140.793    39    27    17            43     2.8
  FKS003  福島          37.761  140.480    40    35    17            40     2.6
  TCG009  今市          36.726  139.715    36    36    13            40     3.2
  FKSH17  川俣          37.664  140.597    34    25    14            39     2.7
  FKS024  中野          37.396  140.132    29    35    17            37     3.3
  YMT015  米沢          37.904  140.100    23    35    14            35     3.3
  YMTH04  上山          38.081  140.298    34    31     7            35     2.5
  MYG013  仙台          38.266  140.929    30    24     8            34     3.0
  IWT012  北上          39.321  141.138    33    15     4            33     2.6
  TCGH13  馬頭          36.734  140.178    32    29     9            33     2.9
  IBRH12  大子          36.837  140.318    28    20    11            33     2.4
  FKS022  西会津        37.600  139.647    25    32     8            32     3.3
  FKSH03  高郷          37.608  139.753    31    13    14            32     2.9
  YMT011  上山          38.150  140.267    31    24     9            32     3.4
  FKS020  猪苗代        37.547  140.108    29    31     8            31     3.1
  FKSH04  会津高田      37.451  139.813    20    23     4            31     2.5
  YMTH02  山形          38.269  140.258    24    26     7            31     3.2
  IBRH13  高萩          36.795  140.575    29    25    18            30     2.9
  YMTH06  高畠          37.963  140.184    19    29     7            29     3.0
  IBRH11  岩瀬          36.370  140.140    25    20     8            28     2.9
  YMTH14  西川西        38.386  139.992    25    11     9            28     3.2
  YMT008  中村          38.386  139.992    25    12     8            27     3.2
  MYG016  白石          38.008  140.621    24    24    12            26     2.9
  IBRH16  山方          36.641  140.398    16    24     9            26     2.4
  MYG010  石巻          38.428  141.281    21    19    10            25     2.9
  MYGH08  岩沼          38.113  140.844    24    21    13            25     2.8
  IBR003  日立          36.592  140.645    17    23    12            24     2.2
  MYG002  歌津          38.726  141.511    22    15     5            24     1.9
  TCGH10  大田原        36.858  140.023    23    14    11            24     2.4
  IBR002  高萩          36.706  140.707    16    21     8            23     2.4
  MYG006  古川          38.580  140.965    20    21     7            23     3.1
  YMT007  東根          38.431  140.391    21    19     7            23     2.9
  FKS027  滝原          37.070  139.681    21    16     6            23     1.7
  MYGH09  白石          38.009  140.603    21    19    12            23     2.9
  FKSH16  福島          37.764  140.377    20    20     7            22     2.6
  TCGH16  芳賀          36.548  140.075    22    18     4            22     2.7
  IBRH14  十王          36.692  140.548    15    21     9            22     1.6
  MYG007  豊里          38.588  141.251    16    19     7            22     2.8
  FKS025  下郷          37.308  139.900    16    19    14            20     2.2
  TCGH11  今市          36.708  139.769    13    20     5            20     2.2
  TCG002  塩原          36.990  139.803    15    18     4            20     2.6
  MYG004  築館          38.729  141.022    16    16     6            20     2.5
  IBR004  大宮          36.552  140.410    19    11     6            20     2.0
  YMTH07  米沢          37.896  140.028    19    17     7            19     2.6
  TCGH12  氏家          36.696  139.984    17    19     6            19     2.3
  NIG012  鹿瀬          37.686  139.477    15    16     9            19     3.0
  IBR013  鉾田          36.159  140.489    17    17     9            19     2.3
  IBR001  大子          36.776  140.357    18    12     8            18     2.6
  IBR005  笠間          36.385  140.237    15    17     7            17     2.3
  IWT007  釜石          39.270  141.856    16    11     4            17     2.3
  YMT012  長井          38.107  140.043     7    17     4            17     2.0
  FKSH08  長沼          37.282  140.214    15    15     7            17     2.0
  FKS015  棚倉          37.022  140.377    15    13     5            17     2.2
  MYG001  気仙沼        38.901  141.568    12    15     4            16     2.2
  FKSH02  熱塩加納      37.732  139.882     9    14     3            16     1.8
  TCG006  小川          36.764  140.130    13    15     6            15     2.2
  IWTH27  陸前高田      39.031  141.532     8    15     4            15     1.9
  TCG005  矢板          36.806  139.926    13    14     4            15     2.2
  TCG001  黒磯          36.942  140.083    11    13     5            15     2.1
  YMTH01  天童          38.384  140.381    12    12     4            15     2.5
  IBRH15  御前山        36.557  140.301    12    11     5            14     1.8
  MYG009  大和          38.447  140.887    11    14     8            14     2.4
  IWTH28  一関西2       39.009  140.864    13    10     5            14     1.8
  FKS014  矢祭          36.868  140.430    12    14     5            14     2.0
  MYG003  東和          38.735  141.311    13    12     7            14     2.2
  TCG003  藤原          36.814  139.715    11    10     4            13     2.0
  NIGH06  加茂          37.653  139.068    13     9     4            13     2.3
  FKS021  喜多方        37.654  139.863    11    11     3            13     1.9
  IWTH05  藤沢          38.865  141.351    10    13     4            13     1.9
  YMT005  肘折          38.607  140.162    12     8     5            13     2.5
  NIGH10  上川          37.544  139.365    13     8     5            13     1.8
  YMT006  尾花沢        38.600  140.405    12    13     4            13     2.5
  IWT026  相去          39.257  141.098    11     7     7            13     2.0
  YMT014  下屋地        37.921  139.870     9    12     2            12     1.8
  YMTH15  西川東        38.426  140.125    10    10     5            12     2.6
  IWT010  一関          38.933  141.117     9     9     3            12     2.2
  MYGH05  小野田        38.579  140.780    12    10     7            12     2.4
  IWTH26  一関東        38.969  141.001    10    11     5            12     2.1
  AKTH06  雄勝          38.980  140.495    10    11     2            11     2.0
  TCG008  鹿沼          36.560  139.768     9    10     6            11     2.1
  NIG011  新津          37.801  139.144     9    11     3            11     2.5
  MYGH06  田尻          38.591  141.071    11     8     6            11     2.3
  NIGH08  津川          37.671  139.465     9    10     5            11     2.7
  IBR007  那珂湊        36.352  140.595    10     9     4            11     1.8
  IWT009  大東          39.019  141.403     8     9     3            11     1.4
  IBR006  水戸          36.369  140.453     9     8     5            10     1.6
  MYG005  鳴子          38.799  140.651     9     8     4            10     2.2
  TCGH14  粟野          36.551  139.615     9    10     2            10     1.4
  IWTH02  玉山          39.825  141.383     6    10     1            10     1.7
  MYG011  牡鹿          38.305  141.504     7     9     3            10     1.4
  IWTH04  住田          39.181  141.391     7    10     3            10     1.9
  CHB007  佐倉          35.723  140.227     9     6     3            10     1.8
  YMT009  寒河江        38.390  140.274     9     6     3             9     2.2
  YMT010  山形          38.260  140.349     9     8     4             9     2.2
  YMTH03  南陽          38.103  140.155     6     9     3             9     1.5
  FKS026  南郷          37.266  139.539     9     7     3             9     1.5
  IWT014  石鳥谷        39.484  141.147     7     8     2             9     1.8
  TCG015  芹沼          36.749  139.714     7     7     4             9     1.8
  IBRH18  ひたちなか    36.363  140.620     6     8     5             8     1.5
  YMT013  小国          38.062  139.757     8     6     2             8     2.0
  TCGH09  矢板          36.862  139.836     7     7     4             8     1.4
  NIGH07  村松          37.666  139.261     7     8     3             8     1.8
  MYGH04  東和          38.786  141.325     6     7     4             8     1.5
  IBR014  土浦          36.073  140.195     6     8     3             8     1.5
  NIG009  新発田        37.951  139.338     8     4     2             8     2.3
  IBR017  江戸崎        35.954  140.319     7     8     4             8     1.3
  IWT013  遠野          39.337  141.538     7     6     3             8     1.9
  IWT020  藪川          39.784  141.329     4     7     2             8     2.2
  YMTH13  朝日          38.470  139.761     7     4     2             7     1.3
  TCG013  真岡          36.437  140.023     6     6     4             7     1.5
  AKTH04  東成瀬        39.174  140.713     3     7     1             7     1.5
  IBR012  石岡          36.190  140.287     5     6     5             7     1.5
  GNM009  桐生          36.411  139.325     5     6     3             6     1.4
  YMTH12  立川          38.636  140.006     5     5     3             6     2.1
  TCGH06  真岡          36.446  139.951     6     4     2             6     1.4
  IBR008  下館          36.306  139.983     5     6     2             6     1.3
  IBRH10  石下          36.111  139.989     6     5     4             6     1.6
  YMT017  新庄支所      38.791  140.313     5     4     2             6     1.9
  NIG015  村松          37.694  139.189     4     5     5             6     2.0
  TCG011  葛生          36.387  139.614     4     6     2             6     0.9
  IBRH21  つくば南      35.981  140.105     5     4     4             6     1.3
  IBR010  下妻          36.184  139.965     6     5     3             6     1.5
  IBR011  つくば        36.125  140.090     5     5     2             6     1.5
  NIGH04  関川          38.131  139.543     6     6     2             6     1.9
  CHBH13  成田          35.831  140.298     5     6     3             6     1.5
  IWTH21  山田          39.473  141.934     5     6     2             6     1.4
  NIGH05  聖籠          37.976  139.279     4     5     1             6     2.0
  IWT003  普代          40.008  141.886     5     6     1             6     2.0
  IWTH22  東和          39.334  141.302     5     4     3             6     1.1
  GNM011  太田          36.291  139.361     3     5     2             6     1.2
  IWT017  門馬          39.634  141.438     5     5     1             6     1.3
  FKSH21  只見          37.342  139.315     4     4     2             6     1.6
  TCG012  小山          36.286  139.805     5     5     2             5     1.4
  IWT019  岩泉          39.849  141.803     4     5     2             5     1.8
  IBR018  鹿嶋          35.977  140.632     5     5     2             5     1.2
  IWT011  水沢          39.145  141.152     4     5     3             5     1.6
  FKS029  桧枝岐        37.016  139.380     5     4     1             5     0.8
  NIGH02  朝日          38.280  139.549     5     4     2             5     1.8
  MYGH03  唐桑          38.921  141.638     4     5     2             5     1.0
  FKS030  金山          37.453  139.513     3     4     2             5     1.1
  YMTH05  小国          37.988  139.802     4     4     2             5     1.3
  TCG010  足尾          36.635  139.438     4     4     2             5     1.1
  FKS028  只見          37.349  139.314     4     5     2             5     1.8
  NIG014  三条          37.641  138.956     4     4     1             5     1.9
  IWTH01  二戸東        40.238  141.342     4     4     1             5     1.4
  IWTH15  矢巾          39.615  141.093     4     3     2             5     1.5
  TCG007  宇都宮        36.569  139.886     4     4     2             4     1.2
  IWT005  宮古          39.647  141.946     2     2     4             4     1.2
  FKSH06  伊南          37.172  139.520     3     4     1             4     0.9
  TCG016  北高岡        36.529  140.156     4     4     2             4     1.0
  IWTH23  釜石          39.274  141.823     4     4     1             4     0.8
  NIG007  村上          38.230  139.486     4     3     2             4     1.6
  NIG008  中条          38.053  139.405     4     2     2             4     1.7
  AKT016  大曲          39.454  140.476     2     4     1             4     1.2
  FKSH01  西会津        37.757  139.715     3     4     1             4     1.0
  YMT003  鶴岡          38.729  139.801     4     3     2             4     1.7
  TCGH07  栗山西        36.882  139.453     4     4     1             4     1.1
  IWT016  川井          39.600  141.679     4     3     1             4     1.2
  TCGH17  藤原2         36.985  139.692     4     4     1             4     0.8
  CHB028  市川北        35.766  139.966     3     3     2             4     0.9
  YMT002  新庄          38.768  140.296     4     3     2             4     1.6
  IWTH24  金ヶ崎        39.198  141.012     4     3     2             4     1.4
  IWTH18  川井南        39.463  141.678     3     3     2             4     0.7
  IBRH19  つくば        36.214  140.089     3     2     2             3     0.7
  IWTH14  田老          39.743  141.909     3     2     2             3     0.7
  GNM010  館林          36.234  139.533     3     2     2             3     0.9
  IBRH07  江戸崎        35.952  140.330     3     3     2             3     1.4
  GNM003  沼田          36.658  139.078     3     3     2             3     0.9
  AKTH19  湯沢          39.191  140.471     2     3     1             3     1.1
  NIG028  長岡支所      37.426  138.886     3     2     1             3     1.1
  NIGH09  下田          37.539  139.128     3     2     1             3     1.0
  NIG006  寒川          38.450  139.496     2     3     1             3     1.2
  TCG004  湯元          36.806  139.420     3     2     2             3     0.9
  IWT002  久慈          40.182  141.764     3     2     1             3     1.1
  IWTH08  久慈北        40.269  141.783     2     2     1             3     0.9
  IWTH12  九戸          40.153  141.424     3     2     1             3     1.0
  IWT001  種市          40.410  141.719     2     3     1             3     1.2
  GNMH14  みどり        36.493  139.322     2     2     1             3    <0.5
  IWT025  大志田        39.517  140.830     2     3     0             3     0.8
  SITH01  岩槻          35.929  139.735     2     2     1             3     1.1
  FKSH07  檜枝岐        37.010  139.375     2     2     1             3    <0.5
  SITH10  都幾川        35.996  139.219     2     3     1             3     0.5
  MYGH02  鳴子          38.859  140.651     2     2     1             3     1.0
  IWT018  盛岡          39.695  141.148     2     2     1             3     0.8
  AOM007  南通          41.226  141.396     2     2     1             2     1.1
  IBR009  古河          36.185  139.704     2     2     1             2     0.6
  SIT003  久喜          36.072  139.697     2     2     1             2     1.0
  AKT018  鳥海          39.194  140.190     2     2     1             2     0.9
  AKTH03  矢島          39.222  140.128     2     2     1             2     1.0
  YMT001  酒田          38.914  139.813     2     2     1             2     1.1
  SIT007  東松山        36.054  139.391     2     2     1             2    <0.5
  TKYH12  八王子        35.670  139.265     2     1     1             2     0.7
  YMTH08  八幡          38.970  140.033     2     2     1             2     1.0
  AKT011  宮田          39.813  140.580     2     2     1             2     0.9
  NIG020  小出          37.233  138.962     2     2     1             2     0.7
  AKTH16  西仙北        39.545  140.348     2     2     1             2     0.9
  IWTH16  雫石          39.644  140.946     2     2     1             2     1.0
  NIG013  巻            37.764  138.883     2     2     1             2     1.2
  IWT015  川尻          39.318  140.779     1     2     1             2     0.7
  NIG016  寺泊          37.642  138.768     2     2     0             2     0.9
  GNM006  吾妻          36.510  138.752     2     2     1             2    <0.5
  GNMH07  利根          36.700  139.210     1     2     1             2    <0.5
  GNMH11  富岡          36.286  138.921     2     1     0             2    <0.5
  AKTH18  大森          39.355  140.387     2     1     1             2     0.9
  IWTH06  二戸西        40.261  141.171     2     1     1             2     0.6
  GNMH05  伊勢崎        36.314  139.185     1     2     1             2    <0.5
  GNMH08  嬬恋          36.492  138.524     2     1     0             2    <0.5
  IWTH03  岩泉          39.802  141.652     1     2     1             2    <0.5
  AKT023  椿台          39.146  140.717     1     1     1             2     0.6
  AOM014  子ノ口        40.437  140.941     1     1     1             2     0.8
  AKT019  雄勝          39.038  140.451     1     1     1             2     0.7
  SITH07  名栗          35.912  139.149     1     1     0             2    <0.5
  IWTH17  川井北        39.644  141.598     1     1     1             2     0.5
  AKTH05  鳥海          39.072  140.319     1     1     0             2    <0.5
  NIGH12  湯之谷        37.224  138.982     1     1     1             1     0.5
  AOMH12  十和田湖東    40.585  141.155     1     1     1             1     0.5
  AOMH17  名川          40.449  141.337     1     1     1             1    <0.5
  IWTH09  久慈南        40.086  141.712     1     1     0             1    <0.5
  AKTH01  西木北        39.815  140.579     1     1     1             1     0.7
  NIGH11  川西          37.173  138.744     1     1     1             1     0.8
  IWTH07  軽米          40.270  141.571     1     1     0             1    <0.5
  NIGH15  六日          37.053  138.995     1     0     0             1    <0.5
  IWTH10  安代          40.139  140.953     1     1     0             1    <0.5
  AKTH09  田代          40.276  140.460     1     0     0             1    <0.5
  ISKH03  内浦          37.346  137.244     0     0     0             0    <0.5