最大加速度リスト

地震発生時刻   2018/10/05-08:58:00.00
震央北緯       42.6°
震央東経       142.0°
震源深さ       31.0km
マグニチュード M5.2

  コード  観測点名      緯度    経度     最大加速度 (ガル) 三成分合成値 計測震度
　　　　　 　　         北緯    東経      N-S   E-W   U-D        (ガル)         
  HDKH01  平取西        42.703  142.230   391   367   105           403     5.1
  HKD103  幌毛志        42.727  142.297   194   237    48           269     4.6
  HKD125  穂別          42.761  142.135    87   203    54           207     4.5
  HKD104  平取          42.589  142.131   126   171    46           184     4.3
  HDKH04  門別西        42.513  142.038   105    89    33           106     3.7
  HKD126  鵡川          42.575  141.928    69    76    37            92     4.1
  IBUH01  追分          42.874  141.819    83    68    22            92     3.7
  HKD127  追分          42.874  141.820    76    79    16            85     3.5
  HDKH03  門別東        42.593  142.352    78    71    17            83     3.9
  HKD128  早来          42.766  141.822    62    46    30            63     3.7
  HKD105  門別          42.483  142.054    40    45    21            47     3.4
  HKD184  千歳          42.790  141.601    39    29    29            41     3.0
  HKD185  支笏湖畔      42.776  141.402    21    29    14            33     2.6
  HDKH05  新冠          42.598  142.545    29    33     7            33     3.1
  SRCH09  栗山          43.059  141.806    21    28     8            32     2.9
  HKD131  登別          42.421  141.081    25    30    10            31     2.3
  HKD129  苫小牧        42.634  141.606    22    18     7            27     2.4
  IBUH02  穂別          42.871  142.129    20    26     6            26     2.5
  HKD181  江別          43.116  141.546    21    15    13            23     2.6
  HDKH06  静内          42.350  142.357    23    18    10            23     3.2
  HKD124  由仁          42.999  141.790    19    18     3            21     1.9
  IBUH06  室蘭          42.412  141.002    18    18    13            20     2.5
  IBUH07  大滝          42.648  141.064    15    14     7            19     2.1
  HKD157  南茅部        41.905  140.970    18    13     5            18     2.0
  HKD106  静内          42.341  142.369    18    15     5            18     2.8
  HKD134  大滝          42.671  141.079    17    13     8            18     2.2
  HKD180  札幌          43.139  141.351    16    13     4            18     2.3
  HKD102  日高          42.877  142.448    14    12     8            16     2.8
  SRCH07  三笠          43.230  141.898    13     8     6            15     1.9
  HKD132  室蘭          42.348  141.032    13    12     8            14     2.1
  SBSH08  喜茂別        42.768  140.977     8    12     6            13     1.7
  IBUH05  白老          42.563  141.350    11     9     7            12     1.6
  IKRH03  千歳          42.888  141.640     7    11     4            12     2.0
  HKD158  椴法華        41.834  141.141    11    10     8            12     2.4
  HKD108  三石          42.253  142.564    12    10     3            12     2.2
  HKD182  広島          42.992  141.552     7    11     4            12     1.7
  HKD123  夕張          42.993  142.008     9     7     3            11     1.7
  KKWH08  占冠          43.041  142.656    11     7     2            11     2.1
  HKD159  戸井          41.716  141.002     6    10     4            11     1.9
  SRCH10  夕張          42.993  142.008     8     7     3            11     1.6
  HKD156  七飯          41.900  140.696     9     6     2            10     1.4
  HKD155  鹿部          42.044  140.806     9     5     3            10     1.6
  HKD130  白老          42.563  141.350     9     6     6             9     1.5
  HKD154  森            42.096  140.563     7     8     4             9     1.4
  HKD145  喜茂別        42.798  140.936     7     8     3             9     1.6
  HKD091  浦幌          42.809  143.659     8     8     5             9     2.1
  HKD183  定山渓        42.972  141.165     7     6     2             9     0.9
  HKD139  余市          43.197  140.782     8     7     4             8     1.5
  HKD040  占冠          42.980  142.399     8     7     2             8     2.0
  HKD107  農屋          42.419  142.499     8     8     4             8     2.1
  HKD179  当別          43.224  141.517     6     7     3             8     1.5
  OSMH02  上磯          41.837  140.633     7     4     2             7     1.5
  IKRH01  当別          43.409  141.584     6     6     2             7     1.4
  HKD092  池田          42.928  143.448     6     6     1             7     1.7
  HKD109  浦河          42.168  142.767     4     7     2             7     1.6
  HKD099  新得          43.074  142.839     5     6     2             6     1.9
  SRCH08  砂川          43.514  141.909     5     5     2             6     1.3
  HKD100  広尾          42.286  143.312     6     5     2             6     1.4
  HKD122  岩見沢        43.197  141.775     5     4     2             6     1.6
  HKD121  美唄          43.333  141.855     6     4     1             6     1.3
  HKD120  月形          43.344  141.663     6     6     3             6     1.4
  HKD178  石狩          43.172  141.305     5     6     6             6     1.6
  HKD140  小樽          43.191  140.994     5     6     2             6     1.2
  HKD097  生花          42.618  143.421     5     4     1             6     1.4
  AOM003  大畑          41.405  141.169     5     5     2             6     1.6
  HKD176  四番川        43.532  141.592     4     5     2             5     1.3
  SBSH07  真狩          42.763  140.808     5     5     4             5     1.3
  AOMH01  大間          41.527  140.913     3     4     1             5     1.0
  AOM005  むつ          41.295  141.197     4     4     2             5     1.3
  HKD177  厚田          43.400  141.435     3     4     2             4     1.0
  HKD160  函館          41.770  140.738     3     4     2             4     1.3
  TKCH05  本別          43.121  143.618     3     4     1             4     1.1
  HKD038  南富良野      43.167  142.566     3     4     2             4     1.4
  KSRH09  白糠南        42.986  143.984     3     3     1             4     1.4
  HKD098  大樹          42.498  143.279     4     3     2             4     1.6
  AOM011  三沢          40.680  141.367     2     3     2             4     0.7
  HKD142  赤井川        43.085  140.820     3     3     1             4     1.1
  HKD135  壮瞥          42.553  140.887     2     3     3             4     0.8
  HKD095  帯広          42.931  143.214     3     3     2             3     1.2
  HKD090  本別          43.121  143.618     2     3     1             3     1.0
  TKCH04  新得南        43.174  142.918     2     3     1             3     1.2
  HKD096  中札内        42.697  143.136     2     3     2             3     1.2
  SBSH03  赤井川        43.084  140.820     3     2     1             3     1.1
  HKD144  倶知安        42.906  140.767     3     2     2             3     1.2
  HKD110  様似          42.131  142.935     3     3     1             3     1.3
  HKD175  浜益          43.602  141.388     3     2     1             3     0.7
  HKD138  積丹          43.292  140.601     3     2     1             3     0.8
  HDKH07  様似          42.133  142.916     3     3     1             3     1.2
  IWTH08  久慈北        40.269  141.783     3     1     1             3     0.7
  HKD151  長万部        42.494  140.354     2     2     1             3     0.8
  HKD118  滝川          43.552  141.917     3     3     1             3     0.8
  AOM006  川内          41.198  140.997     3     2     1             3     0.8
  AOMH16  新郷          40.462  141.092     3     3     1             3     0.9
  SBSH04  共和          42.976  140.622     2     2     1             3    <0.5
  AOM002  福浦          41.328  140.813     2     2     1             3    <0.5
  AOMH06  六ヶ所        40.966  141.374     2     3     1             3     0.5
  AOMH05  野辺地        40.856  141.103     2     2     1             3     0.7
  AOM001  大間          41.527  140.924     2     2     1             2     0.5
  HKD039  富良野        43.342  142.385     2     2     1             2     1.3
  AOMH12  十和田湖東    40.585  141.155     2     2     1             2    <0.5
  SRCH06  深川南        43.695  142.078     2     2     1             2     0.8
  KKWH11  和寒          43.975  142.283     2     2     1             2     1.0
  KSRH02  阿寒南        43.114  144.123     2     2     1             2     0.9
  AOM008  横浜          41.084  141.255     2     2     1             2     0.6
  AOM007  南通          41.169  141.385     2     2     1             2    <0.5
  SBSH02  泊            43.053  140.502     2     2     1             2    <0.5
  HKD146  ニセコ        42.808  140.688     2     2     1             2     0.7
  HKD119  芦別          43.520  142.191     1     1     1             2     0.8
  KKWH13  美瑛西        43.511  142.391     2     1     0             2     0.6
  HKD085  白糠          42.958  144.070     2     2     1             2     1.1
  KSRH07  鶴居南        43.136  144.327     2     1     1             2     0.6
  HKD167  熊石          42.130  139.982     1     2     1             2    <0.5
  AOM004  尻屋          41.409  141.449     2     1     1             2    <0.5
  AOMH17  名川          40.449  141.337     1     1     1             2    <0.5
  HKD161  木古内        41.679  140.433     2     1     1             2     0.9
  HKD094  士幌          43.169  143.241     1     1     1             2     0.8
  HKD136  豊浦          42.589  140.644     1     1     1             2    <0.5
  HKD093  糠平          43.319  143.305     1     2     1             2     0.6
  AOMH13  八戸          40.579  141.445     2     1     1             2     0.5
  NMRH05  別海西        43.390  144.802     1     1     0             2    <0.5
  KKWH14  中富良野      43.384  142.524     1     1     1             1     0.8
  HKD113  目黒          42.129  143.315     1     1     0             1    <0.5
  HYMH02  厚沢部        41.986  140.309     1     1     1             1    <0.5
  KSRH04  標茶南        43.214  144.680     1     1     1             1    <0.5
  AOM027  脇野沢        41.145  140.822     1     1     0             1    <0.5
  HKD022  増毛          43.852  141.528     1     1     1             1     0.7
  KSRH01  阿寒北        43.436  144.084     1     1     1             1     0.9
  KSRH06  鶴居東        43.220  144.429     1     1     0             1    <0.5
  RMIH05  小平西        44.025  141.788     1     1     0             1     0.5
  KSRH05  鶴居西        43.256  144.234     1     1     0             1    <0.5
  OSMH01  知内          41.598  140.421     1     1     0             1    <0.5
  SRCH03  幌加内南      43.999  142.126     1     1     0             1     0.6
  HYMH01  北檜山        42.485  139.968     1     1     0             1    <0.5
  TKCH10  新得北        43.334  142.945     1     1     1             1    <0.5
  KKWH12  美瑛東        43.504  142.601     1     1     0             1    <0.5
  NMRH03  中標津        43.551  144.966     1     1     0             1    <0.5
  AOMH03  川内          41.234  140.990     1     1     1             1    <0.5
  SBSH06  蘭越          42.831  140.483     1     1     0             1    <0.5
  SBSH09  黒松内        42.610  140.484     1     1     0             1    <0.5
  TKCH01  陸別          43.468  143.683     1     1     1             1    <0.5
  SBSH10  島牧          42.780  140.156     1     1     0             1    <0.5
  KSRH08  白糠北        43.160  143.894     1     1     0             1    <0.5
  ABSH13  留辺蘂        43.742  143.451     1     1     0             1    <0.5
  ABSH12  小清水        43.857  144.457     1     1     0             1    <0.5
  ABSH15  置戸東        43.635  143.510     0     0     0             1    <0.5
  IWTH07  軽米          40.270  141.571     1     1     0             1    <0.5
  ABSH11  女満別        43.914  144.191     1     0     0             1    <0.5
  ABSH06  湧別北        44.215  143.620     0     0     0             1    <0.5
  IWTH09  久慈南        40.086  141.712     0     0     0             0    <0.5
  KKWH05  下川西        44.292  142.630     0     0     0             0    <0.5
  KKWH04  名寄          44.438  142.406     0     0     0             0    <0.5
  NMRH01  標津北        43.785  145.025     0     0     0             0    <0.5
  KKWH15  上川          43.855  142.766     0     0     0             0    <0.5