最大加速度リスト

地震発生時刻   2011/04/07-23:32:00.00
震央北緯       38.2°
震央東経       141.9°
震源深さ       66.0km
マグニチュード M7.1

  コード  観測点名      緯度    経度     最大加速度 (ガル) 三成分合成値 計測震度
　　　　　 　　         北緯    東経      N-S   E-W   U-D        (ガル)         
  MYG011  牡鹿          38.305  141.504  1356  1329   302          1496     5.4
  MYG012  塩竈          38.318  141.019   556  1447   355          1481     5.8
  MYG004  築館          38.729  141.022  1242   886   476          1259     6.1
  MYG013  仙台          38.266  140.929   589  1002   336          1084     6.2
  IWTH27  陸前高田      39.031  141.532   796   783   839          1018     5.5
  IWTH05  藤沢          38.865  141.351   836   572   476           952     5.5
  MYG003  東和          38.735  141.311   659   743   455           885     5.5
  IWT010  一関          38.933  141.117   758   801   340           871     5.9
  IWTH02  玉山          39.825  141.383   649   558   452           773     5.5
  MYGH10  山元          37.941  140.892   543   757   309           769     5.7
  IWT007  釜石          39.270  141.856   365   752   334           755     5.6
  MYGH04  東和          38.786  141.325   540   629   509           717     5.3
  MYGH03  唐桑          38.921  141.638   675   510   514           710     5.0
  IWT012  北上          39.321  141.138   708   420   187           709     5.8
  IWT009  大東          39.019  141.403   593   672   450           707     5.6
  IWTH26  一関東        38.969  141.001   533   435   494           653     5.6
  IWTH04  住田          39.181  141.391   581   432   310           611     5.4
  FKS001  相馬          37.795  140.920   578   347   260           589     5.1
  IWTH23  釜石          39.274  141.823   507   483   353           550     4.9
  FKS004  飯舘          37.680  140.735   494   328   237           540     5.0
  MYG006  古川          38.580  140.965   415   478   233           519     5.9
  IWTH21  山田          39.473  141.934   411   410   425           499     5.3
  FKS006  葛尾          37.503  140.759   417   340   119           475     5.3
  MYG007  豊里          38.588  141.251   290   454   244           466     5.3
  MYGH05  小野田        38.579  140.780   445   373   265           451     5.1
  IWTH28  一関西2       39.009  140.864   418   396   202           436     5.0
  MYG001  気仙沼        38.901  141.568   390   402   374           432     5.3
  MYG015  岩沼          38.105  140.870   343   394   199           430     5.6
  MYG009  大和          38.447  140.887   324   352   229           397     5.3
  MYGH06  田尻          38.591  141.071   370   371   211           386     5.4
  IWTH18  川井南        39.463  141.678   341   331   318           384     4.6
  FKS002  梁川          37.845  140.601   379   342    91           382     5.0
  MYG010  石巻          38.428  141.281   359   281   314           376     5.5
  MYG014  作並          38.318  140.636   296   371   132           375     5.3
  IWT026  相去          39.257  141.098   331   366   219           370     5.2
  IWT013  遠野          39.337  141.538   315   340   202           366     5.2
  AKTH04  東成瀬        39.174  140.713   335   346   163           362     5.0
  IWTH20  花巻南        39.343  141.047   268   345   125           360     5.3
  IWTH14  田老          39.743  141.909   305   220   235           353     4.5
  FKS005  原町          37.639  140.985   297   248   237           352     4.9
  IWT017  門馬          39.634  141.438   326   292   128           345     4.8
  MYG005  鳴子          38.799  140.651   298   276   174           335     4.9
  IWT021  西根          39.920  141.082   299   307    68           334     5.0
  IWTH22  東和          39.334  141.302   238   321   293           326     4.7
  IWT011  水沢          39.145  141.152   296   264   140           310     5.4
  FKSH12  平田          37.217  140.570   277   203   143           307     5.1
  IWT020  藪川          39.784  141.329   202   240    91           294     5.4
  FKSH19  都路          37.470  140.723   268   255   211           288     4.8
  FKS009  小野          37.278  140.635   281   146    92           285     4.4
  MYGH08  岩沼          38.113  140.844   250   200   151           285     4.8
  MYG016  白石          38.008  140.621   218   273   151           285     4.9
  IWTH01  二戸東        40.238  141.342   252   218    52           272     4.9
  FKS003  福島          37.761  140.480   241   252   114           270     4.8
  YMT006  尾花沢        38.600  140.405   215   155    49           268     4.9
  IWTH03  岩泉          39.802  141.652   191   200   130           265     4.2
  MYGH09  白石          38.009  140.603   169   238   142           245     4.7
  FKS008  船引          37.436  140.567   223   202    85           244     4.5
  IWTH24  金ヶ崎        39.198  141.012   196   231   124           238     4.9
  IWT001  種市          40.410  141.719   223   167    49           238     4.5
  FKS019  二本松        37.603  140.437   150   205    92           225     4.6
  IWT018  盛岡          39.695  141.148   166   215    92           222     4.5
  FKSH18  三春          37.489  140.538   213   173   128           216     4.7
  IWT014  石鳥谷        39.484  141.147   200   172    97           210     4.9
  IWTH17  川井北        39.644  141.598   176   112    85           209     3.9
  IBRH16  山方          36.641  140.398   132   203    59           208     4.3
  FKSH17  川俣          37.664  140.597   149   176    95           206     4.5
  MYG017  角田          37.976  140.782   195   176    88           203     4.9
  IWTH15  矢巾          39.615  141.093   195   143    65           201     4.6
  FKS010  広野          37.234  141.002   156   196    68           200     4.2
  IWT016  川井          39.600  141.679   164   194    89           200     4.4
  IWTH12  九戸          40.153  141.424   161   166    73           195     4.5
  AKT011  宮田          39.813  140.580   183   141    49           191     4.6
  FKS016  白河          37.123  140.191   184   136    56           186     4.4
  FKSH16  福島          37.764  140.377    96   174    43           177     4.1
  IWT019  岩泉          39.849  141.803   145   146   100           177     4.8
  YMTH01  天童          38.384  140.381   163   144    78           177     4.5
  IBR003  日立          36.592  140.645   145   152    75           171     4.2
  IBR013  鉾田          36.159  140.489   132   158    74           170     4.2
  IWT005  宮古          39.647  141.946   159    92   146           167     4.3
  TCG014  茂木          36.545  140.174   126   156    53           166     4.4
  FKS018  郡山          37.396  140.362   164   151    72           166     4.6
  IWT025  大志田        39.517  140.830   151   140    41           161     4.3
  AOM012  八戸          40.514  141.481   125   110    46           158     4.3
  TCG009  今市          36.726  139.715   113   128    37           153     4.3
  YMT007  東根          38.431  140.391   126   128    84           152     4.5
  IBR001  大子          36.776  140.357   104   136    41           152     4.2
  YMTH06  高畠          37.963  140.184   106   149    69           152     4.6
  FKSH09  郡山          37.353  140.426   150   137    45           151     3.9
  IBR004  大宮          36.552  140.410   132   124    46           139     3.9
  IWTH06  二戸西        40.261  141.171    92   135    39           136     4.0
  IBRH15  御前山        36.557  140.301    98   106    33           133     3.7
  IBR019  北茨城        36.881  140.654   106   106    62           128     3.9
  AKTH17  中仙          39.557  140.612   112   110    56           126     4.2
  AOM011  三沢          40.680  141.367   123    70    35           126     4.0
  FKSH10  西郷          37.162  140.093   110    80    70           126     4.0
  IWT024  二戸          40.263  141.290   123   101    36           124     4.1
  YMTH02  山形          38.269  140.258   108   101    43           123     4.6
  IBRH11  岩瀬          36.370  140.140   121   108    45           122     4.1
  AKT016  大曲          39.454  140.476    97   101    41           122     4.7
  IBRH12  大子          36.837  140.318   101   100    49           121     4.0
  IWTH09  久慈南        40.086  141.712   116    99    65           121     3.7
  TCGH16  芳賀          36.548  140.075    65   120    22           120     4.3
  IWTH08  久慈北        40.269  141.783   117    80    63           118     4.1
  IWT002  久慈          40.182  141.764   105    96    45           118     4.3
  IBR007  那珂湊        36.352  140.595   108    91    46           117     4.0
  FKS017  須賀川        37.284  140.369   111    99    56           117     4.4
  FKSH11  矢吹          37.201  140.339   115   107    53           116     4.4
  IWT022  安代          40.101  141.052   108    72    30           115     4.0
  IWT003  普代          40.008  141.886    97   113    69           115     4.4
  IBR005  笠間          36.385  140.237   108    98    47           115     4.0
  TCGH13  馬頭          36.734  140.178   101   112    38           113     4.1
  IWT023  葛巻          40.037  141.450    99   112    28           113     3.9
  AKTH02  西木南        39.663  140.572    60    98    35           111     4.3
  FKS031  川内          37.336  140.813    97   106    61           111     3.9
  MYGH02  鳴子          38.859  140.651    79   102    61           108     3.8
  YMT015  米沢          37.904  140.100    84    97    46           108     4.4
  YMTH04  上山          38.081  140.298    87    96    53           106     3.6
  IWTH16  雫石          39.644  140.946    87    85    55           105     4.1
  FKS011  いわき        37.091  140.904    97    79    61           105     4.0
  AKT023  椿台          39.146  140.717    95    88    56           104     4.3
  YMT005  肘折          38.607  140.162    85    89    83           103     4.4
  FKS013  古殿          37.090  140.556    95    77    38           102     4.1
  IBRH13  高萩          36.795  140.575    96    93    56           102     3.9
  YMTH07  米沢          37.896  140.028    73    86    39           100     4.3
  IBR006  水戸          36.369  140.453    82    98    62            99     3.8
  IBRH14  十王          36.692  140.548    74    68    53            98     3.1
  AOMH16  新郷          40.462  141.092    85    91    45            98     4.3
  AOMH17  名川          40.449  141.337    88    66    46            97     3.9
  IBR017  江戸崎        35.954  140.319    73    70    39            95     3.4
  AOMH05  野辺地        40.856  141.103    63    81    22            95     3.8
  FKSH14  いわき東      37.026  140.970    78    85    34            93     4.3
  AKTH19  湯沢          39.191  140.471    76    78    35            91     4.1
  FKS012  勿来          36.907  140.793    88    72    54            90     4.0
  CHB003  白井          35.794  140.056    60    84    39            90     3.8
  IWT015  川尻          39.318  140.779    89    80    35            90     4.1
  AKTH13  阿仁          39.982  140.407    74    86    32            90     3.6
  AKTH06  雄勝          38.980  140.495    87    65    44            88     3.8
  IBRH17  霞ヶ浦        36.086  140.314    66    78    61            87     3.6
  IBRH18  ひたちなか    36.363  140.620    65    81    44            87     3.7
  AKTH01  西木北        39.815  140.579    86    62    51            87     4.2
  IBR002  高萩          36.706  140.707    76    79    31            87     3.8
  AKT017  横手          39.297  140.563    82    79    59            86     4.2
  AKT014  角館          39.595  140.555    62    76    30            85     3.8
  AKTH16  西仙北        39.545  140.348    79    59    37            85     4.3
  FKS024  中野          37.396  140.132    65    69    51            81     4.3
  YMT009  寒河江        38.390  140.274    73    64    40            81     4.0
  FKSH08  長沼          37.282  140.214    76    63    25            81     3.5
  FKS023  会津若松      37.477  139.929    69    76    22            81     4.1
  AKT022  玉川          39.774  140.667    80    56    26            80     3.7
  TCGH12  氏家          36.696  139.984    60    57    34            80     3.6
  TCGH10  大田原        36.858  140.023    64    63    36            79     3.5
  YMT010  山形          38.260  140.349    61    67    54            78     3.9
  AOMH18  田子          40.296  141.014    60    77    23            77     3.4
  IBR016  取手          35.911  140.049    57    62    37            77     3.5
  AOMH13  八戸          40.579  141.445    69    71    25            76     4.2
  IWTH07  軽米          40.270  141.571    75    53    32            76     3.6
  AOM007  南通          41.226  141.396    67    74    22            76     4.2
  IWTH11  一戸          40.081  141.191    70    75    41            76     3.9
  AOM010  野辺地        40.872  141.142    51    73    22            75     3.7
  YMT008  中村          38.386  139.992    68    55    49            75     4.1
  IBR014  土浦          36.073  140.195    61    67    33            75     3.7
  YMTH14  西川西        38.386  139.992    67    52    50            75     4.1
  FKS020  猪苗代        37.547  140.108    63    62    27            72     4.2
  IBR011  つくば        36.125  140.090    49    65    22            71     3.6
  HKD091  浦幌          42.809  143.659    64    56    23            71     3.8
  TCG006  小川          36.764  140.130    69    48    38            70     3.8
  IWTH13  葛巻          39.940  141.549    66    56    28            69     3.5
  YMT017  新庄支所      38.791  140.313    51    65    36            69     4.0
  YMT002  新庄          38.768  140.296    59    63    34            69     4.0
  IBR012  石岡          36.190  140.287    52    69    32            69     3.7
  HKD086  直別          42.854  143.858    56    56    20            68     3.7
  YMTH15  西川東        38.426  140.125    65    54    59            68     4.2
  TCGH11  今市          36.708  139.769    41    62    27            67     3.4
  AOM013  南部          40.412  141.280    66    48    16            67     3.5
  YMT011  上山          38.150  140.267    55    59    30            67     4.0
  AKTH14  鹿角          40.062  140.808    65    57    29            67     3.7
  AOMH12  十和田湖東    40.585  141.155    58    58    35            66     3.8
  AKTH12  五城目        39.916  140.222    51    63    23            65     3.9
  AKT012  田沢湖        39.699  140.718    64    51    28            64     3.9
  FKS014  矢祭          36.868  140.430    36    54    27            63     3.5
  CHB007  佐倉          35.723  140.227    60    48    22            63     3.6
  AKTH03  矢島          39.222  140.128    43    59    27            63     4.0
  IBR018  鹿嶋          35.977  140.632    54    53    28            60     3.3
  TCGH14  粟野          36.551  139.615    41    47    19            55     2.8
  AKTH18  大森          39.355  140.387    52    50    52            55     3.9
  CHB004  佐原          35.901  140.490    39    41    22            53     3.2
  SITH11  飯能          35.864  139.273    42    46    17            53     3.4
  AKT018  鳥海          39.194  140.190    48    46    36            53     3.7
  YMTH08  八幡          38.970  140.033    45    48    21            52     3.8
  IBRH10  石下          36.111  139.989    43    45    35            52     3.9
  NIG012  鹿瀬          37.686  139.477    48    43    17            52     4.1
  YMTH12  立川          38.636  140.006    48    39    25            52     4.1
  AOM021  十和田        40.615  141.208    41    43    17            52     3.7
  IBR015  岩井          36.069  139.908    49    50    28            51     3.6
  TCG013  真岡          36.437  140.023    39    47    29            51     3.4
  CHBH13  成田          35.831  140.298    35    47    28            51     3.4
  TCG005  矢板          36.806  139.926    51    41    13            51     3.3
  IWTH10  安代          40.139  140.953    43    42    19            51     3.1
  AOM014  子ノ口        40.437  140.941    42    47    28            51     3.8
  FKS025  下郷          37.308  139.900    49    40    26            50     3.1
  IBR010  下妻          36.184  139.965    46    39    23            50     3.5
  TCG008  鹿沼          36.560  139.768    44    47    26            50     3.4
  TCGH15  宇都宮        36.559  139.864    36    48    23            50     3.3
  CHB001  野田          35.959  139.873    41    48    22            49     3.4
  SIT008  春日部        35.974  139.753    38    49    15            49     3.8
  FKS015  棚倉          37.022  140.377    39    46    28            49     3.6
  YMT003  鶴岡          38.729  139.801    38    49    22            49     3.7
  SITH06  川本          36.113  139.289    48    33    18            49     3.0
  IBR008  下館          36.306  139.983    43    47    26            48     3.3
  AKT019  雄勝          39.038  140.451    36    41    33            47     3.6
  KNGH10  横浜          35.499  139.519    29    42    24            46     3.5
  KNG206  平塚ST6       35.097  139.378    36    42     7            46     3.7
  FKSH04  会津高田      37.451  139.813    34    41    12            46     3.5
  KSRH07  鶴居南        43.136  144.327    31    37    24            44     3.0
  AKT015  本荘          39.383  140.050    42    40    17            44     3.8
  CHB006  成田          35.780  140.307    41    34    24            44     3.2
  KNG205  平塚ST5       34.941  139.421    28    38     4            44     3.1
  YMT013  小国          38.062  139.757    43    31    27            44     3.6
  AKTH15  協和          39.688  140.407    36    38    24            44     3.5
  GNM009  桐生          36.411  139.325    33    37    21            44     3.2
  NMRH05  別海西        43.390  144.802    33    31    12            43     3.0
  CHB002  松戸          35.787  139.903    43    36    21            43     3.0
  NMRH02  標津南        43.677  144.962    35    38    14            41     2.9
  YMT014  下屋地        37.921  139.870    27    41    19            41     3.5
  YMTH03  南陽          38.103  140.155    24    40    26            41     3.0
  AKT013  協和          39.607  140.321    40    25    24            41     3.5
  SIT004  長瀞          36.118  139.105    25    34    12            40     2.5
  HKD068  上西春別      43.411  144.770    31    33    12            40     3.0
  TKCH07  豊頃          42.811  143.520    27    37    12            40     3.3
  HKD100  広尾          42.286  143.312    36    39     7            39     3.0
  TCG012  小山          36.286  139.805    34    37    19            39     3.3
  AOM006  川内          41.198  140.997    35    35    16            39     3.4
  YMT012  長井          38.107  140.043    32    37    31            39     3.4
  AOM008  横浜          41.084  141.255    33    34    17            39     3.4
  KNG201  平塚ST1       34.596  139.918    38    32     3            38     3.3
  FKSH05  下郷          37.254  139.873    36    32    14            38     3.2
  GNM011  太田          36.291  139.361    29    37    11            38     3.4
  CHB028  市川北        35.766  139.966    29    38    23            38     3.0
  AKT006  鹿角          40.215  140.787    32    36    16            38     3.4
  IBRH07  江戸崎        35.952  140.330    37    33    21            38     4.0
  HKD074  納沙布        43.368  145.803    35    34    12            38     2.9
  KSRH10  浜中          43.208  145.117    29    34    14            37     3.1
  NIGH02  朝日          38.280  139.549    22    35    19            36     3.6
  TCG001  黒磯          36.942  140.083    31    34    19            36     3.4
  KSRH03  標茶北        43.385  144.628    34    34    18            36     2.9
  AOMH11  十和田湖西    40.580  140.995    30    30    15            36     2.9
  KNG202  平塚ST2       34.740  139.839    26    35    13            36     3.1
  HKD077  釧路          42.984  144.382    30    32    18            35     3.2
  NIG007  村上          38.230  139.486    30    23    15            35     3.7
  HKD080  弟子屈        43.508  144.448    32    28    13            35     2.8
  NIGH08  津川          37.671  139.465    26    26    18            35     3.8
  HKD078  塘路          43.149  144.498    28    26    21            35     2.9
  AKT021  阿仁          39.995  140.403    25    25    12            35     3.1
  GNM010  館林          36.234  139.533    31    28    16            35     3.3
  FKS022  西会津        37.600  139.647    34    28    13            34     3.5
  TCG016  北高岡        36.529  140.156    24    34    13            34     2.9
  TKCH05  本別          43.121  143.618    28    25     8            34     2.8
  NIGH04  関川          38.131  139.543    26    33    21            34     3.4
  TCG015  芹沼          36.749  139.714    24    31    16            33     3.0
  TCGH06  真岡          36.446  139.951    32    29    10            33     3.0
  HKD092  池田          42.928  143.448    31    27    10            33     2.8
  AKTH05  鳥海          39.072  140.319    30    25    22            33     3.1
  NMRH04  別海東        43.398  145.122    30    28    11            33     3.0
  SITH01  岩槻          35.929  139.735    25    32    13            32     3.3
  AKT002  大館          40.268  140.566    25    32    12            32     3.5
  HKD066  標津          43.662  145.131    28    28    11            32     3.2
  AOM028  八甲田        40.700  140.919    28    26    19            32     3.5
  FKSH02  熱塩加納      37.732  139.882    31    22    18            32     3.2
  AOM003  大畑          41.405  141.169    24    25    12            32     3.4
  SIT011  川口          35.810  139.721    25    29     8            32     3.0
  YMT001  酒田          38.914  139.813    31    28    19            32     3.6
  SIT007  東松山        36.054  139.391    32    28    11            32     2.6
  YMT016  清川          38.789  140.018    27    27    13            32     3.1
  HKD073  根室          43.333  145.600    26    31     8            32     2.5
  CHBH04  下総          35.797  140.021    25    28    19            31     3.0
  KNG203  平塚ST3       34.798  139.643    21    29     3            31     2.8
  AOMH06  六ヶ所        40.966  141.374    30    26    11            31     3.2
  SITH10  都幾川        35.996  139.219    30    28    11            31     2.6
  AOM005  むつ          41.295  141.197    23    28    12            30     3.4
  TCG003  藤原          36.814  139.715    24    29    12            30     2.8
  TCG007  宇都宮        36.569  139.886    19    30    12            30     2.8
  GNMH12  神流          36.144  138.913    28    30    16            30     2.9
  FKSH03  高郷          37.608  139.753    24    24    13            30     3.4
  HKD071  厚床          43.233  145.260    24    26     9            29     2.8
  SIT009  川越          35.903  139.483    29    22    21            29     2.8
  HKD067  中標津        43.555  144.973    23    22     8            29     2.8
  HKD069  別海          43.394  145.117    24    21     9            29     2.9
  TKCH08  大樹          42.486  143.152    23    28    15            29     2.8
  TKY021  猿江          35.688  139.819    27    21    11            29     3.1
  NIG008  中条          38.053  139.405    27    25    18            29     3.5
  AOM024  蟹田          41.047  140.640    22    29     9            29     3.4
  TKY018  八枝          35.655  139.811    24    20    18            29     3.2
  KSRH06  鶴居東        43.220  144.429    27    28    17            29     2.5
  YMNH11  大月          35.625  138.978    24    28     9            29     2.9
  NMRH03  中標津        43.551  144.966    25    27    11            28     3.0
  TKY027  瑞江          35.693  139.891    25    28    17            28     3.2
  CHB029  行徳          35.695  139.918    27    26    11            28     3.2
  HKD090  本別          43.121  143.618    21    27    12            28     2.6
  TKY007  新宿          35.711  139.686    20    21    17            28     2.8
  KNG002  横浜          35.437  139.634    23    20    11            28     3.2
  AKT020  象潟          39.202  139.909    21    25    10            28     3.3
  SIT003  久喜          36.072  139.697    24    27    19            28     3.5
  YMTH13  朝日          38.470  139.761    21    21    15            28     2.9
  KSRH05  鶴居西        43.256  144.234    25    27    11            28     2.4
  CHB010  八日市場      35.708  140.568    22    25    11            28     2.7
  CHB012  東金          35.573  140.333    27    22    17            28     3.0
  TCG011  葛生          36.387  139.614    24    27    14            27     2.7
  AOM027  脇野沢        41.145  140.822    23    24    10            27     3.1
  HKD159  戸井          41.716  141.002    18    27     9            27     2.9
  CHB009  千葉          35.608  140.102    26    19    11            27     3.2
  TKY003  青梅          35.797  139.291    26    22     8            27     3.0
  HKD070  本別海        43.385  145.284    21    21    11            27     2.9
  AKT010  秋田          39.722  140.100    26    22    22            27     3.4
  HKD072  落石          43.195  145.521    17    26     5            26     2.7
  IBRH19  つくば        36.214  140.089    22    24    15            26     2.4
  KSRH09  白糠南        42.986  143.984    24    19    18            26     3.1
  AKT007  琴丘          40.046  140.081    25    25    12            25     3.3
  AOM020  青森          40.819  140.750    23    19     9            25     3.5
  HKD083  鶴居          43.233  144.325    17    23     9            25     2.3
  TKY026  宇喜田        35.670  139.863    22    19    11            25     3.0
  TKY024  奥戸          35.740  139.862    19    20    14            25     3.0
  KNG001  川崎          35.529  139.706    16    21    19            25     3.0
  HKD085  白糠          42.958  144.070    20    24    10            24     3.0
  IBR009  古河          36.185  139.704    24    22    14            24     2.9
  TKY022  横網          35.687  139.796    22    23    11            24     3.2
  AKT005  能代          40.203  140.029    23    24    10            24     3.5
  YMTH05  小国          37.988  139.802    20    19    18            24     3.1
  TKY017  辰巳          35.647  139.809    21    18    11            24     3.1
  TKY014  亀戸          35.689  139.835    23    19    12            24     2.9
  NIG006  寒川          38.450  139.496    17    22     8            24     2.9
  HKD089  足寄          43.244  143.554    19    17     8            23     2.4
  AKT001  小坂          40.328  140.743    21    19     9            23     2.8
  FKS026  南郷          37.266  139.539    22    20    11            23     2.8
  HKD158  椴法華        41.834  141.141    23    19    12            23     3.2
  GNM013  高崎          36.318  139.018    22    20     8            23     3.1
  SIT010  大宮          35.907  139.648    19    18     9            23     3.2
  CHB024  稲毛          35.633  140.078    22    22    11            23     3.0
  KNG009  厚木          35.442  139.362    23    17    12            23     2.9
  TKY025  篠崎          35.714  139.897    19    20     8            23     2.9
  KSRH04  標茶南        43.214  144.680    21    19    10            22     2.5
  TKY004  八王子        35.628  139.403    22    18     9            22     2.7
  SITH07  名栗          35.912  139.149    21    19     7            22     2.2
  KNG008  相模原        35.575  139.327    13    20    14            22     2.6
  AKT009  男鹿          39.888  139.847    15    21     9            22     3.2
  AOM009  六ヶ所        40.967  141.373    19    21    12            22     3.0
  YMN002  大月          35.613  138.947    15    21     9            22     2.3
  IBUH01  追分          42.874  141.819    19    19     5            22     2.6
  KSRH02  阿寒南        43.114  144.123    20    20     6            22     2.8
  CHBH10  千葉          35.546  140.242    16    21    10            22     2.7
  TKYH12  八王子        35.670  139.265    21    14     9            22     2.7
  TKY008  岡田          34.785  139.391    21    16    11            22     2.3
  NIG011  新津          37.801  139.144    19    18     7            22     3.3
  KNG204  平塚ST4       34.893  139.571    12    21     5            22     2.6
  SZO003  東伊豆        34.816  139.055    21    21     8            22     2.6
  AOM022  東田沢        40.992  140.916    16    20     5            21     3.1
  SIT006  秩父          35.995  139.071    18    20     5            21     2.6
  TKY023  八広          35.725  139.825    19    19    10            21     3.0
  AKT008  飯田川        39.883  140.072    18    18    13            21     3.2
  CHB022  富津          35.308  139.860    19    19     7            21     2.6
  HKD109  浦河          42.168  142.767    19    17     5            21     2.8
  TKY015  東白鬚        35.731  139.812    16    16    13            20     2.9
  HKD075  浜中          43.077  145.130    16    18    10            20     2.4
  AOM023  中里          40.968  140.433    15    19     7            20     3.0
  CHB008  浦安          35.654  139.902    19    18    12            20     3.1
  CHB014  姉崎          35.477  140.049    16    17    11            20     2.9
  HKD128  早来          42.766  141.822    19    14    11            20     2.9
  NIG014  三条          37.641  138.956    16    13     5            20     3.2
  HKD097  生花          42.618  143.421    17    17     5            20     2.7
  TKY005  町田          35.578  139.416    19    16     8            20     2.7
  NIGH06  加茂          37.653  139.068    18    16    11            20     3.1
  TCGH09  矢板          36.862  139.836    17    19    11            19     2.6
  HKD110  様似          42.131  142.935    17    16     5            19     2.9
  SITH05  神泉          36.151  139.050    15    19     5            19     2.1
  GNM003  沼田          36.658  139.078    19    18     7            19     2.5
  HKD127  追分          42.874  141.820    16    19     5            19     2.4
  CHB011  蓮沼          35.602  140.501    13    19     7            19     2.7
  SIT005  小川          36.056  139.263    14    18    10            19     2.2
  FKS027  滝原          37.070  139.681    14    18     5            19     1.9
  AKT003  藤里          40.278  140.263    18    16    13            19     3.1
  TCG002  塩原          36.990  139.803     9    19     6            19     2.6
  IBRH20  波崎2         35.828  140.732    16    16     7            19     2.8
  TCG010  足尾          36.635  139.438    17    16     9            19     2.4
  TKY013  砂町          35.660  139.834    16    18    11            18     3.0
  TKCH11  清水          42.874  142.883    16    15     8            18     2.3
  SIT002  熊谷          36.148  139.388    14    18     8            18     3.0
  FKS021  喜多方        37.654  139.863    18    15    10            18     3.1
  NIG009  新発田        37.951  139.338    14    16    10            18     3.2
  AKTH09  田代          40.276  140.460    17    15    12            18     3.2
  HKD084  阿寒          43.114  144.123    16    16     6            18     2.7
  KNG013  小田原        35.264  139.152    12    15    12            18     3.0
  HDKH03  門別東        42.593  142.352    15    14     4            18     2.4
  HKD076  厚岸          43.051  144.850    13    17    10            18     2.8
  TKCH06  芽室          42.892  143.060    14    14     9            18     2.6
  GNMH05  伊勢崎        36.314  139.185    17    17    11            18     2.8
  AKTH07  小坂          40.456  140.839    16    14    10            18     2.9
  AOMH09  岩木          40.620  140.350    14    17     4            17     3.0
  SIT001  本庄          36.243  139.194    15    16     7            17     3.0
  HKD126  鵡川          42.575  141.928    17    13     5            17     2.8
  AOMH03  川内          41.234  140.990    17    16     9            17     3.1
  IBUH06  室蘭          42.412  141.002    14    17     7            17     2.7
  AOMH04  青森          40.852  140.676    17    16     7            17     3.1
  HKD112  えりも岬      41.937  143.240    12    15     6            17     2.2
  HKD079  標茶          43.303  144.600    16    16     9            17     2.2
  TKY016  東雲          35.648  139.799     9    15    12            17     2.8
  KNGH18  藤野          35.644  139.128    12    17     7            17     2.5
  CHB015  木更津        35.374  139.916    15    15    10            17     2.9
  GNM001  片品          36.772  139.225    13    12    10            16     1.8
  CHB017  市場          35.299  140.076    16    11     6            16     2.7
  NIGH05  聖籠          37.976  139.279    16    14     7            16     3.1
  HDKH06  静内          42.350  142.357    14    13     8            16     2.9
  TKYH13  檜原南        35.702  139.127     9    15     8            16     1.7
  SZOH42  修善寺        34.976  138.913    16    12     3            16     2.4
  AOM026  小泊          41.128  140.311    13    12     5            16     3.1
  AKTH08  藤里          40.319  140.234    14    14    14            16     2.9
  HKD184  千歳          42.790  141.601    16    15    11            16     2.6
  AOMH14  西目屋        40.549  140.273    12    15     6            16     2.7
  AOM016  弘前          40.602  140.499    14    14     6            16     2.9
  SZO001  熱海          35.142  139.079    10    16     6            16     1.7
  AOM015  碇ヶ関        40.474  140.631    12    15     7            16     2.9
  TKY020  塩浜          35.666  139.809    12    12     7            16     2.9
  HKD063  相泊          44.106  145.248    13    10     3            16     2.4
  AOM002  福浦          41.328  140.813    14    15     5            15     2.4
  NIG015  村松          37.694  139.189    12    14     9            15     2.9
  HKD095  帯広          42.931  143.214    11    13     7            15     2.5
  CHB019  鋸南          35.111  139.835    15    12     7            15     3.0
  AOM019  五所川原      40.815  140.447    14    13     5            15     3.0
  NIG010  新潟          37.915  139.011    10    14     4            15     3.0
  YMN009  六郷          35.496  138.463    14    11     5            15     2.8
  SZOH34  清水北        35.130  138.424    14     5     4            15     2.1
  NMRH01  標津北        43.785  145.025    11    14     4            14     2.0
  SIT013  所沢          35.797  139.466    13    14     7            14     2.6
  AKTH10  大館          40.300  140.581    14    11     8            14     2.7
  TKY006  小金井        35.699  139.503    13    12     8            14     2.5
  HKD099  新得          43.074  142.839    11    12     7            14     2.3
  HKD125  穂別          42.761  142.135    12    13     5            14     2.6
  FKSH01  西会津        37.757  139.715    11    10     8            14     2.2
  SZO011  富士宮        35.213  138.602    11    14     4            14     2.4
  YMN005  甲府          35.655  138.568     9    14     5            14     2.5
  HKD103  幌毛志        42.727  142.297    13    11     4            14     2.3
  GNM016  万場          36.116  138.925    14    10     4            14     2.1
  SITH08  小鹿野        36.027  138.969    11    14     3            14     2.1
  SZO002  伊東          34.965  139.103    11    14     8            14     2.5
  KNG014  山北          35.361  139.083    10    14     6            14     2.4
  HKD098  大樹          42.498  143.279    13    11     9            14     2.7
  TKCH04  新得南        43.174  142.918    13    11     6            14     2.2
  HKD161  木古内        41.679  140.433    14     8     4            14     2.8
  HKD132  室蘭          42.348  141.032    10    11     3            14     2.5
  AOM025  今別          41.179  140.480    13    10     7            14     2.8
  TKYH02  府中          35.654  139.470    12    13     5            14     2.4
  AOM004  尻屋          41.409  141.449    13     9     6            14     2.2
  AOMH15  大鰐          40.484  140.556    10    13     6            13     2.5
  YMN003  富士吉田      35.465  138.813    11    10     6            13     2.2
  KNG004  三崎          35.144  139.622    12    12     5            13     2.4
  HKD129  苫小牧        42.634  141.606    12    12     4            13     2.5
  SRCH09  栗山          43.059  141.806    12    13     4            13     2.5
  SITH03  日高          35.899  139.384    12    12     7            13     2.6
  HKD093  糠平          43.319  143.305    13    10     4            13     2.0
  GNM006  吾妻          36.510  138.752    10     9    11            13     2.1
  YMNH14  都留南        35.511  138.968     8    13     7            13     1.7
  HKD160  函館          41.770  140.738    10    13     5            13     2.7
  KSRH08  白糠北        43.160  143.894    11    12     5            13     2.4
  AOMH01  大間          41.527  140.913    12     8     6            13     2.9
  GNMH14  みどり        36.493  139.322    11    10     6            13     1.8
  HKD108  三石          42.253  142.564    11    11     4            13     2.3
  FKS029  桧枝岐        37.016  139.380    10     9     3            13     1.6
  HDKH07  様似          42.133  142.916    10    11     5            13     2.4
  IKRH02  新篠津        43.220  141.652     7    12     3            13     2.5
  TCGH07  栗山西        36.882  139.453    10    11     5            13     2.2
  YMN004  塩山          35.702  138.727    12    11     7            12     2.4
  KNG006  二俣川        35.454  139.539    10    12     5            12     2.4
  ABSH12  小清水        43.857  144.457    12    11     3            12     2.3
  GNM008  前橋          36.348  139.137    11    10     6            12     2.6
  HKD106  静内          42.341  142.369    12    11     5            12     2.3
  NIGH10  上川          37.544  139.365    12     8     8            12     2.5
  CHB005  銚子          35.736  140.830    11    11     9            12     2.5
  HKD087  二股          43.150  143.892    10    12     6            12     2.2
  KNGH20  松田          35.366  139.126     8    11     6            12     2.1
  TKCH03  足寄西        43.271  143.432    10    10     5            12     2.0
  TKY009  波浮港        34.687  139.441     9    10     5            12     1.8
  CHB016  岬            35.300  140.387    12    10     4            12     2.7
  TKY001  氷川          35.803  139.096     9    10     9            12     1.9
  NGN014  小海          36.096  138.484    12     6     4            12     1.8
  NGNH11  富士見        35.916  138.305     8    10     4            12     2.2
  TKY002  桧原          35.730  139.145    11     8     4            12     1.6
  CHBH12  富津          35.344  139.855    11     9     4            12     2.5
  NIG003  佐和田        37.998  138.323    11     9     7            12     2.9
  SZO013  清水          35.041  138.476    11    11     4            12     2.8
  SZOH35  伊東中        34.947  139.085     9    10     5            11     2.4
  YMT004  温海          38.628  139.589     8    11     8            11     2.4
  AOMH10  黒石          40.609  140.665    11     8     6            11     2.5
  CHBH14  銚子中        35.734  140.823    11     9     7            11     2.4
  YMNH08  西野原        35.690  138.734    11    11     5            11     2.2
  HKD082  阿寒湖畔      43.437  144.085     9     9     6            11     2.5
  HKD088  陸別          43.472  143.748     9     8     2            11     1.8
  KNG010  平塚          35.336  139.350     9    10     7            11     2.7
  FKSH21  只見          37.342  139.315     9     8     4            11     2.4
  OSMH01  知内          41.598  140.421    10    11     5            11     2.8
  HKD113  目黒          42.129  143.315     7    10     4            11     1.7
  IKRH03  千歳          42.888  141.640    10     9     3            11     2.3
  AOM029  西目屋        40.576  140.297     8    10    10            11     2.7
  HKD053  留辺蘂        43.785  143.607     7    11     3            11     2.0
  GNM002  水上          36.782  138.970    11    10     2            11     1.7
  GNM007  渋川          36.462  139.010     9     8     4            11     2.3
  YMN001  丹波山        35.789  138.920    10     8     4            10     1.7
  HKD056  置戸          43.671  143.578     9     9     3            10     1.6
  NGNH12  南牧          35.970  138.480    10     7     5            10     2.2
  CHB013  茂原          35.433  140.291     9     9     5            10     2.3
  FKS028  只見          37.349  139.314     9     8     5            10     2.6
  TKCH01  陸別          43.468  143.683     8     9     3            10     1.8
  KKWH08  占冠          43.041  142.656    10     9     3            10     2.1
  CHB026  長南          35.387  140.237     7    10     6            10     2.3
  FKSH06  伊南          37.172  139.520     9     9     5            10     2.2
  NIG013  巻            37.764  138.883     9    10     5            10     2.7
  HKD094  士幌          43.169  143.241     8     9     5            10     2.0
  HKD096  中札内        42.697  143.136     9     9     5            10     1.9
  SITH09  皆野          36.072  139.099     8     8     6            10     1.8
  SIT014  中津川        35.995  138.801     8    10     4            10     1.7
  CHB021  白浜          34.908  139.898     7     9     3            10     1.8
  GNMH07  利根          36.700  139.210     9     7     4            10     1.6
  KNG012  秦野          35.379  139.205     7     8     4             9     2.0
  NIGH09  下田          37.539  139.128     9     7     6             9     2.6
  ABSH14  美幌          43.723  144.184     6     9     2             9     2.1
  HKD185  支笏湖畔      42.776  141.402     8     8     5             9     1.9
  NGN015  諏訪          36.045  138.112     6     9     3             9     2.6
  CHB018  勝浦          35.158  140.322     8     7     5             9     1.9
  CHBH16  鴨川          35.138  139.965     7     8     3             9     2.3
  TCG004  湯元          36.806  139.420     8     8     5             9     2.2
  HKD105  門別          42.483  142.054     8     9     4             9     2.3
  CHB020  鴨川          35.115  140.102     8     8     4             9     2.4
  HKD181  江別          43.116  141.546     9     8     6             9     2.3
  HKD157  南茅部        41.905  140.970     8     7     5             9     1.8
  NIG002  両津          38.075  138.440     7     8     4             9     2.7
  FKS030  金山          37.453  139.513     8     7     5             9     2.3
  AOMH08  鰺ヶ沢        40.762  140.312     7     8     6             9     2.5
  YMNH15  上九一色      35.532  138.605     6     8     5             9     1.7
  HKD064  羅臼          44.020  145.189     8     8     5             9     2.3
  TKCH02  足寄東        43.382  143.898     9     6     3             9     1.8
  SITH04  所沢          35.803  139.535     7     8     4             9     2.3
  HKD169  木間内        41.935  140.369     7     7     5             9     2.6
  NIG028  長岡支所      37.426  138.886     7     6     6             9     2.4
  GNMH11  富岡          36.286  138.921     8     8     4             9     2.3
  ABSH09  斜里南        43.927  144.807     6     8     4             9     1.8
  KNG007  藤沢          35.339  139.490     8     7     5             8     2.3
  HKD081  川湯          43.643  144.390     7     6     4             8     1.9
  NIGH01  長岡          37.427  138.888     7     7     5             8     2.4
  OSMH02  上磯          41.837  140.633     8     6     3             8     2.5
  NGNH19  川上          35.974  138.584     7     6     4             8     2.0
  HKD135  壮瞥          42.553  140.887     7     8     4             8     2.3
  NGN016  富士見        35.913  138.223     8     7     3             8     2.5
  KSRH01  阿寒北        43.436  144.084     7     8     4             8     2.5
  NIGH07  村松          37.666  139.261     5     8     5             8     2.0
  GNMH08  嬬恋          36.492  138.524     8     7     4             8     2.4
  ABSH15  置戸東        43.635  143.510     5     7     5             8     1.8
  HKD180  札幌          43.139  141.351     7     7     3             8     2.3
  HDKH01  平取西        42.703  142.230     7     8     3             8     1.9
  HKD182  広島          42.992  141.552     8     7     3             8     2.0
  ABSH07  白滝          43.849  143.086     6     5     3             8     1.7
  YMN010  須玉          35.792  138.410     7     6     5             8     2.1
  KNG003  横須賀        35.273  139.658     7     8     3             8     1.8
  HKD131  登別          42.421  141.081     7     8     3             8     1.9
  ABSH13  留辺蘂        43.742  143.451     7     7     4             8     2.0
  GNM014  坂本          36.350  138.718     7     7     5             8     2.3
  HKD065  薫別          43.794  145.056     5     7     3             8     1.6
  NIG025  直江津        37.161  138.224     8     4     2             8     2.2
  CHBH11  養老          35.287  140.153     6     6     5             8     2.3
  SIT012  飯能          35.840  139.321     7     8     5             8     1.9
  SZO010  御殿場        35.309  138.935     7     7     4             8     2.5
  SZOH37  芝川          35.203  138.566     7     5     2             8     1.6
  TKY012  八丈          33.119  139.799     6     7     3             8     1.7
  NIG022  塩沢          37.036  138.846     7     7     4             7     2.3
  HKD061  ウトロ        44.070  144.997     7     6     3             7     1.6
  AOM001  大間          41.527  140.924     6     7     2             7     2.4
  HKD134  大滝          42.671  141.079     7     5     2             7     1.7
  HKD057  津別          43.706  144.027     6     7     2             7     1.9
  SZO028  川奈          34.952  139.138     5     7     3             7     1.7
  ABSH08  斜里北        44.064  144.994     7     4     2             7     1.3
  HKD059  小清水        43.856  144.463     7     7     3             7     2.0
  KNG005  鎌倉          35.319  139.546     6     6     4             7     1.9
  NIG020  小出          37.233  138.962     6     4     4             7     2.1
  NIG018  柏崎          37.372  138.558     7     6     2             7     2.5
  HKD156  七飯          41.900  140.696     6     7     2             7     2.1
  GNMH13  水上2         36.862  139.063     7     6     3             7     1.9
  TKCH10  新得北        43.334  142.945     6     4     2             7     1.3
  YMN006  本栖          35.468  138.607     5     7     4             7     1.9
  NGNH16  茅野          35.947  138.185     5     6     4             7     1.7
  AOM018  鯵ヶ沢        40.778  140.198     6     6     4             7     2.4
  HKD062  富士見        43.675  143.309     7     6     2             7     1.3
  KNGH21  清川          35.463  139.215     6     6     5             7     1.7
  SZO008  沼津          35.096  138.866     6     6     2             7     1.9
  TKY010  新島          34.378  139.257     6     6     3             6     1.7
  ABSH11  女満別        43.914  144.191     6     6     2             6     1.9
  KNGH23  葉山          35.262  139.611     6     5     4             6     1.9
  NIG017  長岡          37.442  138.843     6     4     4             6     2.2
  SZOH38  函南          35.085  138.978     6     5     3             6     1.5
  KKWH11  和寒          43.975  142.283     4     5     1             6     1.8
  GNM004  草津          36.617  138.592     6     5     3             6     2.0
  GNM005  嬬恋          36.513  138.518     6     5     3             6     1.9
  ABSH06  湧別北        44.215  143.620     5     5     2             6     1.9
  NIG001  岩谷口        38.258  138.434     6     6     3             6     2.1
  IBUH07  大滝          42.648  141.064     6     5     2             6     2.1
  HKD121  美唄          43.333  141.855     6     4     2             6     1.7
  SRCH08  砂川          43.514  141.909     6     4     2             6     1.6
  HKD048  湧別          44.220  143.615     6     6     3             6     2.0
  HKD124  由仁          42.999  141.790     5     4     2             6     1.6
  HKD038  南富良野      43.167  142.566     5     5     3             6     1.8
  SBSH07  真狩          42.763  140.808     5     6     2             6     2.0
  CHBH17  勝浦東        35.171  140.340     5     5     4             6     1.5
  SZO005  松崎          34.755  138.784     6     5     2             6     2.1
  IBUH05  白老          42.563  141.350     5     5     3             6     1.7
  AOMH07  深浦          40.745  140.023     5     4     3             6     2.1
  GNM015  下仁田        36.229  138.758     5     5     2             6     1.2
  HKD055  美幌          43.824  144.109     5     5     3             6     2.0
  HKD104  平取          42.589  142.131     5     5     2             5     1.8
  NGNH18  開田          35.932  137.595     4     5     2             5     1.6
  TCGH17  藤原2         36.985  139.692     5     4     3             5     1.4
  NIGH18  妙高          36.943  138.259     5     4     2             5     1.8
  CHB025  千倉          34.971  139.946     4     4     3             5     1.8
  HKD155  鹿部          42.044  140.806     5     5     3             5     1.9
  HKD060  斜里          43.914  144.666     4     4     2             5     1.7
  KNGH19  山北中        35.417  139.044     5     5     3             5     1.4
  NIG019  小千谷        37.304  138.812     5     5     4             5     2.1
  FKSH07  檜枝岐        37.010  139.375     5     4     4             5     1.3
  AOM017  深浦          40.636  139.928     4     5     3             5     2.2
  YMNH10  早川北        35.535  138.309     5     4     2             5     1.3
  HDKH05  新冠          42.598  142.545     5     4     2             5     1.4
  KKWH14  中富良野      43.384  142.524     5     4     2             5     1.4
  NIGH11  川西          37.173  138.744     4     4     5             5     2.2
  YMNH12  増穂          35.562  138.449     4     5     3             5     1.8
  HKD054  北見          43.800  143.901     4     4     3             5     1.8
  KNG011  藤野          35.615  139.155     5     4     3             5     1.6
  AKT004  八森          40.389  139.983     3     5     4             5     2.1
  HKD122  岩見沢        43.197  141.775     5     5     2             5     2.0
  IBUH02  穂別          42.871  142.129     5     4     2             5     1.6
  HKD130  白老          42.563  141.350     4     4     2             5     1.7
  SBSH08  喜茂別        42.768  140.977     4     4     2             5     1.4
  NIG021  十日町        37.128  138.747     4     4     3             5     1.9
  HKD173  青苗          42.066  139.452     5     4     2             5     2.0
  SRCH07  三笠          43.230  141.898     5     4     2             5     1.4
  SZO007  修善寺        34.977  138.947     4     4     2             5     0.8
  HKD179  当別          43.224  141.517     4     4     2             5     2.0
  NIGH14  塩沢          37.030  138.852     4     4     3             5     2.0
  HKD040  占冠          42.980  142.399     4     4     2             5     1.6
  HKD111  えりも        42.017  143.149     3     4     3             4     1.2
  HKD146  ニセコ        42.808  140.688     3     4     2             4     1.9
  YMNH16  甲府2         35.742  138.565     4     4     3             4     1.5
  HKD154  森            42.096  140.563     4     4     2             4     2.0
  HKD102  日高          42.877  142.448     4     3     2             4     1.6
  HKD136  豊浦          42.589  140.644     4     3     2             4     1.4
  HKD178  石狩          43.172  141.305     3     4     1             4     1.9
  HKD120  月形          43.344  141.663     4     4     2             4     1.5
  NGN010  小諸          36.328  138.436     4     3     3             4     1.8
  HKD144  倶知安        42.906  140.767     4     4     2             4     2.0
  CHBH15  館山西        34.959  139.788     4     3     2             4     1.6
  NIG016  寺泊          37.642  138.768     3     3     2             4     1.8
  HKD052  常呂          44.120  144.071     4     3     2             4     1.6
  HKD168  江差          41.869  140.127     3     3     4             4     1.9
  SZO012  蒲原          35.127  138.621     4     4     2             4     1.6
  SZO014  静岡          34.965  138.374     4     3     1             4     1.5
  HKD151  長万部        42.494  140.354     3     3     2             4     1.8
  NGNH17  佐久          36.142  138.550     4     3     2             4     1.1
  NIGH12  湯之谷        37.224  138.982     3     4     3             4     1.7
  IKRH01  当別          43.409  141.584     3     3     2             4     1.4
  ISK002  正院          37.444  137.288     3     4     2             4     2.0
  KKWH13  美瑛西        43.511  142.391     4     3     2             4     1.3
  ABSH10  佐呂間        44.081  143.946     3     3     1             4     1.2
  HYMH02  厚沢部        41.986  140.309     4     3     2             4     1.8
  NIG023  津南          37.015  138.653     3     4     2             4     1.8
  SZOH39  西伊豆西      34.799  138.772     3     3     2             4     1.3
  NIG024  安塚          37.127  138.444     3     3     2             4     1.8
  TKY029  三宅          34.075  139.479     3     4     2             4     1.3
  NGN024  飯田          35.523  137.837     3     4     2             4     1.7
  HKD039  富良野        43.342  142.385     4     2     1             4     1.7
  NGNH03  阿智2         35.479  137.735     3     3     2             4     1.5
  CHB027  勝浦北        35.181  140.266     3     3     3             4     1.5
  GIF007  高根          36.038  137.486     2     3     1             4     1.1
  HKD163  松前          41.434  140.112     4     3     2             4     1.4
  HKD118  滝川          43.552  141.917     3     3     2             4     1.6
  ISK005  穴水          37.231  136.904     2     3     1             3     1.7
  NIG004  小木          37.821  138.280     3     3     1             3     1.4
  HKD142  赤井川        43.085  140.820     3     3     1             3     1.9
  SZO009  裾野          35.197  138.913     3     3     2             3     1.7
  HKD051  佐呂間        44.019  143.775     2     3     1             3     1.1
  NIGH15  六日          37.053  138.995     3     3     3             3     1.5
  SBSH03  赤井川        43.084  140.820     3     3     2             3     1.9
  NGN008  上田          36.402  138.249     3     3     1             3     1.8
  YMN007  南部          35.279  138.465     3     2     2             3     1.3
  NGN002  信濃          36.807  138.207     3     3     2             3     1.8
  SZO016  焼津          34.857  138.311     3     3     1             3     1.8
  NIGH13  牧            37.054  138.397     3     3     2             3     1.5
  NGNH29  野沢温泉      36.910  138.441     3     3     1             3     1.5
  KKWH07  富良野        43.370  142.341     3     3     1             3     1.4
  NIGH19  湯沢          36.811  138.785     3     3     2             3     1.4
  HKD107  農屋          42.419  142.499     3     3     2             3     1.6
  HKD123  夕張          42.993  142.008     3     3     1             3     1.3
  TYM002  氷見          36.866  136.975     2     3     1             3     1.9
  SZO027  西伊豆        34.790  138.801     2     3     1             3     1.0
  NGN001  飯山          36.851  138.366     3     3     2             3     1.8
  SZO018  榛原          34.740  138.224     3     2     2             3     1.8
  SZOH40  河津          34.783  138.970     3     3     2             3     1.0
  HKD167  熊石          42.130  139.982     3     3     2             3     1.6
  SZO015  梅ヶ島        35.243  138.341     2     3     1             3     0.9
  SRCH10  夕張          42.993  142.008     3     3     1             3     1.3
  NGNH23  南木曽        35.606  137.611     3     3     2             3     1.2
  GNMH09  高山          36.621  138.907     3     3     2             3     1.4
  HKD145  喜茂別        42.798  140.936     3     3     1             3     1.2
  NGNH14  平谷          35.309  137.626     2     3     1             3     0.7
  GIFH09  羽島          35.277  136.700     3     2     1             3     1.5
  HKD117  深川          43.724  142.053     3     2     1             3     1.3
  AICH17  豊根          35.184  137.727     3     3     1             3     0.9
  NGNH24  松川          35.615  137.880     2     3     2             3     1.5
  YMN008  早川          35.432  138.332     2     2     2             3     1.2
  HKD148  黒松内        42.668  140.305     2     3     2             3     1.5
  NGN020  伊那          35.828  137.953     2     2     1             3     1.4
  HKD101  トムラウシ    43.334  142.947     3     2     1             3     1.0
  SRCH06  深川南        43.695  142.078     2     3     1             3     1.3
  HKD049  遠軽          44.092  143.534     2     2     1             3     0.9
  HKD041  天人峡        43.625  142.684     2     3     2             3     1.4
  CHBH20  鴨川南        35.088  140.100     2     2     2             3     1.5
  NGNH21  伊那          35.831  137.924     3     2     2             3     1.5
  HKD119  芦別          43.520  142.191     2     2     1             3     1.3
  ISKH03  内浦          37.346  137.244     2     2     1             3     1.1
  NGN021  駒ヶ根        35.730  137.934     2     2     2             3     1.4
  YMNH09  早川          35.433  138.333     2     2     2             3     1.2
  SZO006  土肥          34.911  138.794     2     2     1             3     1.0
  SRCH04  沼田          43.820  141.940     2     2     1             3     1.5
  GIFH28  中津川        35.457  137.471     2     2     1             3     1.6
  GIF018  中津川        35.489  137.500     2     2     1             3     1.4
  HKD116  沼田          43.801  141.934     2     2     1             3     1.6
  SBSH06  蘭越          42.831  140.483     2     2     1             3     1.4
  NGNH13  喬木          35.514  137.877     2     2     2             2     1.2
  YMN011  芦安          35.638  138.383     2     2     2             2     1.1
  NGN019  木曽福島      35.856  137.708     2     2     1             2     0.8
  NIG005  松ヶ崎        37.920  138.498     2     2     1             2     1.3
  AICH13  清洲          35.218  136.851     2     2     1             2     1.5
  HKD152  八雲          42.259  140.264     2     2     1             2     1.6
  SZO022  佐久間        35.092  137.814     2     2     1             2     0.9
  NGN023  大鹿          35.579  138.034     2     2     1             2     0.8
  RMIH05  小平西        44.025  141.788     2     2     1             2     1.0
  NIGH17  妙高高原      36.857  138.097     2     2     2             2     1.5
  HKD177  厚田          43.400  141.435     2     2     1             2     1.1
  AIC010  作手          34.976  137.424     2     1     1             2     1.1
  HKD175  浜益          43.602  141.388     1     2     1             2     0.8
  HKD022  増毛          43.852  141.528     2     2     1             2     1.4
  NGNH26  上山田        36.466  138.147     2     2     1             2     1.1
  SZOH33  静岡南        35.015  138.353     2     2     1             2     1.1
  SZO004  南伊豆        34.647  138.819     2     2     1             2     1.1
  HKD044  興部          44.480  143.128     2     2     1             2     1.2
  NGNH28  戸隠          36.708  138.096     2     2     1             2     1.4
  HKD171  小砂子        41.649  139.998     2     2     1             2     0.9
  NGN007  杭瀬下        36.534  138.119     2     2     2             2     1.5
  NGN022  南木曽        35.608  137.613     2     2     1             2     1.1
  HKD147  蘭越          42.805  140.530     2     2     1             2     1.2
  ISK007  七尾          37.043  136.968     2     1     0             2     1.4
  NGN017  楢川          35.975  137.826     2     2     2             2     1.0
  SZOH41  南伊豆        34.675  138.834     2     2     1             2     1.0
  NGNH27  信州新        36.577  138.048     2     2     1             2     1.4
  NGN018  王滝          35.813  137.530     1     2     1             2     0.7
  SZO024  浜松          34.710  137.720     1     2     1             2     1.3
  HKD004  上猿払        45.214  142.226     2     2     1             2     1.5
  ISK004  能都          37.308  137.147     2     2     1             2     0.9
  AIC009  豊田          35.081  137.146     2     2     1             2     1.3
  SZOH28  浜松          34.668  137.744     2     2     1             2     1.4
  NGN025  天龍          35.281  137.857     2     2     1             2     1.1
  SZO023  天竜          34.874  137.816     2     1     1             2     1.1
  HKD037  美瑛          43.589  142.468     1     2     1             2     1.1
  HKD023  雄冬          43.773  141.369     2     2     1             2     0.8
  HKD021  留萌          43.941  141.637     2     2     1             2     1.0
  SZO025  湖西          34.719  137.531     2     2     1             2     1.1
  KYTH05  網野          35.681  135.027     2     1     1             2     1.2
  HKD032  和寒          44.023  142.412     2     2     0             2     1.0
  AIC004  名古屋        35.063  136.974     2     1     1             2     1.3
  FKI010  高浜          35.490  135.551     1     2     0             2     1.2
  HKD170  湯ノ岱        41.749  140.251     1     2     1             2     1.0
  KKWH12  美瑛東        43.504  142.601     2     2     1             2     0.8
  HKD036  旭川          43.773  142.365     1     2     1             2     1.3
  ISKH01  珠洲          37.527  137.284     2     1     1             2     1.1
  HYMH01  北檜山        42.485  139.968     1     2     2             2     1.2
  NGNH22  長谷          35.795  138.082     2     2     1             2     1.0
  NGNH20  上松          35.787  137.717     1     2     1             2     0.5
  YMNH13  身延          35.351  138.420     2     2     2             2     1.1
  NIG027  糸魚川        37.023  137.862     2     2     1             2     1.3
  HKD140  小樽          43.191  140.994     2     2     1             2     0.7
  AICH12  幡豆          34.788  137.106     1     2     0             2     1.0
  SZO017  浜岡          34.637  138.128     2     1     1             2     1.1
  SRCH05  深川北        43.824  142.159     2     1     1             2     0.7
  SBSH05  倶知安        42.950  140.822     1     2     1             2     1.0
  FKIH04  三方          35.559  135.869     2     1     0             2     1.0
  NGN004  長野          36.649  138.194     1     1     1             2     1.2
  GIF023  土岐          35.388  137.216     2     2     1             2     0.8
  HYMH03  熊石          42.134  140.004     2     1     1             2     1.0
  NGNH31  塩尻          36.118  137.939     1     1     1             2     1.0
  AICH09  豊橋          34.664  137.390     2     1     1             2     1.2
  AICH16  設楽          35.154  137.535     1     1     1             2     0.8
  AIC015  豊橋          34.755  137.405     1     1     1             2     1.2
  NGNH54  飯田          35.449  138.006     1     1     1             2     0.9
  SZO021  本川根        35.097  138.133     1     1     1             2     0.8
  RMIH03  遠別          44.636  141.819     1     2     0             2     0.8
  NGNH10  木祖          35.963  137.767     1     1     1             2     1.1
  GIFH20  下呂北        35.799  137.253     1     1     1             2     0.9
  GIF014  付知          35.658  137.426     1     1     1             1     1.0
  HKD115  幌加内        44.007  142.148     1     1     0             1     0.7
  NGN012  松本          36.256  137.978     1     1     1             1     1.0
  MIE003  四日市        34.970  136.636     1     1     1             1     1.1
  NGNH25  南信濃        35.299  137.927     1     1     1             1     0.7
  NGNH30  奈川          36.064  137.685     1     1     1             1     0.6
  SZO019  掛川          34.770  137.998     1     1     1             1     1.1
  TYMH04  魚津          36.791  137.469     1     1     1             1     1.1
  TYM004  宇奈月        36.862  137.527     1     1     1             1     0.7
  GIFH26  各務原        35.412  136.876     1     1     0             1     0.7
  ABSH05  滝上南        44.115  143.011     1     1     0             1    <0.5
  ABSH03  興部東        44.384  143.241     1     1     0             1    <0.5
  SRCH02  幌加内中      44.116  142.141     1     1     1             1     0.6
  RMIH02  天塩          44.895  141.925     1     1     0             1     0.9
  NAR002  奈良          34.668  135.835     1     1     1             1     1.1
  SOYH02  猿払南        45.216  142.225     1     1     0             1     1.0
  GIFH15  高山          36.134  137.221     1     1     1             1     0.7
  ABSH02  興部西        44.423  143.026     1     1     0             1    <0.5
  ISK003  輪島          37.392  136.908     1     1     1             1     1.1
  SBSH02  泊            43.053  140.502     1     1     1             1     0.5
  ISKH05  穴水          37.222  136.969     1     1     0             1    <0.5
  SZOH25  新居          34.691  137.560     1     1     1             1     0.9
  SZOH30  水窪北        35.223  137.918     1     1     1             1     0.6
  SBSH09  黒松内        42.610  140.484     1     1     1             1     0.6
  NGNH33  生坂          36.460  137.964     1     1     1             1     0.7
  FKIH06  高浜          35.491  135.484     1     1     1             1     0.5
  SZOH36  藤枝          34.914  138.201     1     1     1             1     0.5
  AICH15  足助          35.139  137.336     1     1     1             1    <0.5
  NGNH35  穂高          36.382  137.820     1     1     1             1    <0.5
  KKWH04  名寄          44.438  142.406     1     1     1             1     0.8
  KKWH15  上川          43.855  142.766     1     1     0             1     0.5
  AICH06  渥美          34.616  137.042     1     1     0             1     0.6
  SZOH31  川根          34.940  138.077     1     1     1             1     0.6
  MIEH10  芸濃          34.822  136.424     1     1     0             1     0.5
  AICH22  豊橋北        34.785  137.439     1     1     1             1    <0.5
  SZOH32  龍山東        35.009  137.841     1     1     1             1    <0.5
  AICH07  旭            35.219  137.404     1     1     1             1    <0.5
  AICH21  南知多        34.740  136.939     1     1     0             1    <0.5
  KYTH07  久御山        34.898  135.746     1     1     0             1     0.6
  SBSH10  島牧          42.780  140.156     1     1     1             1     0.6
  GIFH11  八百津        35.486  137.246     1     1     1             1    <0.5
  GIFH03  根尾          35.633  136.613     1     1     1             1    <0.5
  NGNH34  大町中        36.533  137.820     1     1     1             1     0.5
  GIFH12  坂内          35.603  136.413     1     1     0             1    <0.5
  TYMH06  八尾          36.571  137.160     1     1     1             1     0.7
  SZOH53  掛川3         34.877  138.017     1     1     0             1     0.5
  GIFH25  谷汲          35.521  136.613     1     1     1             1    <0.5
  SOYH09  歌登北        44.857  142.487     1     1     0             1    <0.5
  NARH06  山添          34.641  136.051     0     1     0             1    <0.5
  FKIH07  小浜          35.457  135.727     1     1     0             1    <0.5
  AICH18  岡崎          34.964  137.238     1     1     0             1    <0.5
  GIFH17  高鷲          35.951  136.873     1     1     0             1    <0.5
  RMIH04  小平東        44.097  141.962     1     1     0             1     0.5
  SBSH01  古平          43.234  140.623     0     1     0             1    <0.5
  GIFH27  美濃加茂      35.453  137.004     1     1     1             1    <0.5
  KKWH10  中川          44.662  142.053     1     0     0             1    <0.5
  SOYH10  歌登南        44.743  142.604     1     1     0             1    <0.5
  TYMH07  利賀          36.441  137.039     0     0     0             1    <0.5
  AICH19  作手          34.951  137.411     0     0     0             1    <0.5
  KYTH08  京都          35.009  135.730     1     1     1             1    <0.5
  ISKH07  金沢          36.515  136.636     0     0     1             1    <0.5
  GIFH24  東白川        35.640  137.319     0     0     0             1    <0.5
  GIFH19  朝日南        36.022  137.391     1     0     0             1    <0.5
  GIFH18  馬瀬          35.899  137.149     1     0     0             1    <0.5
  GIFH08  大和          35.832  136.962     0     0     0             1    <0.5
  GIFH06  高富          35.504  136.794     0     0     0             1    <0.5
  GIFH16  朝日北        36.094  137.344     1     1     0             1    <0.5
  MIEH01  四日市        34.985  136.456     0     0     1             1    <0.5
  AICH20  新城          34.898  137.488     1     0     0             1    <0.5
  GIFH13  白川          36.274  136.898     0     0     1             1    <0.5
  AICH11  春日井        35.306  137.057     0     1     0             1    <0.5
  RMIH01  幌延          45.017  142.079     0     0     0             1    <0.5
  KYTH04  美山          35.269  135.551     0     0     0             1    <0.5
  GIFH14  上宝          36.249  137.517     0     0     0             1    <0.5
  KKWH02  美深東        44.551  142.574     0     0     0             0    <0.5
  KYTH01  野田川        35.524  135.124     0     0     0             0    <0.5
  GIFH21  美並          35.666  136.962     0     0     0             0    <0.5
  GIFH23  板取          35.724  136.785     0     0     0             0    <0.5
  ABSH01  雄武          44.528  142.844     0     0     0             0    <0.5
  HYGH11  山東          35.292  134.907     0     0     0             0    <0.5
  KYTH06  亀岡          35.047  135.485     0     0     0             0    <0.5
  KKWH09  音威子府      44.775  142.254     0     0     0             0    <0.5
  SOYH04  稚内東        45.230  141.881     0     0     0             0    <0.5
  SZOH24  引佐          34.834  137.662     0     0     0             0    <0.5
  NARH07  天理          34.584  135.854     0     0     0             0    <0.5
  SIGH04  日野          34.964  136.261     0     0     0             0    <0.5
  GIFH07  春日          35.418  136.435     0     0     0             0    <0.5
  SOYH08  中頓別        44.939  142.225     0     0     0             0    <0.5
  KYTH03  福知山        35.313  135.133     0     0     0             0    <0.5
  MIEH04  度会          34.353  136.587     0     0     0             0    <0.5
  KKWH03  美深西        44.473  142.273     0     0     0             0    <0.5
  ISKH09  尾口          36.267  136.717     0     0     0             0    <0.5
  MIEH02  大山田        34.766  136.284     0     0     0             0    <0.5
  OKYH08  哲多          34.910  133.405     0     0     0             0    <0.5
  TTRH02  日野          35.231  133.391     0     0     0             0    <0.5
  FKIH01  永平寺        36.096  136.362     0     0     0             0    <0.5
  MIEH07  志摩          34.254  136.822     0     0     0             0    <0.5
  KYTH02  伊根          35.710  135.250     0     0     0             0    <0.5
  SMNH16  加茂          35.342  132.899     0     0     0             0    <0.5
  KKWH06  下川東        44.321  142.766     0     0     0             0    <0.5
  HYGH02  南光          35.067  134.423     0     0     0             0    <0.5
  OSKH04  交野          34.763  135.705     0     0     0             0    <0.5
  TTRH07  関金          35.365  133.749     0     0     0             0    <0.5
  OKYH12  大原          35.100  134.319     0     0     0             0    <0.5
  MIEH06  宮川          34.358  136.329     0     0     0             0    <0.5
  SOYH01  猿払北        45.335  142.119     0     0     0             0    <0.5
  TTRH06  河原          35.395  134.199     0     0     0             0    <0.5
  MIEH08  松阪          34.542  136.503     0     0     0             0    <0.5
  HYGH03  波賀          35.219  134.524     0     0     0             0    <0.5
  HRSH09  吉舎          34.702  132.952     0     0     0             0    <0.5
  HYGH07  夢前          35.032  134.670     0     0     0             0    <0.5
  HRSH16  吉田          34.663  132.669     0     0     0             0    <0.5
  OKYH09  湯原          35.181  133.677     0     0     0             0    <0.5
  HYGH14  出石          35.457  134.862     0     0     0             0    <0.5
  OKYH03  岡山          34.778  133.789     0     0     0             0    <0.5
  MIEH05  尾鷲          34.064  136.169     0     0     0             0    <0.5
  WKYH04  すさみ        33.556  135.545     0     0     0             0    <0.5
  NARH03  川上          34.292  136.002     0     0     0             0    <0.5
  HRSH11  神石          34.822  133.167     0     0     0             0    <0.5
  SMNH11  平田          35.426  132.801     0     0     0             0    <0.5
  WKYH07  上富田        33.689  135.440     0     0     0             0    <0.5
  OKYH05  建部          34.868  133.853     0     0     0             0    <0.5
  MIEH09  紀宝          33.764  135.997     0     0     0             0    <0.5
  NARH04  黒滝          34.306  135.837     0     0     0             0    <0.5