最大加速度リスト

地震発生時刻   2019/12/05-22:35:00.00
震央北緯       36.8°
震央東経       140.5°
震源深さ       8.0km
マグニチュード M4.6

  コード  観測点名      緯度    経度     最大加速度 (ガル) 三成分合成値 計測震度
　　　　　 　　         北緯    東経      N-S   E-W   U-D        (ガル)         
  IBRH13  高萩          36.795  140.575   446   719   188           729     4.3
  FKS014  矢祭          36.886  140.417    75   118    18           129     2.9
  IBR003  日立          36.592  140.645    49    72    27            73     2.5
  IBRH12  大子          36.837  140.318    60    59    14            70     3.1
  IBR002  高萩          36.706  140.707    37    60    17            67     3.0
  IBRH06  北茨城2       36.881  140.655    46    57    44            65     3.2
  IBRH14  十王          36.692  140.548    52    45    24            59     2.4
  IBR001  大子          36.776  140.357    39    27    21            45     2.9
  IBR013  鉾田          36.159  140.489    42    25    15            45     2.8
  IBRH16  山方          36.641  140.398    41    36    16            44     2.7
  FKSH10  西郷          37.162  140.093    37    18    19            38     2.5
  IBRH18  ひたちなか    36.363  140.620    16    26     8            27     2.4
  TCG009  今市          36.726  139.715    23    20    10            26     2.7
  TCGH12  氏家          36.696  139.984    22    19     9            24     2.2
  IBR004  大宮          36.552  140.410    22    18     9            22     2.1
  IBR007  那珂湊        36.352  140.595    16    17     8            20     2.2
  TCG014  茂木          36.545  140.174    16    17     7            20     2.4
  IBR006  水戸          36.367  140.454    16    15    10            18     1.9
  TCG006  小川          36.764  140.130    17    10     7            17     1.7
  FKSH12  平田          37.217  140.570    13    13    11            17     2.2
  TCGH10  大田原        36.858  140.023    13    15     8            16     1.9
  FKS009  小野          37.278  140.635    13    13     5            15     1.4
  IBRH15  御前山        36.557  140.301    12    14    12            14     1.7
  FKS016  白河          37.123  140.191    10    13     5            14     1.9
  TCGH16  芳賀          36.548  140.075    13    11     7            13     2.0
  IBR014  土浦          36.073  140.195    11    12     5            13     1.8
  FKS013  古殿          37.090  140.556    10    11     6            12     1.8
  FKS015  棚倉          37.022  140.377     8    10     4            12     1.2
  IBRH11  岩瀬          36.370  140.140    11    10     5            12     1.8
  FKS012  勿来          36.907  140.793    12    10     9            12     1.9
  IBR005  笠間          36.385  140.237    11    10     7            12     1.9
  FKSH09  郡山          37.353  140.426    11    10     4            12     1.1
  IBR016  取手          35.911  140.049    10     7     5            11     1.6
  TCG003  藤原          36.814  139.715     8    11     4            11     1.6
  FKSH11  矢吹          37.201  140.339     7    10     8            11     1.4
  FKS027  滝原          37.070  139.681     6    11     2            11     0.6
  TCGH11  今市          36.708  139.769     9    10     3            10     1.6
  FKS006  葛尾          37.503  140.759     7     9     4            10     1.5
  FKS011  いわき        37.091  140.904     6     6     8             9     1.1
  FKS008  船引          37.436  140.567     8     9     3             9     1.3
  TCGH14  粟野          36.551  139.615     8     7     2             9     1.1
  TCGH09  矢板          36.862  139.836     7     6     4             9     1.1
  IBR017  江戸崎        35.954  140.319     6     8     4             9     1.4
  FKS019  二本松        37.603  140.437     8     7     4             9     1.3
  FKSH08  長沼          37.282  140.214     5     8     2             8     1.0
  IBRH17  霞ヶ浦        36.086  140.314     8     8     5             8     1.4
  IBR018  鹿嶋          35.977  140.632     7     6     2             8     1.5
  IBR015  岩井          36.069  139.908     7     8     4             8     1.6
  IBR012  石岡          36.195  140.271     6     7     6             8     1.4
  IBR011  つくば        36.125  140.090     8     8     3             8     1.5
  TCG005  矢板          36.806  139.926     7     7     2             8     1.3
  FKS017  須賀川        37.284  140.369     7     5     4             8     1.3
  FKS018  郡山          37.396  140.362     6     6     4             8     1.2
  FKSH19  都路          37.470  140.723     6     7     4             7     1.0
  TCG015  芹沼          36.749  139.714     5     7     3             7     1.0
  TCG001  黒磯          36.942  140.083     5     7     4             7     0.8
  IBR008  下館          36.306  139.983     4     6     3             7     1.0
  TCG008  鹿沼          36.560  139.768     6     5     5             7     1.5
  IBR010  下妻          36.184  139.965     6     6     3             7     1.5
  MYG015  岩沼          38.105  140.870     5     5     1             7     1.5
  FKSH18  三春          37.489  140.538     6     6     4             7     1.4
  FKS004  飯舘          37.680  140.735     6     5     3             6     0.8
  GNM009  桐生          36.411  139.325     6     5     2             6     1.0
  FKS029  桧枝岐        37.016  139.380     5     4     1             6     0.6
  CHB007  佐倉          35.723  140.227     5     4     2             6     1.1
  FKS010  広野          37.234  141.002     5     5     2             5     1.1
  FKS024  中野          37.396  140.132     5     5     2             5     1.2
  FKS023  会津若松      37.477  139.929     5     4     2             5     1.4
  FKS028  只見          37.304  139.362     5     3     1             5     0.5
  FKSH02  熱塩加納      37.732  139.882     5     3     1             5     0.5
  FKSH17  川俣          37.664  140.597     4     5     2             5     1.1
  FKS002  梁川          37.845  140.601     5     3     1             5     0.9
  GNM003  沼田          36.658  139.078     4     4     2             5     1.0
  CHB004  佐原          35.901  140.490     4     4     2             5     0.9
  TCG007  宇都宮        36.569  139.886     3     4     2             4     0.5
  FKS025  下郷          37.308  139.900     3     4     3             4     0.6
  MYGH07  川崎          38.180  140.641     3     4     1             4     0.9
  TCGH08  栗山東        36.883  139.646     3     3     2             4     0.7
  TCG002  塩原          36.990  139.803     3     4     2             4     0.7
  CHBH06  匝瑳          35.721  140.505     4     4     2             4     1.0
  GNM011  太田          36.291  139.361     4     3     1             4     1.1
  TCG011  葛生          36.387  139.614     4     3     2             4     0.7
  TCG013  真岡          36.437  140.023     4     3     3             4     0.7
  FKS031  川内          37.336  140.813     3     4     3             4    <0.5
  FKS003  福島          37.761  140.480     4     3     2             4     0.6
  FKS007  大熊          37.406  140.963     3     4     2             4     0.6
  GNMH14  みどり        36.493  139.322     3     2     1             4    <0.5
  FKSH06  伊南          37.172  139.520     3     3     1             4     0.5
  CHB012  東金          35.573  140.333     3     3     2             4     0.8
  IBRH19  つくば        36.214  140.089     3     2     2             4    <0.5
  TCG016  北高岡        36.529  140.156     3     3     2             4    <0.5
  FKSH20  浪江          37.491  140.987     2     3     4             4     1.0
  TCGH06  真岡          36.446  139.951     3     3     2             4     0.7
  FKS020  猪苗代        37.547  140.108     4     3     1             4     0.8
  FKS001  相馬          37.795  140.920     3     3     2             3     0.9
  TCG010  足尾          36.635  139.438     3     3     1             3    <0.5
  CHBH04  下総          35.797  140.021     3     3     1             3     0.7
  CHB002  松戸          35.787  139.903     3     2     1             3     0.5
  SIT008  春日部        35.983  139.746     2     3     1             3     0.9
  FKS026  南郷          37.266  139.539     3     3     1             3    <0.5
  SIT002  熊谷          36.148  139.388     3     2     1             3     0.8
  FKSH14  いわき東      37.026  140.970     2     3     2             3     1.1
  YMT014  下屋地        37.921  139.870     2     3     0             3    <0.5
  MYGH10  山元          37.941  140.892     3     2     1             3     0.5
  GNM002  水上          36.782  138.970     3     2     1             3    <0.5
  GNM010  館林          36.234  139.533     3     3     1             3     0.7
  CHB010  八日市場      35.708  140.568     2     3     1             3     0.5
  GNMH12  神流          36.144  138.913     3     2     1             3     0.8
  FKS005  原町          37.639  140.985     3     2     1             3    <0.5
  IBRH20  波崎2         35.828  140.732     2     2     1             3     0.5
  SIT004  長瀞          36.118  139.105     2     2     1             3    <0.5
  GNM001  片品          36.772  139.225     3     2     1             3    <0.5
  CHB024  稲毛          35.633  140.078     2     2     1             2     0.5
  TKY027  瑞江          35.693  139.891     2     2     1             2     0.6
  GNMH07  利根          36.700  139.210     2     2     1             2    <0.5
  GNM014  坂本          36.347  138.721     2     2     1             2     0.6
  SIT006  秩父          35.995  139.071     2     1     0             2    <0.5
  MYG017  角田          37.976  140.782     2     2     1             2     0.9
  YMTH02  山形          38.269  140.258     2     2     1             2     0.6
  IBR009  古河          36.185  139.704     2     2     1             2    <0.5
  CHB011  蓮沼          35.588  140.497     2     2     1             2    <0.5
  FKS021  喜多方        37.654  139.863     2     2     1             2    <0.5
  TCG004  湯元          36.806  139.420     1     2     1             2    <0.5
  GNM006  吾妻          36.510  138.752     1     2     1             2    <0.5
  MYGH14  利府          38.340  140.955     2     1     1             2     0.5
  CHB029  行徳          35.695  139.918     1     2     1             2    <0.5
  CHBH19  蓮沼          35.594  140.511     2     2     1             2    <0.5
  YMTH06  高畠          37.963  140.184     1     2     1             2     0.5
  MYG016  白石          38.008  140.621     2     2     1             2    <0.5
  YMT011  上山          38.150  140.267     2     1     1             2    <0.5
  SIT003  久喜          36.072  139.697     1     2     1             2    <0.5
  TKY026  宇喜田        35.670  139.863     2     2     1             2    <0.5
  MYG002  歌津          38.726  141.511     2     1     0             2    <0.5
  SIT010  大宮          35.907  139.648     1     1     1             2     0.7
  GNM007  渋川          36.464  139.009     1     1     0             1    <0.5
  TKY025  篠崎          35.714  139.897     1     1     1             1    <0.5
  GNM016  万場          36.116  138.925     1     1     0             1    <0.5
  MYGH09  白石          38.009  140.603     1     1     1             1    <0.5
  MYG010  石巻          38.429  141.282     1     1     0             1     0.8
  GNMH08  嬬恋          36.492  138.524     1     1     0             1    <0.5
  MYGH08  岩沼          38.113  140.844     1     1     1             1    <0.5
  CHBH10  千葉          35.546  140.242     1     1     1             1    <0.5
  GNMH11  富岡          36.286  138.921     1     1     0             1    <0.5
  NIGH04  関川          38.131  139.543     1     1     0             1    <0.5
  SITH07  名栗          35.912  139.149     1     1     0             1    <0.5
  YMTH14  西川西        38.386  139.992     1     1     0             1    <0.5
  YMTH05  小国          37.988  139.802     1     1     0             1    <0.5
  YMTH07  米沢          37.896  140.028     1     1     0             1    <0.5
  YMTH15  西川東        38.426  140.125     1     1     0             1    <0.5
  NIGH15  六日          37.053  138.995     1     0     0             1    <0.5
  GNMH09  高山          36.621  138.907     0     0     0             0    <0.5
  MYGH06  田尻          38.591  141.071     0     0     0             0    <0.5
  YMTH12  立川          38.636  140.006     0     0     0             0    <0.5