最大加速度リスト

地震発生時刻   2016/04/16-01:25:00.00
震央北緯       32.8°
震央東経       130.8°
震源深さ       12.0km
マグニチュード M7.3

  コード  観測点名      緯度    経度     最大加速度 (ガル) 三成分合成値 計測震度
　　　　　 　　         北緯    東経      N-S   E-W   U-D        (ガル)         
  KMMH16  益城          32.797  130.820   653  1157   873          1362     6.5
  KMM008  宇土          32.688  130.658   651   771   422           882     6.2
  KMM006  熊本          32.793  130.777   827   616   534           843     6.0
  KMM009  矢部          32.686  130.986   777   640   187           831     5.7
  KMMH03  菊池          32.998  130.830   787   228   403           800     6.1
  KMM011  砥用          32.617  130.865   598   602   255           778     5.6
  OIT009  湯布院        33.257  131.344   528   717   475           723     6.0
  KMMH02  小国          33.122  131.063   303   660   286           687     5.5
  KMM005  大津          32.876  130.877   526   482   397           669     5.7
  KMMH14  豊野          32.635  130.752   457   402   539           612     5.7
  OITH11  九重          33.284  131.212   559   519   272           598     5.5
  KMM007  高森          32.827  131.123   279   420   302           451     5.3
  KMM004  一の宮        32.932  131.121   261   347   268           403     5.5
  KMMH01  鹿北          33.109  130.695   201   209    87           252     4.5
  KMMH09  泉            32.490  130.905   240   200   109           246     5.0
  KMM001  小国          33.121  131.069   164   220    92           238     5.1
  KMM003  玉名          32.934  130.548   177   217    69           234     5.0
  MYZ001  高千穂        32.705  131.309   158   187   146           227     4.8
  FKO015  柳川          33.163  130.405   162   207    59           222     5.0
  MYZ002  北川          32.698  131.683   187   194    68           219     4.6
  KMMH12  人吉          32.205  130.737   217   155    76           218     4.6
  KMM012  八代          32.508  130.602   197   165   130           210     5.2
  KMM002  山鹿          33.019  130.685   171   190   165           206     4.8
  OIT006  院内          33.424  131.315   173   149    69           204     4.1
  KMMH10  新和          32.315  130.181   131   176    55           195     4.5
  MYZ020  椎葉          32.455  131.147   166   181   102           189     4.6
  NGS014  口之津        32.611  130.185   171   125    72           181     4.6
  KMMH06  白水          32.811  131.101   118   162   134           180     4.8
  FKO013  八女          33.225  130.561   145   173    43           175     4.6
  MYZH04  諸塚          32.518  131.335   107   164    75           175     4.3
  OIT005  耶馬渓        33.455  131.114   171   102    82           174     3.7
  MYZ008  西都          32.106  131.393   136   161    67           173     4.2
  KMM013  田浦          32.365  130.510   155   138    73           166     5.0
  KMM014  五木          32.396  130.827   160   118    66           163     4.1
  FKO016  大牟田        33.016  130.447   139   145    78           159     4.3
  OIT015  竹田          32.972  131.397   153    77    80           154     4.4
  KMM018  龍ヶ岳        32.394  130.388   143   100    49           150     3.9
  KGS001  東            32.195  130.176   138   136    43           149     4.1
  SAGH04  東脊振        33.365  130.405   144    98    27           149     4.0
  MYZH08  川南          32.213  131.531   133   107    51           143     4.3
  MYZ006  都農          32.257  131.561   102   142    38           143     4.1
  MYZH05  南郷          32.347  131.267    85   139    48           142     4.0
  OIT016  佐伯          32.975  131.903   134   119    47           136     4.7
  FKOH03  宇美          33.561  130.550   133    96    42           135     3.7
  FKO014  矢部          33.149  130.818    97    91   101           132     4.2
  FKO011  久留米        33.324  130.512   122   123    64           132     4.7
  SAG007  佐賀          33.263  130.300    90   126    44           129     4.7
  KMM010  三角          32.614  130.487   101   107    68           129     4.7
  OIT010  大分          33.232  131.593   118   100    50           127     4.4
  MYZ004  南郷          32.389  131.334   108    86    31           126     3.9
  FKO004  行橋          33.739  131.010   110   106    62           125     4.3
  KMM015  水俣          32.216  130.405   117   117    46           125     4.5
  FKO005  飯塚          33.652  130.696   113    96    53           121     4.3
  KGS006  横川          31.906  130.702    82   109    52           121     4.2
  NGS019  大村          32.900  129.958   109   116    31           119     4.4
  MYZH15  日向          32.365  131.589    98   109    50           118     3.8
  NGS010  長崎          32.735  129.876   114    93    43           115     3.7
  KMM022  牛深          32.194  130.026    94    91    58           114     4.0
  KMMH13  上            32.221  130.910    82    94   108           113     4.0
  OIT012  直入          33.066  131.373    94    98    55           112     4.4
  NGS009  諫早          32.846  130.022    96    91    29           108     4.3
  OIT003  豊後高田      33.557  131.446    72   105    26           108     3.9
  KMM017  多良木        32.256  130.926   102    96    87           104     4.2
  OIT014  津久見        33.066  131.859    85    67    25           104     4.0
  FKOH08  小石原        33.465  130.828   101    92    57           103     3.9
  KMM016  人吉          32.197  130.776    93    69    69           100     4.3
  MYZ003  延岡          32.566  131.660    62    86    59            98     4.3
  MYZH10  国富          32.022  131.290    88    65    34            98     3.5
  MYZH12  都城北        31.864  130.945    62    75    41            96     3.9
  MYZ019  北郷          32.501  131.444    64    63    46            96     3.7
  KMM019  本渡          32.455  130.181    58    90    21            94     3.3
  FKOH07  大刀洗        33.368  130.635    85    75    78            94     4.1
  OIT002  中津          33.569  131.268    91    69    41            92     4.3
  OIT013  犬飼          33.073  131.593    72    86    20            92     3.4
  OITH05  野津原        33.153  131.542    56    82    36            89     3.5
  YMG013  防府          34.031  131.535    86    60    15            89     3.9
  FKOH10  浮羽          33.289  130.817    81    86    67            89     4.0
  OIT008  天瀬          33.255  131.020    75    81    83            88     4.1
  KMMH11  芦北          32.292  130.578    78    53    39            88     3.9
  OITH08  宇目西        32.839  131.536    67    59    41            86     3.5
  FKO001  玄海          33.843  130.509    62    66    26            84     4.2
  FKO010  甘木          33.423  130.669    67    80    41            84     3.9
  MYZ007  西米良        32.235  131.116    82    73    34            84     3.3
  SAG008  鹿島          33.104  130.100    74    69    30            84     4.1
  KGS003  大口          32.056  130.587    69    81    24            83     4.0
  MYZ009  えびの        32.046  130.811    75    65    46            82     4.1
  FKO008  添田          33.572  130.854    63    79    26            80     4.1
  SAG003  富士          33.373  130.207    65    45    19            80     3.4
  MYZ011  綾            31.995  131.256    64    79    23            79     3.6
  MYZ012  高崎          31.872  131.069    64    77    56            79     4.0
  NGS012  島原          32.788  130.346    72    71    57            79     4.0
  YMG011  下関          34.064  131.021    57    77    27            79     4.2
  NGS003  志々伎        33.202  129.413    46    78    12            78     3.5
  KMMH15  水俣          32.170  130.365    63    40    22            76     3.8
  YMG012  宇部          33.994  131.218    75    53    16            75     4.2
  FKOH06  豊前          33.593  131.135    71    63    64            75     4.0
  KGSH05  祁答院        31.870  130.496    56    51    27            74     3.8
  MYZ013  宮崎          31.909  131.419    65    54    28            73     4.2
  NGS011  千々石        32.784  130.202    54    61    34            72     3.7
  NGS008  小長井        32.923  130.184    68    54    27            71     3.5
  KGS002  出水          32.092  130.352    42    67    29            71     3.8
  KMM021  天草          32.379  130.000    53    67    26            70     4.0
  OITH01  山国          33.412  131.033    67    48    33            70     3.9
  SAGH02  伊万里        33.266  129.880    53    66    12            70     3.3
  FKO006  福岡          33.597  130.399    57    69    20            69     4.1
  KGS005  宮之城        31.901  130.451    61    65    27            69     3.8
  MYZ010  小林          31.997  130.972    50    51    28            65     3.7
  FKO009  筑紫野        33.495  130.516    62    64    18            65     3.8
  FKO003  北九州        33.832  130.901    37    61    28            64     3.8
  FKO002  中間          33.826  130.705    58    46    27            64     4.1
  FKO012  浮羽          33.332  130.794    62    53    46            63     3.9
  KGS007  川内          31.814  130.303    53    52    22            63     4.3
  KGS036  上甑          31.836  129.868    41    49    17            60     3.8
  FKOH01  北九州        33.885  130.980    49    57    21            60     3.3
  SAG002  唐津          33.425  129.919    46    52    38            58     3.6
  SAG005  厳木          33.321  130.064    55    32    20            56     3.1
  NGS002  松浦          33.344  129.705    52    42    14            54     4.0
  KMM020  新和          32.364  130.181    52    43    24            53     3.4
  OIT011  佐賀関        33.246  131.881    49    47    19            53     3.7
  MYZ014  田野          31.845  131.303    45    46    40            53     3.7
  KOC015  宿毛          32.937  132.725    46    39    21            53     3.6
  KGS008  蒲生          31.762  130.570    40    51    19            52     4.0
  KGS004  阿久根        32.014  130.193    45    40    18            52     3.9
  SAG006  武雄          33.192  130.034    48    37    26            50     3.7
  OIT007  杵築          33.417  131.614    50    42    36            50     3.6
  MYZH13  都城南        31.730  131.079    42    46    29            50     3.7
  FKO007  前原          33.561  130.202    44    43    21            50     3.7
  KGSH01  長島          32.155  130.119    47    41    24            49     3.6
  OITH10  佐伯          32.928  131.869    45    41    27            49     3.4
  MYZ015  都城          31.718  131.062    45    44    36            49     3.6
  NGS005  東彼杵        33.037  129.917    38    45    17            49     3.5
  KOC013  佐賀          33.080  133.101    29    46    11            48     3.7
  KGSH07  姶良          31.714  130.615    39    46    18            47     3.9
  KGS010  串木野        31.712  130.274    33    44    19            47     3.9
  OIT001  国見          33.678  131.594    44    35    19            47     3.9
  NGS001  平戸          33.362  129.538    45    37    15            46     3.5
  MYZH16  延岡          32.506  131.696    42    37    22            45     3.5
  FKOH09  玄海          33.850  130.543    29    40    19            43     3.3
  NGSH01  平戸          33.212  129.435    39    32    13            42     3.3
  SAG004  伊万里        33.265  129.881    38    37    19            41     3.3
  KGSH04  川内          31.837  130.360    39    30    16            41     3.7
  YMG001  須佐          34.617  131.602    36    30     8            40     3.6
  EHM011  八幡浜        33.450  132.434    36    21     9            40     3.5
  NGSH04  琴海          32.955  129.803    31    35    10            40     3.4
  MYZ005  日向          32.428  131.600    39    23    18            39     3.1
  OIT018  蒲江          32.797  131.925    38    26    17            39     3.2
  NGSH03  佐世保南      33.126  129.810    36    30    14            39     3.5
  OIT017  宇目          32.858  131.659    34    27    21            38     3.1
  KGSH03  宮之城        31.981  130.444    29    27    11            37     3.1
  SAGH01  鎮西          33.508  129.888    30    33    13            37     3.1
  YMG002  萩            34.407  131.399    22    35    10            37     3.5
  MYZ017  串間          31.464  131.228    34    20     6            34     3.5
  NGS007  琴海          32.906  129.780    22    33    10            34     2.7
  YMGH07  菊川          34.115  131.051    24    32    20            33     3.3
  YMG018  東和          33.909  132.356    31    20     7            32     3.5
  YMG008  山口          34.012  131.404    22    28     9            32     2.9
  SAGH05  白石          33.181  130.105    30    16    15            32     3.5
  NGS004  佐世保        33.181  129.718    20    30     9            31     2.9
  KOC014  中村          32.989  132.938    22    31    12            31     3.7
  KGSH06  郡山          31.699  130.459    19    30    12            30     3.0
  YMGH08  豊浦          34.135  130.932    24    22    17            30     3.1
  OIT004  国東          33.567  131.738    29    25    14            30     3.3
  NGSH06  長崎          32.700  129.863    27    27    21            30     2.9
  NGS023  郷ノ浦        33.750  129.690    28    19    23            30     3.0
  YMG006  豊浦          34.149  130.930    28    25     9            29     3.1
  KGS011  日吉          31.590  130.349    29    20     6            29     3.3
  YMGH14  萩            34.398  131.377    26    25    12            28     3.2
  EHMH12  宇和          33.427  132.506    27    20    12            28     3.6
  EHM014  西海          32.945  132.505    27    17    10            27     2.7
  KGS012  鹿児島        31.606  130.574    22    25    11            26     3.5
  KGS009  国分          31.737  130.761    25    24    10            26     3.7
  NGS006  大瀬戸        32.933  129.643    21    19    11            25     2.8
  YMG017  柳井          33.965  132.101    18    21     5            25     3.3
  OITH03  安岐          33.474  131.686    21    23    17            25     3.3
  NGSH02  佐世保北      33.212  129.765    19    22    13            23     3.3
  SAG001  鎮西          33.527  129.877    17    21    16            22     3.2
  EHM016  伊予          33.765  132.709    18    18     7            22     3.3
  MYZ016  日南          31.613  131.374    22    19     6            22     3.2
  EHM012  宇和島        33.222  132.573    21    15     9            22     2.8
  KGS018  喜入          31.376  130.545    19    15    10            21     3.1
  EHM008  松山          33.820  132.728    19    20     5            20     3.4
  HRS019  呉            34.253  132.562    19    11     5            20     2.9
  EHM013  三崎          33.392  132.114    18    13     9            20     3.0
  EHMH13  三崎          33.372  132.116    15    13     9            19     3.0
  YMGH15  徳山          33.972  131.815    18    16     8            19     2.5
  YMG003  生雲中        34.383  131.600    11    17     5            18     3.0
  EHM015  長浜          33.609  132.477    15    13     7            18     2.8
  MYZH09  須木          32.042  131.062    16    11    14            17     2.7
  NGS013  野母崎        32.581  129.760    17    13     7            17     2.6
  KGS015  大崎          31.430  131.011    16    14     9            17     3.2
  HRSH07  呉            34.288  132.641    11    15     6            17     2.7
  KOC007  高知          33.561  133.527    15    10     5            17     3.1
  HRS014  大野          34.287  132.277    15    15     6            16     3.0
  SMN005  出雲          35.361  132.745    11    15     4            16     3.3
  YMG014  徳山          34.054  131.808    16    14     6            16     2.9
  YMG007  美祢          34.166  131.206    14    15     8            16     2.7
  KOC003  安芸          33.501  133.907    16    10     5            16     3.2
  KGW005  観音寺        34.114  133.635    15     7     3            16     3.0
  YMGH01  防府          34.049  131.562    11    13     7            16     2.6
  YMG016  岩国          34.170  132.177    14    13     4            16     2.9
  HRS018  竹原          34.341  132.907    15    12     3            16     3.0
  EHMH08  柳谷          33.539  133.002    13    12     6            16     2.6
  EHM003  東予          33.927  133.084    15    11     8            15     3.2
  YMGH09  田万川        34.626  131.668    12    12     7            15     2.7
  EHM007  北条          33.962  132.772    10    14     7            15     2.8
  KGS013  大隅          31.597  130.994    13    13     6            15     2.5
  KOCH08  土佐清水      32.780  132.972    14    12     6            15     2.7
  EHM004  今治          34.062  132.998    14    10     5            14     3.0
  EHMH11  大洲          33.581  132.601    14     8     6            14     2.7
  EHM010  肱川          33.451  132.688    13     9     8            14     2.8
  MYZ018  都井岬        31.398  131.305    13    10     5            14     2.7
  KGWH02  三野          34.198  133.708    12     9     5            14     2.8
  YMG015  玖珂          34.097  132.076    11    13     6            14     2.7
  SMN014  津和野        34.467  131.775    13    12     5            13     2.7
  YMGH17  東和          33.929  132.405    11    13     5            13     2.7
  KOC012  大正          33.197  132.976     9    12     5            13     2.4
  YMG005  豊北          34.290  130.948     9    13     8            13     2.5
  KGSH09  知覧          31.374  130.433    12     9     6            13     2.3
  HRS013  広島          34.377  132.451    11    11     3            13     2.9
  NGS022  国分          34.203  129.287    11    11     4            13     2.4
  TTR008  米子          35.426  133.330    11    11     3            12     3.0
  EHM001  伊予三島      33.981  133.549     8    10     3            12     2.9
  EHMH04  丹原          33.902  133.066     9    10     5            11     2.9
  KGS016  加世田        31.416  130.322     9    11     4            11     2.5
  KOCH07  須崎          33.392  133.287    11     6     4            11     2.4
  HRS009  湯来          34.493  132.279    10    10     3            11     2.5
  KGS020  頴娃          31.240  130.492    10     9     5            11     2.5
  KOC006  土佐          33.495  133.417    11     8     5            11     2.7
  EHM005  川内          33.797  132.914     9    11     5            11     2.7
  SMNH07  美都          34.694  132.040     5     9     5            11     2.5
  EHMH01  津島          33.056  132.555     9     7     9            11     2.5
  EHMH06  日吉          33.335  132.798    10    11     6            11     2.5
  KOC011  檮原          33.398  132.896     9     8     5            11     2.6
  SMN012  六日市        34.353  131.935     7     9     5            11     2.8
  YMGH16  上関          33.826  132.104    10    10     5            11     2.5
  KOC004  物部          33.697  133.877    10     5     5            10     2.7
  SMN006  大田          35.194  132.498    10     6     4            10     2.7
  EHM009  広田          33.632  132.796     8     7     5            10     2.6
  SMN009  江津          35.011  132.223     9     7     4            10     2.1
  NGS016  若松          32.888  129.021     9     8     4            10     1.9
  HRSH13  広島南        34.412  132.391     9     7     4            10     2.2
  NGS015  宇久          33.256  129.125    10     7     4            10     2.6
  HRSH10  芸北          34.747  132.379    10     9     3            10     2.4
  HRSH15  倉橋          34.116  132.505     9     6     3            10     2.1
  YMG004  長門          34.371  131.182     8     9     8            10     2.6
  KGSH08  大隅          31.562  130.997     8     7     7            10     2.3
  KOCH06  中村          33.075  132.952     8     8     6            10     2.4
  TKS002  徳島          34.044  134.582     9     8     3            10     2.8
  HRS008  向原          34.603  132.720     8     9     2            10     2.2
  KGW004  高松          34.347  134.037     8     7     3             9     2.6
  KGS014  垂水          31.496  130.700     8     7     4             9     2.6
  KOC016  土佐清水      32.736  132.975     9     7     6             9     2.5
  YMG010  美川          34.230  131.982     7     7     4             9     2.4
  KGS021  指宿          31.253  130.632     8     8     3             9     2.4
  KGS017  鹿屋          31.395  130.870     8     9     5             9     2.5
  NGS021  豊玉          34.397  129.324     6     9     3             9     2.1
  KOCH03  大正          33.268  132.989     7     6     6             9     2.5
  TKS007  市場          34.090  134.285     8     7     5             9     2.8
  SMN013  益田          34.669  131.846     7     8     5             9     2.6
  YMGH10  むつみ        34.484  131.633     8     8     4             9     2.6
  KOCH04  大月          32.841  132.707     8     8     5             9     2.4
  HRS012  東広島        34.428  132.742     7     8     2             9     2.1
  YMG009  鹿野          34.232  131.817     8     7     6             9     2.5
  KYTH05  網野          35.681  135.027     7     8     2             9     2.6
  KOCH05  池川          33.647  133.144     8     4     4             8     2.2
  TTRH03  溝口          35.355  133.492     7     6     1             8     2.2
  KGS019  枕崎          31.278  130.301     8     8     4             8     2.0
  HRS020  因島          34.303  133.169     7     6     3             8     2.0
  EHMH07  河辺          33.502  132.748     6     5     6             8     2.5
  EHMH05  砥部          33.711  132.803     8     4     4             8     2.3
  SMN002  松江          35.471  133.068     8     7     2             8     2.5
  OSKH02  此花          34.663  135.390     7     7     4             8     2.5
  KOCH10  伊野          33.531  133.439     7     5     5             8     2.5
  KOCH09  香北          33.675  133.824     7     4     5             7     2.5
  NGS020  上対馬        34.661  129.459     7     5     3             7     1.9
  KOC017  大豊          33.769  133.656     7     3     5             7     2.5
  EHM006  美川          33.641  133.008     7     5     5             7     2.3
  KGS023  田代          31.199  130.849     5     7     3             7     2.1
  SMN011  匹見          34.572  132.014     5     6     2             7     2.4
  OKY012  倉敷          34.589  133.755     6     6     2             7     2.2
  SMN008  瑞穂          34.852  132.531     6     5     2             7     2.1
  YMG019  上関          33.846  132.120     7     5     4             7     2.2
  KOC010  須崎          33.392  133.290     6     5     4             7     2.3
  HRS015  福山          34.485  133.362     6     7     3             7     2.3
  OSK006  堺            34.589  135.471     6     6     3             7     2.4
  SMNH09  匹見          34.572  132.012     4     6     2             7     2.4
  HRSH01  三原          34.374  133.024     5     6     3             7     2.2
  HRSH18  東広島        34.457  132.792     6     4     2             7     1.9
  HRSH14  沖美          34.209  132.406     6     4     4             7     2.0
  KOC002  室戸          33.290  134.168     6     6     2             6     2.2
  NAR002  奈良          34.668  135.835     6     4     3             6     2.4
  OSK008  岸和田        34.440  135.392     6     5     3             6     2.5
  YMGH04  周東          34.027  132.063     5     6     5             6     2.2
  OSKH01  田尻          34.398  135.284     6     6     2             6     2.5
  KGSH10  山川          31.207  130.618     5     5     3             6     2.1
  TKS012  池田          34.032  133.809     5     5     2             6     2.2
  TTR004  鹿野          35.461  134.055     4     6     2             6     2.2
  SMN010  浜田          34.887  132.078     6     5     3             6     2.3
  HRSH17  戸河内        34.572  132.233     5     3     3             6     2.4
  EHMH10  宮窪          34.192  133.058     6     5     2             6     1.9
  HYG016  赤穂          34.755  134.390     6     4     2             6     2.2
  TTR002  鳥取          35.485  134.220     5     6     1             6     2.3
  KYTH07  久御山        34.898  135.746     6     4     2             6     2.3
  HYG024  東浦          34.533  134.990     6     3     2             6     2.2
  EHMH02  西条          33.865  133.184     4     3     4             6     2.0
  AIC003  津島          35.173  136.740     5     4     1             6     2.3
  KOCH13  本山          33.754  133.576     5     3     4             6     2.2
  HRS004  芸北          34.726  132.277     3     5     3             6     2.3
  HRSH08  佐伯          34.394  132.161     4     5     4             6     2.0
  OSK010  泉南          34.376  135.255     4     5     2             6     2.3
  NGS017  福江          32.666  128.843     5     4     2             5     2.0
  OSK003  豊中          34.767  135.468     5     5     2             5     2.3
  KGW007  引田          34.227  134.401     4     4     2             5     1.8
  TTR006  赤碕          35.511  133.630     5     4     2             5     2.3
  TKS010  貞光          34.038  134.061     5     3     2             5     2.0
  KOC009  吾川          33.574  133.172     5     4     4             5     2.1
  HRSH03  御調          34.518  133.137     4     5     3             5     1.9
  OSK005  大阪          34.725  135.510     4     5     1             5     2.2
  HRSH16  吉田          34.663  132.669     5     4     2             5     1.8
  TKS006  牟岐          33.669  134.419     5     4     3             5     2.0
  SMNH16  加茂          35.342  132.899     4     5     1             5     1.9
  HRS006  豊平          34.666  132.408     4     4     3             5     2.2
  KOCH02  吾北          33.708  133.364     5     3     4             5     2.3
  HRSH05  神辺          34.557  133.418     3     5     2             5     1.9
  TKS001  鳴門          34.203  134.610     4     4     2             5     2.1
  HYGH01  三原          34.294  134.794     5     4     3             5     2.2
  TTRH04  赤碕          35.467  133.631     5     3     2             5     2.2
  HYG022  西宮          34.746  135.350     3     5     2             5     2.2
  KGW003  丸亀          34.264  133.790     5     4     3             5     2.1
  SMNH10  美保関        35.558  133.300     3     4     2             5     2.0
  SMNH11  平田          35.426  132.801     4     4     2             5     2.2
  OSK007  羽曳野        34.558  135.606     5     3     3             5     2.2
  HRS016  尾道          34.420  133.197     4     3     2             5     2.0
  YMGH03  岩国          34.189  132.126     5     4     4             5     1.8
  MIE003  四日市        34.970  136.636     4     3     1             5     2.1
  SMN007  邑智          35.081  132.591     4     4     2             5     1.8
  KOC008  本川          33.776  133.346     5     3     4             5     2.2
  OKYH04  真備          34.643  133.686     3     3     2             5     1.8
  KOC005  土佐山田      33.593  133.692     5     4     3             5     2.2
  SMNH04  邑智          35.092  132.531     4     4     2             5     1.9
  OKY005  落合          35.010  133.732     4     3     1             5     1.6
  KOCH11  室戸          33.287  134.160     5     3     2             5     2.0
  OKY013  笠岡          34.510  133.510     4     4     2             5     2.0
  HRS010  世羅          34.587  133.049     4     4     2             5     1.8
  KOCH12  芸西          33.529  133.819     4     4     3             5     2.0
  HRS007  甲奴          34.703  133.095     4     3     2             5     1.7
  OKY011  岡山          34.654  133.907     4     4     2             5     1.9
  HRS003  三次          34.814  132.842     3     4     2             5     1.8
  HRSH04  沼隈          34.379  133.349     4     3     2             4     1.8
  GIFH09  羽島          35.277  136.700     3     3     1             4     2.1
  HRS017  三原          34.404  133.083     4     3     3             4     2.0
  EHMH03  新宮          33.915  133.650     4     3     4             4     2.1
  TKS003  阿南          33.872  134.604     3     3     3             4     2.0
  EHM002  新居浜        33.922  133.307     4     3     2             4     1.9
  SMNH03  佐田          35.224  132.722     3     3     2             4     2.0
  HRSH09  吉舎          34.702  132.952     3     3     2             4     1.7
  OSK004  四條畷        34.740  135.639     4     3     2             4     1.9
  TTRH07  関金          35.365  133.749     3     4     2             4     1.8
  TKSH05  海南          33.663  134.316     4     3     3             4     1.9
  HRS011  府中          34.569  133.236     3     3     3             4     1.8
  HRSH11  神石          34.822  133.167     3     3     2             4     1.8
  KGWH01  綾上          34.219  133.949     4     2     2             4     1.6
  TKS009  木頭          33.772  134.200     4     3     3             4     2.0
  TKSH06  井川          34.000  133.893     4     3     2             4     1.8
  KGW006  長尾          34.250  134.186     4     4     2             4     1.9
  HRS005  油木          34.777  133.281     3     3     1             4     1.5
  WKY003  有田          34.100  135.116     4     2     2             4     1.7
  HYG020  三木          34.798  134.990     4     2     1             4     2.0
  NGN015  諏訪          36.045  138.112     3     4     1             4     2.0
  AICH23  常滑2         34.881  136.832     2     3     2             4     2.0
  KGW008  琴南          34.164  133.924     3     2     2             4     1.7
  SMN004  木次          35.288  132.900     3     4     1             4     1.5
  HRS001  高野          35.034  132.902     3     3     2             4     1.7
  HYGH10  加古川        34.816  134.808     4     3     1             4     1.8
  KGS022  内之浦        31.280  131.050     3     4     2             4     1.6
  SIG007  近江八幡      35.134  136.096     3     3     1             4     2.0
  FKIH05  敦賀          35.639  136.030     3     2     1             4     1.8
  ISK008  羽咋          36.892  136.778     3     4     1             4     1.8
  SMN018  都万          36.193  133.233     3     3     2             4     1.9
  OSKH05  大阪          34.716  135.520     3     3     1             4     2.0
  SMNH05  羽須美        34.870  132.640     3     3     2             4     1.8
  KOC001  東洋          33.528  134.281     3     3     2             4     1.9
  TKS004  由岐          33.775  134.591     3     2     2             4     1.6
  SMN016  掛合          35.196  132.815     3     3     1             3     1.6
  SMN015  広瀬          35.364  133.170     2     3     2             3     1.7
  TKSH04  徳島          33.990  134.534     3     2     3             3     1.9
  KOCH01  北川          33.542  134.120     3     2     2             3     1.7
  OKY014  下津井        34.446  133.788     3     2     3             3     1.7
  WKY001  和歌山        34.229  135.169     3     3     2             3     1.8
  WKYH08  那賀          34.323  135.448     2     3     2             3     1.8
  TKSH03  木屋平        33.878  134.129     3     2     3             3     1.7
  OKY007  高梁          34.781  133.612     3     2     1             3     1.6
  OKYH08  哲多          34.910  133.405     3     2     2             3     1.4
  TTRH02  日野          35.231  133.391     3     3     2             3     1.6
  OKYH14  北房          34.936  133.620     3     2     1             3     1.5
  KGSH12  内之浦        31.258  131.088     2     3     2             3     1.5
  SMN020  下宇部尾      35.535  133.165     2     3     1             3     1.6
  SMNH13  江津          35.009  132.307     3     2     2             3     1.6
  OSK002  高槻          34.857  135.596     3     3     1             3     1.9
  OKY006  津山          35.068  134.005     2     2     1             3     1.5
  TYM002  氷見          36.866  136.975     3     3     1             3     1.8
  OKY004  新見          34.958  133.502     3     2     1             3     1.4
  HRS021  西城          34.953  133.117     3     2     1             3     1.5
  WKY008  田辺          33.729  135.377     3     3     2             3     1.8
  TYMH03  富山          36.729  137.263     3     2     1             3     1.5
  HRS002  東城          34.895  133.275     3     2     2             3     1.6
  TTR007  江府          35.283  133.488     2     2     1             3     1.3
  HYG002  香住          35.641  134.628     3     3     2             3     1.7
  HYG027  南淡          34.250  134.729     3     2     2             3     1.8
  FKI003  福井          36.044  136.228     3     2     1             3     1.8
  KYT001  丹後          35.741  135.102     2     2     1             3     1.6
  WKY002  那賀          34.276  135.430     3     2     1             3     1.9
  AIC012  安城          34.912  137.045     3     2     1             3     1.8
  OKYH05  建部          34.868  133.853     3     2     1             3     1.4
  AIC011  知多          34.996  136.864     2     3     1             3     1.7
  ISK014  加賀          36.303  136.315     3     2     1             3     1.8
  TKY025  篠崎          35.714  139.897     3     1     1             3     1.2
  KYT004  宮津          35.535  135.196     3     2     1             3     1.4
  CHB029  行徳          35.695  139.918     3     1     1             3     1.2
  OKYH06  美星          34.676  133.528     3     2     1             3     1.5
  KYT002  久美浜        35.604  134.894     3     2     1             3     1.6
  TKS005  上勝          33.879  134.389     2     3     3             3     1.6
  SMNH15  鹿島          35.523  133.023     3     3     1             3     1.7
  TKS011  東祖谷山      33.875  133.922     3     2     2             3     1.8
  KGWH05  内海          34.457  134.324     2     2     1             3     1.6
  KGW002  内海          34.473  134.314     3     2     1             3     1.6
  AIC004  名古屋        35.063  136.974     2     3     1             3     1.8
  SMNH01  伯太          35.296  133.260     2     2     1             3     1.2
  SMNH12  吉田          35.163  132.856     2     2     2             3     1.5
  TKS008  木屋平        33.934  134.212     3     2     2             3     1.6
  TTRH06  河原          35.395  134.199     2     2     1             3     1.4
  NAR003  大和高田      34.517  135.719     3     2     1             3     1.7
  FKI010  高浜          35.490  135.551     3     2     1             3     1.5
  OKYH09  湯原          35.181  133.677     2     2     1             3     1.3
  OKYH03  岡山          34.778  133.789     2     2     2             3     1.5
  SIG008  永源寺        35.070  136.295     3     2     1             3     1.8
  HYG004  村岡          35.458  134.575     3     2     1             3     1.6
  WKYH09  和歌山        34.287  135.071     2     3     2             3     1.7
  WKY006  御坊          33.891  135.152     3     2     1             3     1.5
  OKYH11  勝央          35.073  134.116     3     2     2             3     1.4
  OKY003  西粟倉        35.174  134.339     2     2     1             3     1.4
  OKY015  上斎原        35.279  133.926     3     2     1             3     1.3
  OKY008  建部          34.870  133.904     2     2     2             3     1.4
  KYTH02  伊根          35.710  135.250     2     3     1             3     1.6
  OKY010  備前          34.745  134.188     2     2     1             3     1.4
  FKI008  三方          35.548  135.908     3     1     1             3     1.6
  SZO016  焼津          34.857  138.311     3     2     1             3     1.8
  NARH01  十津川西      33.967  135.649     3     1     1             3     1.6
  OKYH02  瀬戸          34.750  134.070     2     2     1             3     1.5
  AIC015  豊橋          34.755  137.405     3     2     1             3     1.7
  MIE004  亀山          34.857  136.449     3     2     1             3     1.7
  IBRH07  江戸崎        35.952  140.330     3     1     0             3     1.7
  SITH04  所沢          35.803  139.535     3     1     1             3     1.2
  AICH09  豊橋          34.664  137.390     2     2     1             3     1.7
  OKY001  湯原          35.194  133.731     2     2     2             3     1.2
  OKYH12  大原          35.100  134.319     2     2     1             3     1.6
  HYG018  姫路          34.814  134.687     2     2     1             3     1.5
  SMNH02  仁多          35.224  133.086     2     2     2             3     1.4
  OKY009  吉井          34.918  134.092     2     1     2             3     1.4
  KGWH03  三木          34.270  134.148     2     1     2             3     1.6
  HYG025  洲本          34.340  134.901     2     2     1             3     1.7
  KYTH08  京都          35.009  135.730     2     2     1             3     1.5
  OKY002  加茂          35.179  134.050     2     2     1             2     1.5
  AICH13  清洲          35.218  136.851     2     2     2             2     1.5
  MIEH10  芸濃          34.822  136.424     2     2     1             2     1.6
  TYM005  新湊          36.782  137.080     2     2     1             2     1.5
  SIG002  今津          35.422  136.024     2     1     1             2     1.4
  ISK011  小松          36.397  136.443     2     2     1             2     1.6
  HYGH02  南光          35.067  134.423     2     1     1             2     1.4
  AIC001  尾西          35.298  136.750     2     2     1             2     1.5
  SMN003  横田          35.179  133.093     2     2     1             2     1.4
  NGN024  飯田          35.523  137.837     2     1     1             2     1.6
  WKY004  清水          34.084  135.431     2     1     1             2     1.5
  TTR005  倉吉          35.429  133.825     2     2     1             2     1.5
  HYG017  龍野          34.859  134.544     2     2     1             2     1.3
  SZOH28  浜松          34.668  137.744     2     2     1             2     1.6
  KYT011  亀岡          35.017  135.564     2     2     1             2     1.6
  ISK002  正院          37.444  137.288     2     2     1             2     1.5
  FKIH04  三方          35.559  135.869     2     2     1             2     1.2
  NAR001  生駒          34.715  135.727     2     1     1             2     1.4
  HYG011  上月          34.985  134.323     2     1     1             2     1.4
  KGW001  土庄          34.545  134.280     2     1     1             2     1.3
  TTR003  用瀬          35.343  134.208     2     2     1             2     1.2
  SIG006  志賀          35.200  135.921     2     2     1             2     1.7
  NGS018  玉之浦        32.634  128.619     2     2     1             2     1.2
  MIE018  椿世          34.870  136.455     2     2     1             2     1.4
  YMN005  甲府          35.655  138.568     2     2     1             2     1.5
  SIG010  大津          34.972  135.897     2     1     1             2     1.5
  SIG005  彦根          35.249  136.242     2     2     1             2     1.5
  MIE001  藤原          35.172  136.494     2     2     1             2     1.4
  SITH01  岩槻          35.929  139.735     2     1     1             2     1.0
  KNG206  平塚ST6       35.097  139.378     2     2     1             2     1.4
  HYGH15  村岡          35.470  134.595     2     2     1             2     1.4
  WKY013  高野          34.216  135.586     2     1     1             2     1.5
  HYG012  山崎          34.996  134.552     2     2     1             2     1.2
  GIFH28  中津川        35.457  137.471     2     2     1             2     1.5
  SMN017  西ノ島        36.093  132.984     2     1     1             2     1.4
  SZOH25  新居          34.691  137.560     2     1     1             2     1.5
  CHBH10  千葉          35.546  140.242     2     2     1             2     0.8
  TTR001  若桜          35.342  134.398     2     1     1             2     1.2
  SZO019  掛川          34.770  137.998     2     2     1             2     1.3
  FKIH06  高浜          35.491  135.484     2     1     1             2     1.1
  HYGH03  波賀          35.219  134.524     1     1     1             2     1.2
  HYGH09  東条          34.908  135.084     2     1     1             2     1.2
  TKY013  砂町          35.660  139.834     2     2     1             2     1.1
  TKY021  猿江          35.688  139.819     2     2     0             2     1.2
  HYG001  浜坂          35.619  134.450     2     1     2             2     1.3
  KGSH11  佐多          31.090  130.699     2     2     1             2     0.9
  ISK009  七塚          36.733  136.702     2     2     1             2     1.4
  SZO010  御殿場        35.313  138.906     2     2     1             2     1.4
  WKYH10  印南          33.825  135.217     2     1     2             2     1.3
  KNG205  平塚ST5       34.941  139.421     2     2     1             2     1.4
  SIT003  久喜          36.072  139.697     2     2     1             2     1.4
  CHB002  松戸          35.787  139.903     2     2     1             2     1.0
  YMN009  六郷          35.496  138.463     2     2     1             2     1.4
  CHBH12  富津          35.344  139.855     2     1     1             2     1.1
  IBR009  古河          36.185  139.704     2     2     1             2     1.2
  SIG012  甲賀          34.904  136.231     2     2     1             2     1.3
  OSK009  河内長野      34.437  135.582     2     1     1             2     1.3
  SIT010  大宮          35.907  139.648     2     1     1             2     1.0
  WKYH07  上富田        33.689  135.440     2     1     1             2     1.4
  GNMH05  伊勢崎        36.314  139.185     1     1     1             2     0.9
  ISKH07  金沢          36.515  136.636     2     1     1             2     1.2
  KYTH01  野田川        35.524  135.124     2     1     1             2     1.0
  TKY020  塩浜          35.666  139.809     2     2     1             2     1.0
  NAR007  大塔          34.221  135.737     1     1     1             2     1.3
  WKY014  木守          33.705  135.640     2     1     1             2     1.4
  HYGH14  出石          35.457  134.862     2     1     1             2     1.0
  SZO025  湖西          34.719  137.531     2     1     1             2     1.3
  HYGH06  相生          34.794  134.479     2     1     1             2     1.2
  HYGH12  新宮          34.931  134.542     2     1     1             2     1.2
  HYG021  神戸          34.690  135.158     2     1     1             2     1.2
  WKY009  新宮          33.721  135.981     1     2     2             2     1.4
  SZO017  浜岡          34.637  138.128     2     1     1             2     1.3
  KYT006  福知山        35.276  135.183     2     1     1             2     0.9
  WKYH01  広川          33.980  135.212     1     1     2             2     1.2
  HYG006  大屋          35.333  134.665     1     1     1             2     1.1
  HYG026  五色          34.415  134.792     2     1     1             2     1.3
  GNM010  館林          36.234  139.533     2     1     0             2     1.1
  NGNH24  松川          35.615  137.880     2     1     1             2     1.1
  ISK010  金沢          36.542  136.643     2     2     1             2     1.3
  NGNH28  戸隠          36.708  138.096     2     1     1             2     1.0
  HYGH11  山東          35.292  134.907     2     1     1             2     0.9
  NGNH21  伊那          35.831  137.924     2     1     1             2     1.1
  IBRH10  石下          36.111  139.989     1     1     0             2     1.1
  SZO018  榛原          34.740  138.224     1     2     1             2     1.2
  NAR004  榛原          34.528  135.951     1     1     1             2     1.1
  MIEH08  松阪          34.542  136.503     2     1     1             2     1.1
  HYGH07  夢前          35.032  134.670     1     1     1             2     0.8
  ISKH06  志賀          37.053  136.821     1     1     1             2     1.2
  MIE005  上野          34.768  136.115     1     1     1             2     1.1
  SZO024  浜松          34.710  137.720     1     1     1             2     1.2
  NGN010  小諸          36.328  138.436     2     1     1             2     1.0
  TCGH16  芳賀          36.548  140.075     1     1     1             2     1.1
  TKY016  東雲          35.648  139.799     1     1     0             2     1.0
  NGNH37  御代田        36.331  138.497     1     1     0             2     1.2
  MIEH04  度会          34.353  136.587     1     1     1             2     1.1
  SZO012  蒲原          35.127  138.621     1     1     1             1     1.1
  WKY011  太地          33.595  135.946     1     1     1             1     1.1
  AICH12  幡豆          34.788  137.106     1     1     1             1     0.9
  KYTH03  福知山        35.313  135.133     1     1     1             1     0.8
  HYGH08  加美          35.101  134.904     1     1     1             1     0.8
  FKIH07  小浜          35.457  135.727     1     1     1             1     0.7
  NGN020  伊那          35.828  137.953     1     1     1             1     1.1
  CHBH11  養老          35.287  140.153     1     1     0             1     0.5
  NARH03  川上          34.292  136.002     1     1     1             1     1.0
  IBR011  つくば        36.125  140.090     1     1     0             1     1.1
  KNGH10  横浜          35.499  139.519     1     1     1             1     0.8
  SZOH42  修善寺        34.976  138.913     1     1     0             1     1.0
  HYGH04  篠山          35.071  135.281     1     1     1             1     1.0
  YMNH12  増穂          35.562  138.449     1     1     1             1     0.9
  NGNH27  信州新        36.577  138.048     1     1     1             1     1.0
  CHBH19  蓮沼          35.594  140.511     1     1     0             1     0.6
  KYTH04  美山          35.269  135.551     1     1     1             1     0.6
  GIFH03  根尾          35.633  136.613     1     1     1             1     0.9
  MIEH01  四日市        34.985  136.456     1     1     1             1     1.0
  MIEH09  紀宝          33.764  135.997     1     1     1             1     1.0
  IBR017  江戸崎        35.954  140.319     1     1     0             1     0.7
  TKY017  辰巳          35.647  139.809     1     1     0             1     0.9
  GIFH18  馬瀬          35.899  137.149     1     1     0             1     0.6
  GIFH15  高山          36.134  137.221     1     1     0             1     0.5
  MIEH03  嬉野          34.547  136.369     1     1     1             1     1.0
  FKI004  大野          35.979  136.487     1     1     1             1     1.1
  NGNH16  茅野          35.947  138.185     1     1     1             1     0.8
  AICH19  作手          34.951  137.411     1     1     1             1     0.7
  GIFH21  美並          35.666  136.962     1     1     0             1     0.7
  NGNH31  塩尻          36.118  137.939     1     1     0             1     0.6
  GIFH07  春日          35.418  136.435     1     1     0             1    <0.5
  TYMH06  八尾          36.571  137.160     1     1     1             1     0.8
  TCGH12  氏家          36.696  139.984     1     1     1             1     0.8
  NARH06  山添          34.641  136.051     1     1     1             1     0.7
  MIEH02  大山田        34.766  136.284     1     1     1             1     0.7
  NIGH11  川西          37.173  138.744     1     1     0             1    <0.5
  SZOH53  掛川3         34.877  138.017     1     1     1             1     0.9
  NGNH03  阿智2         35.479  137.735     1     1     1             1     0.5
  GIFH11  八百津        35.486  137.246     1     0     0             1    <0.5
  IBRH17  霞ヶ浦        36.086  140.314     1     1     0             1     0.7
  SIGH03  信楽          34.853  136.032     1     1     1             1     0.7
  MIEH07  志摩          34.254  136.822     1     1     1             1     0.9
  FKIH02  織田          35.948  136.056     1     1     1             1     0.6
  GIFH08  大和          35.832  136.962     1     1     1             1     0.8
  MIEH05  尾鷲          34.064  136.169     1     1     1             1     0.7
  GIFH06  高富          35.504  136.794     1     0     0             1    <0.5
  TCGH10  大田原        36.858  140.023     1     1     0             1     0.7
  ISKH09  尾口          36.267  136.717     1     1     0             1     0.5
  SZOH31  川根          34.940  138.077     1     1     1             1     0.8
  SZOH36  藤枝          34.914  138.201     1     1     0             1     0.8
  MIEH06  宮川          34.358  136.329     1     1     1             1     0.8
  SZOH34  清水北        35.130  138.424     1     1     0             1     0.8
  AICH16  設楽          35.154  137.535     1     1     1             1    <0.5
  GIFH26  各務原        35.412  136.876     1     0     0             1    <0.5
  GIFH19  朝日南        36.022  137.391     1     1     0             1     0.5
  TYMH04  魚津          36.791  137.469     1     1     0             1     0.7
  AICH17  豊根          35.184  137.727     1     0     0             1     0.6
  GIFH25  谷汲          35.521  136.613     1     0     1             1    <0.5
  SZOH37  芝川          35.203  138.566     1     1     1             1     0.6
  GIFH12  坂内          35.603  136.413     1     0     1             1     0.5
  AICH11  春日井        35.306  137.057     1     1     0             1    <0.5
  ISKH08  津幡          36.738  136.791     1     1     0             1     0.5
  FKIH01  永平寺        36.096  136.362     1     0     0             1    <0.5
  GIFH23  板取          35.724  136.785     1     0     0             1    <0.5
  NGNH23  南木曽        35.606  137.611     1     0     1             1    <0.5
  GIFH24  東白川        35.640  137.319     1     1     1             1    <0.5
  NGNH33  生坂          36.460  137.964     1     1     0             1     0.5
  NIGH05  聖籠          37.976  139.279     1     1     0             1    <0.5
  YMNH13  身延          35.351  138.420     1     1     1             1    <0.5
  AICH15  足助          35.139  137.336     1     0     1             1     0.5
  NGNH18  開田          35.932  137.595     1     1     1             1    <0.5
  AICH22  豊橋北        34.785  137.439     1     1     1             1    <0.5
  AICH20  新城          34.898  137.488     1     0     1             1    <0.5
  KNGH20  松田          35.366  139.126     1     1     1             1    <0.5
  KNGH23  葉山          35.262  139.611     1     1     0             1    <0.5
  GIFH16  朝日北        36.094  137.344     1     1     0             1    <0.5
  GIFH27  美濃加茂      35.453  137.004     1     0     0             1    <0.5
  SZOH54  初島2         35.042  139.168     1     0     0             1    <0.5
  NGNH54  飯田          35.449  138.006     1     0     0             1    <0.5
  YMNH16  甲府2         35.742  138.565     1     1     0             1    <0.5
  TYMH07  利賀          36.441  137.039     1     0     0             1    <0.5
  YMNH15  上九一色      35.532  138.605     1     0     0             1    <0.5
  ISKH01  珠洲          37.527  137.284     1     1     0             1    <0.5
  ISKH03  内浦          37.346  137.244     0     1     0             1    <0.5
  NIGH17  妙高高原      36.857  138.097     1     1     0             1    <0.5
  YMNH10  早川北        35.535  138.309     1     0     0             1    <0.5
  YMNH11  大月          35.625  138.978     1     0     1             1    <0.5
  NGNH25  南信濃        35.299  137.927     1     0     1             1    <0.5
  SITH08  小鹿野        36.027  138.969     1     0     0             1    <0.5
  SZOH24  引佐          34.834  137.662     1     0     1             1    <0.5
  NGNH30  奈川          36.064  137.685     1     0     0             1    <0.5
  NGNH34  大町中        36.533  137.820     1     1     0             1    <0.5
  GIFH14  上宝          36.249  137.517     0     1     0             1    <0.5
  AICH18  岡崎          34.964  137.238     0     0     0             1    <0.5
  SZOH30  水窪北        35.223  137.918     1     0     1             1    <0.5
  KNGH18  藤野          35.644  139.128     1     0     0             1    <0.5
  ISKH05  穴水          37.222  136.969     0     1     0             1    <0.5
  NGNH07  中野          36.743  138.376     0     1     0             1    <0.5
  SZOH32  龍山東        35.009  137.841     1     0     0             1    <0.5
  NGNH19  川上          35.974  138.584     1     0     0             1    <0.5
  FKSH11  矢吹          37.201  140.339     0     1     0             1    <0.5
  GIFH10  神岡          36.378  137.372     0     0     0             1    <0.5
  GNMH09  高山          36.621  138.907     0     0     0             1    <0.5
  YMNH08  西野原        35.690  138.734     1     0     0             1    <0.5
  GNMH12  神流          36.144  138.913     1     0     0             1    <0.5
  NIGH03  荒川          38.133  139.429     1     1     0             1    <0.5
  NIGH02  朝日          38.280  139.549     0     0     0             1    <0.5
  SZOH35  伊東中        34.947  139.085     0     1     0             1    <0.5
  YMNH14  都留南        35.511  138.968     1     0     0             1    <0.5
  SITH07  名栗          35.912  139.149     1     0     0             1    <0.5
  KNGH21  清川          35.463  139.215     1     0     0             1    <0.5
  SITH11  飯能          35.864  139.273     0     0     0             1    <0.5
  SZOH39  西伊豆西      34.799  138.772     0     0     0             1    <0.5
  SZOH38  函南          35.085  138.978     0     0     0             1    <0.5
  CHBH15  館山西        34.959  139.788     0     0     0             1    <0.5
  TKYH12  八王子        35.670  139.265     0     0     0             0    <0.5
  MYGH07  川崎          38.180  140.641     0     0     0             0    <0.5
  GNMH14  みどり        36.493  139.322     0     0     0             0    <0.5
  KNGH19  山北中        35.417  139.044     0     0     0             0    <0.5
  IBRH18  ひたちなか    36.363  140.620     0     0     0             0    <0.5
  IBRH11  岩瀬          36.370  140.140     0     0     0             0    <0.5
  FKSH14  いわき東      37.026  140.970     0     0     0             0    <0.5
  NIGH04  関川          38.131  139.543     0     0     0             0    <0.5
  CHBH20  鴨川南        35.088  140.100     0     0     0             0    <0.5
  FKSH03  高郷          37.608  139.753     0     0     0             0    <0.5
  NIGH08  津川          37.671  139.465     0     0     0             0    <0.5
  YMTH02  山形          38.269  140.258     0     0     0             0    <0.5
  IBRH19  つくば        36.214  140.089     0     0     0             0    <0.5
  IBRH15  御前山        36.557  140.301     0     0     0             0    <0.5
  TCGH11  今市          36.708  139.769     0     0     0             0    <0.5
  TCGH09  矢板          36.862  139.836     0     0     0             0    <0.5
  TCGH14  粟野          36.551  139.615     0     0     0             0    <0.5
  IBRH16  山方          36.641  140.398     0     0     0             0    <0.5
  IWTH24  金ヶ崎        39.198  141.012     0     0     0             0    <0.5
  YMTH07  米沢          37.896  140.028     0     0     0             0    <0.5
  IBRH12  大子          36.837  140.318     0     0     0             0    <0.5
  FKSH20  浪江          37.491  140.987     0     0     0             0    <0.5
  GNMH13  水上2         36.862  139.063     0     0     0             0    <0.5
  IBRH13  高萩          36.795  140.575     0     0     0             0    <0.5
  YMTH15  西川東        38.426  140.125     0     0     0             0    <0.5
  MYGH10  山元          37.941  140.892     0     0     0             0    <0.5