最大加速度リスト

地震発生時刻   2020/07/09-06:05:00.00
震央北緯       36.1°
震央東経       139.9°
震源深さ       50.0km
マグニチュード M4.7

  コード  観測点名      緯度    経度     最大加速度 (ガル) 三成分合成値 計測震度
　　　　　 　　         北緯    東経      N-S   E-W   U-D        (ガル)         
  GNM011  太田          36.291  139.361    43    86    17            88     3.3
  GNM009  桐生          36.411  139.325    53    74    20            87     2.9
  IBR015  岩井          36.069  139.908    65    80    57            86     3.1
  SIT005  小川          36.056  139.263    33    65    15            70     2.4
  SITH06  川本          36.113  139.289    34    55    13            56     2.8
  SIT004  長瀞          36.118  139.105    52    53    10            56     2.6
  IBR009  古河          36.185  139.704    46    38    15            53     2.9
  IBRH11  岩瀬          36.370  140.140    38    53    15            53     3.0
  IBRH10  石下          36.111  139.989    49    34    25            52     2.8
  SIT011  川口          35.810  139.721    31    48    12            52     2.8
  SIT007  東松山        36.054  139.391    39    45    25            51     2.9
  IBR014  土浦          36.073  140.195    48    36    18            50     2.6
  SIT002  熊谷          36.148  139.388    41    43    17            49     3.0
  CHB028  市川北        35.766  139.966    16    27    49            49     2.5
  CHB001  野田          35.959  139.873    35    45    49            49     2.8
  TCG011  葛生          36.387  139.614    38    44    30            49     3.1
  SITH05  神泉          36.151  139.050    39    46     8            47     2.6
  TCG014  茂木          36.545  140.174    39    44    13            46     3.1
  IBR013  鉾田          36.159  140.489    32    25    44            46     2.6
  SIT008  春日部        35.983  139.746    43    43    16            45     3.3
  TCG009  今市          36.726  139.715    44    41    16            44     3.2
  IBR008  下館          36.306  139.983    29    43    17            43     2.6
  TCGH14  粟野          36.551  139.615    38    31    12            43     2.3
  GNMH12  神流          36.144  138.913    24    38    21            43     2.8
  TCG008  鹿沼          36.560  139.768    37    28    21            42     3.3
  TCGH11  今市          36.708  139.769    34    36    11            42     2.7
  IBR005  笠間          36.385  140.237    38    30    27            41     2.9
  SIT006  秩父          35.995  139.071    26    39     6            41     2.2
  TCG012  小山          36.286  139.805    29    30    24            39     2.7
  CHB007  佐倉          35.723  140.227    32    25    21            36     2.4
  IBR006  水戸          36.367  140.454    22    30    13            35     2.3
  IBRH15  御前山        36.557  140.301    27    35    11            35     2.3
  CHB003  白井          35.794  140.056    33    16    21            34     2.4
  IBR010  下妻          36.184  139.965    29    19    18            34     2.8
  CHB002  松戸          35.787  139.903    30    27    26            33     2.4
  SITH11  飯能          35.864  139.273    30    32    17            33     2.6
  TCG005  矢板          36.806  139.926    18    30     4            30     2.5
  TCGH12  氏家          36.696  139.984    27    23    10            30     2.5
  IBR016  取手          35.911  140.049    22    24    23            29     2.4
  GNM003  沼田          36.658  139.078    24    28    10            29     2.1
  IBR011  つくば        36.125  140.090    28    17    23            29     2.5
  TCG007  宇都宮        36.569  139.886    19    28    10            28     2.3
  GNMH14  みどり        36.493  139.322    20    19     7            28     1.6
  IBR017  江戸崎        35.954  140.319    22    24    14            28     2.2
  SIT003  久喜          36.072  139.697    19    20    27            28     2.8
  TCG003  藤原          36.814  139.715    26    15     7            26     2.3
  KNGH10  横浜          35.499  139.519    19    26    11            26     3.1
  IBRH17  霞ヶ浦        36.086  140.314    25    23    19            25     2.3
  GNM001  片品          36.772  139.225    23    16    16            25     2.0
  IBR012  石岡          36.195  140.271    20    21    16            24     2.3
  IBR004  大宮          36.552  140.410    24    19     7            24     2.2
  SITH07  名栗          35.912  139.149    18    20     6            23     2.0
  TCGH16  芳賀          36.548  140.075    19    20    10            23     2.6
  TKY007  新宿          35.711  139.686    15    17    10            22     2.1
  TCG010  足尾          36.635  139.438    18    12    16            20     2.0
  TCG013  真岡          36.437  140.023    19    17     9            19     2.3
  SIT009  川越          35.903  139.483    18    15     9            19     2.2
  GNM016  万場          36.116  138.925    17    16     4            18     2.2
  IBRH19  つくば        36.214  140.089    15    11    11            18     1.7
  CHBH04  下総          35.797  140.021    10     8    17            17     1.7
  SIT010  大宮          35.907  139.648    11    16    15            17     2.4
  TCG015  芹沼          36.749  139.714    15    14    10            17     2.2
  GNM012  伊勢崎        36.315  139.192    13    13     9            16     1.9
  TCGH09  矢板          36.862  139.836    10    13     7            15     1.9
  GNM006  吾妻          36.510  138.752    14     8     8            15     1.9
  IBRH06  北茨城2       36.881  140.655    14    12     3            15     1.7
  TKY021  猿江          35.688  139.819    14    15     6            15     2.2
  TCGH06  真岡          36.446  139.951    14    12     5            15     1.8
  CHBH13  成田          35.831  140.298    14    11     9            15     1.9
  CHB006  成田          35.780  140.307    13    13     7            14     1.9
  IBR001  大子          36.776  140.357    12    12     7            14     2.0
  IBR003  日立          36.592  140.645    12    12     6            14     1.5
  TCG016  北高岡        36.529  140.156     9    11     9            13     1.7
  IBRH18  ひたちなか    36.363  140.620    11    12     9            13     1.9
  KNG206  平塚ST6       35.097  139.378     7    13     2            13     2.2
  FKSH12  平田          37.217  140.570    12     7     4            12     1.8
  IBRH07  江戸崎        35.952  140.330     9     5    11            12     1.8
  CHB029  行徳          35.695  139.918    10    12     5            12     2.3
  TKY001  氷川          35.803  139.096    12     7     6            12     1.3
  TKY003  青梅          35.797  139.291    10    11     4            12     2.2
  SIT001  本庄          36.243  139.194    11     7     6            11     1.9
  GNMH07  利根          36.700  139.210    11    10     5            11     1.3
  TKY026  宇喜田        35.670  139.863     9     8     9            11     1.8
  TKYH13  檜原南        35.702  139.127     8    11     4            11     1.4
  TKY025  篠崎          35.714  139.897    11    10     7            11     1.9
  FKS027  滝原          37.070  139.681     5    11     2            11     0.9
  KNG001  川崎          35.529  139.706    10     6    11            11     2.0
  TKY015  東白鬚        35.731  139.812     9     9     8            11     1.8
  IBRH16  山方          36.641  140.398     9    10     4            11     1.8
  TKY027  瑞江          35.693  139.891     9    10     9            11     1.9
  TKY014  亀戸          35.689  139.835     7    10     6            11     1.8
  TKY022  横網          35.687  139.796     8    11     4            11     2.0
  SITH08  小鹿野        36.027  138.969    10     9     3            11     1.7
  TKY013  砂町          35.660  139.834     9    10    11            11     1.9
  GNM002  水上          36.782  138.970     9    10     4            11     1.4
  TKY017  辰巳          35.647  139.809     6    10     6            11     1.9
  FKSH10  西郷          37.162  140.093    10     9    10            11     1.7
  IBRH12  大子          36.837  140.318     8    10     5            11     1.8
  IBRH13  高萩          36.795  140.575    10     7     4            11     1.7
  CHB004  佐原          35.901  140.490     7     9     6            11     1.4
  TKY023  八広          35.725  139.825     9     9     6            10     1.8
  KNG008  相模原        35.575  139.327     8     9     5            10     1.7
  TCGH10  大田原        36.858  140.023     8     7     4            10     1.4
  TCG004  湯元          36.806  139.420     7     9     6            10     1.7
  TKY024  奥戸          35.740  139.862     6     7     6             9     1.7
  KNG205  平塚ST5       34.941  139.421     9     9     1             9     1.8
  KNG203  平塚ST3       34.798  139.643     5     9     1             9     1.4
  TCG006  小川          36.764  140.130     9     7     4             9     1.8
  KNG202  平塚ST2       34.740  139.839     5     8     3             9     1.5
  TKY005  町田          35.580  139.414     8     7     3             9     1.8
  CHB008  浦安          35.654  139.902     7     9     4             9     1.7
  TKY028  越中島        35.669  139.789     6     8     6             9     2.0
  TKY006  小金井        35.699  139.503     8     6     5             8     1.8
  TKY018  八枝          35.655  139.811     8     6     7             8     1.9
  FKS016  白河          37.123  140.191     6     7     2             8     1.4
  TCGH08  栗山東        36.883  139.646     6     6     3             8     1.3
  TKYH12  八王子        35.670  139.265     7     6     4             8     1.7
  FKS014  矢祭          36.886  140.417     6     6     2             8     1.1
  CHB022  富津          35.308  139.860     6     7     3             8     1.6
  SZO001  熱海          35.142  139.079     4     8     2             8     0.7
  IBR007  那珂湊        36.352  140.595     7     8     3             8     1.6
  KNG002  横浜          35.437  139.634     6     7     5             8     2.0
  IBR018  鹿嶋          35.977  140.632     6     8     4             8     1.4
  TKY002  桧原          35.730  139.145     7     7     3             8     1.0
  TKY004  八王子        35.628  139.403     7     7     5             8     1.7
  KNG201  平塚ST1       34.596  139.918     3     7     1             7     1.5
  YMNH11  大月          35.625  138.978     7     7     2             7     1.9
  KNG204  平塚ST4       34.893  139.571     4     7     1             7     1.2
  GNMH11  富岡          36.286  138.921     5     7     3             7     1.1
  CHBH06  匝瑳          35.721  140.505     6     6     3             7     1.6
  YMN001  丹波山        35.789  138.920     6     5     2             7     0.8
  CHB015  木更津        35.374  139.916     5     5     6             7     1.7
  FKS029  桧枝岐        37.016  139.380     7     5     1             7     0.8
  YMN004  塩山          35.702  138.727     4     6     4             7     1.3
  KNG006  二俣川        35.454  139.539     6     5     2             7     1.6
  SZO003  東伊豆        34.816  139.055     6     4     2             6     1.3
  CHB024  稲毛          35.633  140.078     5     5     3             6     1.5
  KNGH18  藤野          35.644  139.128     4     6     1             6     1.4
  FKS013  古殿          37.090  140.556     5     4     2             6     1.3
  SIT013  所沢          35.797  139.466     5     6     4             6     1.6
  CHB009  千葉          35.608  140.102     5     5     5             6     1.5
  SITH04  所沢          35.803  139.535     4     4     3             6     1.2
  CHB012  東金          35.573  140.333     5     4     4             6     1.5
  GNM015  下仁田        36.229  138.758     5     4     2             6     0.8
  NGN014  小海          36.096  138.484     6     3     1             6     1.1
  SIT014  中津川        35.995  138.801     5     5     2             6     1.0
  KNG009  厚木          35.442  139.362     5     5     3             6     1.7
  KNG004  三崎          35.144  139.622     3     5     2             6     1.5
  CHBH10  千葉          35.546  140.242     4     6     3             6     1.1
  CHB011  蓮沼          35.588  140.497     4     5     1             6     1.2
  GNM014  坂本          36.347  138.721     5     5     3             5     1.2
  IBRH14  十王          36.692  140.548     5     4     3             5    <0.5
  FKSH05  下郷          37.254  139.873     5     3     1             5     1.3
  SIT012  飯能          35.840  139.321     5     4     2             5     0.9
  FKS006  葛尾          37.503  140.759     4     5     2             5     1.2
  KNGH11  厚木          35.404  139.354     5     5     2             5     1.9
  CHB010  八日市場      35.708  140.568     5     3     2             5     1.0
  TKY016  東雲          35.648  139.799     3     4     4             5     1.4
  GNM008  前橋          36.348  139.137     4     4     3             5     1.3
  YMN002  大月          35.613  138.947     4     5     2             5     1.3
  YMNH14  都留南        35.511  138.968     3     5     2             5     0.7
  FKS024  中野          37.396  140.132     3     5     2             5     1.4
  TCGH17  藤原2         36.985  139.692     2     5     3             5     0.8
  FKSH08  長沼          37.282  140.214     5     4     1             5     0.9
  TKY008  岡田          34.785  139.391     4     3     4             5     1.0
  GNM007  渋川          36.464  139.009     4     4     2             5     1.1
  TKY020  塩浜          35.666  139.809     3     4     5             5     1.3
  KNG010  平塚          35.334  139.345     4     3     2             5     1.5
  FKS008  船引          37.436  140.567     3     4     1             4     1.0
  FKSH18  三春          37.489  140.538     4     4     2             4     1.1
  YMNH08  西野原        35.690  138.734     4     4     1             4     1.0
  SZO011  富士宮        35.213  138.602     2     4     1             4     0.9
  IBR002  高萩          36.706  140.707     3     3     2             4     1.0
  NGNH17  佐久          36.142  138.550     3     3     1             4     0.5
  KNG014  山北          35.361  139.083     3     3     2             4     1.1
  FKS017  須賀川        37.284  140.369     3     4     2             4     1.3
  NIGH19  湯沢          36.811  138.785     3     3     2             4     0.7
  FKS009  小野          37.278  140.635     3     3     1             4     0.6
  IBRH20  波崎2         35.828  140.732     2     2     1             3     0.7
  CHB017  市場          35.299  140.076     3     3     3             3     1.3
  KNG013  小田原        35.264  139.152     2     2     3             3     1.1
  SZO002  伊東          34.965  139.103     3     3     2             3     1.0
  FKSH14  いわき東      37.026  140.970     3     3     2             3     1.0
  FKSH09  郡山          37.353  140.426     3     3     1             3    <0.5
  KNGH20  松田          35.366  139.126     2     3     3             3     0.9
  TCG001  黒磯          36.942  140.083     3     3     2             3     0.6
  KNG012  秦野          35.379  139.205     3     2     1             3     0.7
  GNMH09  高山          36.621  138.907     3     2     1             3     0.5
  CHB013  茂原          35.433  140.291     3     3     2             3     1.1
  TCG002  塩原          36.990  139.803     2     3     2             3     0.8
  FKSH19  都路          37.470  140.723     3     3     1             3     0.7
  CHB019  鋸南          35.111  139.835     3     3     1             3     1.2
  FKS019  二本松        37.603  140.437     2     2     1             3     0.6
  KNG003  横須賀        35.273  139.658     2     3     1             3     0.6
  SZOH34  清水北        35.130  138.424     2     2     1             3     0.6
  CHBH19  蓮沼          35.594  140.511     2     3     1             3     0.9
  NIG022  塩沢          37.036  138.846     3     2     1             3     0.5
  YMN003  富士吉田      35.465  138.813     2     3     2             3     0.6
  CHB021  白浜          34.908  139.898     3     2     1             3     0.5
  SZOH42  修善寺        34.976  138.913     2     2     1             3     0.9
  GNMH08  嬬恋          36.492  138.524     3     2     1             3     0.6
  CHB026  長南          35.387  140.237     2     3     2             3     0.8
  FKS023  会津若松      37.477  139.929     2     2     1             3     0.9
  GNM004  草津          36.617  138.592     2     2     1             3     0.5
  FKS012  勿来          36.907  140.793     2     2     1             3     0.7
  TKY009  波浮港        34.687  139.441     2     2     1             3    <0.5
  FKS011  いわき        37.091  140.904     2     2     1             3     0.5
  FKSH17  川俣          37.664  140.597     2     2     1             3     0.7
  YMN009  六郷          35.496  138.463     2     2     1             3     0.9
  KNG005  鎌倉          35.319  139.546     2     2     1             3     0.5
  KNGH21  清川          35.463  139.215     2     2     2             3     0.5
  KNG007  藤沢          35.338  139.493     2     2     2             2     0.8
  KNGH19  山北中        35.417  139.044     2     2     1             2    <0.5
  FKSH20  浪江          37.491  140.987     2     2     1             2     0.9
  CHBH16  鴨川          35.138  139.965     2     2     1             2     0.8
  FKS010  広野          37.234  141.002     2     2     1             2     0.6
  FKS025  下郷          37.308  139.900     2     2     1             2    <0.5
  KNG011  藤野          35.615  139.155     2     2     1             2     0.7
  NGN016  富士見        35.913  138.223     2     2     1             2     0.8
  SZOH39  西伊豆西      34.799  138.772     2     2     1             2    <0.5
  SZO028  川奈          34.952  139.138     1     2     1             2    <0.5
  MYG015  岩沼          38.105  140.870     1     2     1             2     0.8
  YMN010  須玉          35.792  138.410     2     2     1             2     0.5
  SZOH35  伊東中        34.947  139.085     2     2     1             2     0.8
  NIGH15  六日          37.053  138.995     2     1     1             2    <0.5
  GNM005  嬬恋          36.513  138.518     2     2     1             2    <0.5
  CHB018  勝浦          35.158  140.322     2     1     1             2    <0.5
  FKS001  相馬          37.795  140.920     2     1     1             2     0.6
  YMNH15  上九一色      35.532  138.605     1     2     1             2    <0.5
  TKY010  新島          34.378  139.257     2     1     1             2    <0.5
  YMNH16  甲府2         35.742  138.565     1     1     1             2    <0.5
  CHBH11  養老          35.287  140.153     2     1     1             2     0.5
  CHB016  岬            35.300  140.387     1     1     1             2     0.7
  NGNH03  阿智2         35.479  137.735     1     2     0             2    <0.5
  NIG019  小千谷        37.304  138.812     2     1     1             2    <0.5
  FKS026  南郷          37.266  139.539     1     1     1             2    <0.5
  YMNH10  早川北        35.535  138.309     1     1     0             2    <0.5
  CHB020  鴨川          35.115  140.102     1     2     1             2     0.8
  YMNH12  増穂          35.562  138.449     1     1     1             2    <0.5
  SZO005  松崎          34.755  138.784     1     1     0             2    <0.5
  KNGH23  葉山          35.262  139.611     1     1     1             1    <0.5
  SZOH54  初島2         35.042  139.168     1     1     1             1    <0.5
  SZOH38  函南          35.085  138.978     1     1     1             1    <0.5
  NIGH11  川西          37.173  138.744     1     1     1             1    <0.5
  MYGH07  川崎          38.180  140.641     1     1     0             1    <0.5
  CHBH17  勝浦東        35.171  140.340     1     1     1             1    <0.5
  MYGH10  山元          37.941  140.892     1     1     0             1    <0.5
  NGNH24  松川          35.615  137.880     1     1     1             1    <0.5
  NGNH23  南木曽        35.606  137.611     1     1     0             1    <0.5
  NGNH54  飯田          35.449  138.006     1     0     0             1    <0.5
  NGNH15  辰野          36.009  137.930     0     0     0             0    <0.5
  MYGH08  岩沼          38.113  140.844     0     0     0             0    <0.5
  CHBH20  鴨川南        35.088  140.100     0     0     0             0    <0.5