最大加速度リスト

地震発生時刻   2019/05/11-08:59:00.00
震央北緯       32.7°
震央東経       132.3°
震源深さ       36.0km
マグニチュード M5.0

  コード  観測点名      緯度    経度     最大加速度 (ガル) 三成分合成値 計測震度
　　　　　 　　         北緯    東経      N-S   E-W   U-D        (ガル)         
  KOC015  宿毛          32.937  132.725    44   118    44           122     3.9
  EHM014  西海          32.945  132.505    68    60    20            79     3.4
  MYZ002  北川          32.698  131.683    54    46    12            63     3.5
  MYZ003  延岡          32.566  131.660    19    40    16            41     3.1
  KOCH08  土佐清水      32.780  132.972    33    15    11            34     2.4
  KMM007  高森          32.827  131.123    18    23     5            28     3.0
  OITH07  三重          32.987  131.588    21    26    16            27     3.1
  OIT016  佐伯          32.975  131.903    22    22     8            26     2.8
  KMMH05  波野          32.955  131.221    23    20    12            24     3.0
  OITH10  佐伯          32.928  131.869    18    17     9            24     2.0
  OIT014  津久見        33.066  131.859    13    19     6            21     2.4
  KOCH04  大月          32.841  132.707    15    14    13            19     2.3
  MYZH02  北川          32.697  131.683    15    14     9            17     2.3
  EHM012  宇和島        33.222  132.573    14    10     4            15     2.0
  OIT011  佐賀関        33.246  131.881    12    12     3            13     2.4
  MYZH16  延岡          32.506  131.696     8    11     7            12     1.8
  MYZ001  高千穂        32.705  131.309     7    12     4            12     2.0
  KOC014  中村          32.989  132.938    10    10     9            12     2.5
  OIT017  宇目          32.858  131.659    10    10     6            11     2.1
  KOC013  佐賀          33.080  133.101     9     8     5            10     2.0
  OIT018  蒲江          32.797  131.925     7     9     6            10     1.5
  OITH08  宇目西        32.839  131.536     6     6     5             9     2.0
  KOC016  土佐清水      32.736  132.975     6     8     5             9     1.5
  MYZ006  都農          32.257  131.561     6     7     3             8     1.7
  MYZH15  日向          32.365  131.589     8     8     3             8     1.6
  OIT010  大分          33.232  131.593     7     7     2             7     2.1
  OITH04  庄内          33.131  131.347     7     6     3             7     1.8
  KMM004  一の宮        32.932  131.121     7     5     3             7     1.8
  OIT013  犬飼          33.073  131.593     7     5     1             7     0.9
  OIT015  竹田          32.972  131.397     7     5     3             7     1.8
  KMM011  砥用          32.617  130.865     6     5     1             7     1.8
  MYZ005  日向          32.429  131.601     5     6     4             6     1.4
  MYZH01  五ヶ瀬        32.654  131.226     5     5     3             6     1.8
  MYZH08  川南          32.213  131.531     5     6     2             6     1.5
  EHM010  肱川          33.451  132.688     4     5     1             6     1.3
  EHMH06  日吉          33.335  132.798     6     5     2             6     1.1
  KOC012  大正          33.197  132.976     6     3     2             6     1.1
  OIT009  湯布院        33.257  131.344     4     5     2             6     1.7
  KMMH14  豊野          32.635  130.752     5     4     2             5     1.7
  FKO015  柳川          33.163  130.405     5     5     1             5     1.7
  MYZ008  西都          32.106  131.393     5     4     2             5     1.2
  EHMH12  宇和          33.427  132.506     4     4     2             5     1.3
  MYZ020  椎葉          32.455  131.147     3     4     1             4     1.4
  KMMH09  泉            32.490  130.905     4     2     1             4     1.4
  KOCH07  須崎          33.392  133.287     3     4     1             4     1.0
  KMMH16  益城          32.797  130.820     4     3     2             4     1.4
  MYZH04  諸塚          32.518  131.335     4     3     2             4     1.1
  EHMH11  大洲          33.581  132.601     2     4     1             4     0.6
  OITH05  野津原        33.153  131.542     4     2     2             4     0.8
  MYZ013  宮崎          31.909  131.419     3     2     2             4     1.5
  KMM006  熊本          32.793  130.777     4     2     1             4     1.1
  KMM009  矢部          32.686  130.989     3     2     3             4     1.0
  OITH02  山香          33.458  131.443     3     2     1             4     0.6
  KMM016  人吉          32.197  130.776     3     2     1             3     1.3
  OIT004  国東          33.567  131.738     3     3     1             3     1.0
  EHM013  三崎          33.392  132.114     2     3     1             3     0.5
  KMMH08  矢部          32.650  131.025     3     2     1             3     1.1
  KGWH02  三野          34.198  133.708     2     3     1             3     1.0
  HRS019  呉            34.253  132.562     3     3     1             3     1.2
  OITH11  九重          33.284  131.212     2     3     1             3     0.8
  OIT012  直入          33.066  131.373     3     2     2             3     1.1
  EHM004  今治          34.062  132.998     3     2     1             3     0.9
  KOCH03  大正          33.268  132.989     2     2     1             3     0.5
  EHM015  長浜          33.609  132.477     2     3     1             3     0.8
  HRSH07  呉            34.288  132.641     3     2     1             3     1.1
  MYZ019  北郷          32.501  131.444     2     2     2             3     0.9
  KMMH06  白水          32.811  131.101     2     2     1             3     1.3
  KMMH03  菊池          32.998  130.830     3     2     2             3     1.2
  KOC010  須崎          33.392  133.290     2     2     1             3    <0.5
  KGS003  大口          32.056  130.587     2     2     1             2     0.8
  KOC007  高知          33.561  133.527     2     2     1             2     1.2
  KMM010  三角          32.614  130.487     1     2     0             2     1.3
  EHM009  広田          33.632  132.796     2     2     1             2     0.5
  FKO014  矢部          33.149  130.818     2     1     1             2     0.5
  YMG013  防府          34.031  131.535     2     1     1             2     0.8
  EHM016  伊予          33.765  132.709     2     2     1             2     0.9
  KOC006  土佐          33.495  133.417     2     2     1             2     0.7
  MYZ011  綾            31.995  131.256     2     2     1             2     0.8
  KMM017  多良木        32.256  130.926     2     2     1             2     1.0
  HRS014  大野          34.287  132.277     2     2     1             2     0.8
  KOCH05  池川          33.647  133.144     2     2     1             2    <0.5
  KMM002  山鹿          33.019  130.685     1     2     1             2     0.9
  OIT003  豊後高田      33.557  131.446     2     2     1             2     0.6
  MYZH10  国富          32.022  131.290     2     2     1             2     0.7
  KOC011  檮原          33.398  132.896     2     2     1             2     0.6
  MYZ004  南郷          32.389  131.334     2     1     1             2     0.7
  YMG016  岩国          34.170  132.177     2     2     1             2     0.8
  EHMH05  砥部          33.711  132.803     2     1     1             2    <0.5
  HRS018  竹原          34.341  132.907     1     2     1             2     1.1
  YMG018  東和          33.909  132.356     1     1     1             2     0.9
  KMMH10  新和          32.315  130.181     1     1     0             2     0.6
  OIT002  中津          33.569  131.268     1     2     1             2     0.7
  OITH03  安岐          33.474  131.686     1     1     1             2     0.5
  EHMH10  宮窪          34.192  133.058     1     1     1             2    <0.5
  MYZ014  田野          31.845  131.303     1     2     1             2     0.8
  KMM003  玉名          32.934  130.548     2     1     0             2     0.7
  EHM008  松山          33.820  132.728     2     2     1             2     0.7
  KOC002  室戸          33.290  134.168     1     1     1             2     0.6
  YMGH17  東和          33.929  132.405     1     1     1             2     0.5
  MYZH03  椎葉          32.475  131.104     1     1     1             2    <0.5
  FKO004  行橋          33.739  131.010     1     1     0             1    <0.5
  YMGH16  上関          33.826  132.104     1     1     0             1    <0.5
  EHM007  北条          33.962  132.772     1     1     0             1     0.5
  OIT001  国見          33.678  131.594     1     1     1             1     0.5
  EHMH07  河辺          33.502  132.748     1     1     1             1    <0.5
  HRS009  湯来          34.493  132.279     1     1     0             1    <0.5
  KMM015  水俣          32.216  130.405     1     1     0             1     0.6
  EHM005  川内          33.797  132.914     1     1     1             1    <0.5
  EHMH13  三崎          33.372  132.116     1     1     1             1    <0.5
  HRSH03  御調          34.518  133.137     1     1     0             1    <0.5
  HRSH15  倉橋          34.116  132.505     1     1     1             1    <0.5
  HRSH18  東広島        34.457  132.792     1     1     0             1    <0.5
  KMMH07  三角          32.623  130.558     1     1     1             1    <0.5
  FKOH07  大刀洗        33.368  130.635     1     1     0             1    <0.5
  HRSH01  三原          34.374  133.024     1     1     0             1    <0.5
  YMGH15  徳山          33.972  131.815     1     1     0             1    <0.5
  FKOH08  小石原        33.465  130.828     0     1     1             1    <0.5
  HRSH14  沖美          34.209  132.406     1     1     0             1    <0.5
  KGSH01  長島          32.155  130.119     1     0     0             1    <0.5
  KOCH10  伊野          33.531  133.439     0     1     0             1    <0.5
  TKSH05  海南          33.663  134.316     0     1     0             1    <0.5
  TKSH02  貞光          34.011  134.092     0     1     0             1    <0.5
  FKOH10  浮羽          33.289  130.817     0     1     0             1    <0.5
  KOCH02  吾北          33.708  133.364     0     0     0             0    <0.5
  KMMH15  水俣          32.170  130.365     0     0     0             0    <0.5
  YMGH04  周東          34.027  132.063     0     0     0             0    <0.5
  TKSH06  井川          34.000  133.893     0     0     0             0    <0.5
  EHMH03  新宮          33.915  133.650     0     0     0             0    <0.5
  HRSH02  大和          34.548  132.948     0     0     0             0    <0.5
  KOCH11  室戸          33.287  134.160     0     0     0             0    <0.5
  SAGH05  白石          33.181  130.105     0     0     0             0    <0.5
  NGSH03  佐世保南      33.126  129.810     0     0     0             0    <0.5
  HRSH17  戸河内        34.572  132.233     0     0     0             0    <0.5
  HRSH11  神石          34.822  133.167     0     0     0             0    <0.5
  OKYH08  哲多          34.910  133.405     0     0     0             0    <0.5
  FKOH03  宇美          33.561  130.550     0     0     0             0    <0.5
  HRSH04  沼隈          34.379  133.349     0     0     0             0    <0.5