最大加速度リスト

地震発生時刻   2011/03/11-14:46:00.00
震央北緯       38.1°
震央東経       142.9°
震源深さ       24.0km
マグニチュード M9.0

  コード  観測点名      緯度    経度     最大加速度 (ガル) 三成分合成値 計測震度
　　　　　 　　         北緯    東経      N-S   E-W   U-D        (ガル)         
  MYG004  築館          38.729  141.022  2700  1268  1880          2933     6.6
  MYG012  塩竈          38.318  141.019   758  1969   501          2019     6.0
  IBR003  日立          36.592  140.645  1598  1186  1166          1845     6.4
  MYG013  仙台          38.266  140.929  1517   982   290          1808     6.3
  IBR013  鉾田          36.159  140.489  1355  1070   811          1762     6.4
  TCG009  今市          36.726  139.715  1017  1186   493          1444     6.2
  FKS016  白河          37.123  140.191  1295   949   441          1425     6.1
  FKSH10  西郷          37.162  140.093  1062   768  1016          1335     6.0
  IBR004  大宮          36.552  140.410  1283  1007   775          1312     6.0
  TCGH16  芳賀          36.548  140.075   799  1197   808          1305     6.5
  TCG014  茂木          36.545  140.174   711  1205   494          1291     6.3
  FKS010  広野          37.234  141.002  1116   882   436          1240     5.9
  IWT010  一関          38.933  141.117   998   852   353          1226     5.9
  IBRH11  岩瀬          36.370  140.140   815   827   815          1224     6.2
  MYGH10  山元          37.941  140.892   871   853   622          1137     6.0
  FKS018  郡山          37.396  140.362   745  1069   457          1110     5.9
  FKS008  船引          37.436  140.567  1012   736   327          1069     5.7
  IBRH15  御前山        36.557  140.301   606   781   640          1062     5.7
  CHB007  佐倉          35.723  140.227  1036   491   200          1054     5.5
  IBR005  笠間          36.385  140.237   967   596   465           996     6.1
  MYG011  牡鹿          38.305  141.504   921   688   254           939     5.6
  FKSH19  都路          37.470  140.723   606   857   729           914     6.0
  TCGH13  馬頭          36.734  140.178   555   840   246           908     6.1
  FKS007  大熊          37.406  140.963   609   691   336           881     5.7
  MYG003  東和          38.735  141.311   570   781   303           870     5.5
  IWTH27  陸前高田      39.031  141.532   738   630   498           864     5.4
  IBR006  水戸          36.369  140.453   779   786   427           851     5.8
  FKS009  小野          37.278  140.635   492   793   301           810     5.5
  IWTH05  藤沢          38.865  141.351   577   655   304           791     5.6
  IBRH12  大子          36.837  140.318   604   526   558           782     5.7
  MYG002  歌津          38.726  141.511   643   658   362           772     5.6
  IWTH02  玉山          39.825  141.383   587   536   376           744     5.5
  FKS005  原町          37.639  140.985   735   445   264           742     5.7
  IWT007  釜石          39.270  141.856   631   697   440           742     5.7
  IBR019  北茨城        36.881  140.654   582   660   314           700     5.5
  MYG007  豊里          38.588  141.251   568   651   243           695     5.8
  FKS004  飯舘          37.680  140.735   568   504   254           687     5.4
  FKS017  須賀川        37.284  140.369   672   493   298           684     6.0
  IBR002  高萩          36.706  140.707   525   588   496           684     5.9
  FKS001  相馬          37.795  140.920   619   552   331           683     5.8
  TCGH10  大田原        36.858  140.023   541   600   481           674     5.7
  IBRH16  山方          36.641  140.398   504   585   422           667     5.6
  FKSH20  浪江          37.491  140.987   394   660   266           663     6.2
  IBR018  鹿嶋          35.977  140.632   494   651   268           658     5.5
  IBRH18  ひたちなか    36.363  140.620   442   592   341           634     5.6
  FKS006  葛尾          37.503  140.759   478   525   203           634     5.9
  FKSH18  三春          37.489  140.538   578   507   360           633     6.0
  MYGH04  東和          38.786  141.325   553   450   401           632     5.3
  FKS002  梁川          37.845  140.601   478   557   196           629     5.4
  IWT012  北上          39.321  141.138   591   455   198           628     5.9
  IWTH26  一関東        38.969  141.001   521   513   562           615     5.6
  AKTH04  東成瀬        39.174  140.713   357   523   355           604     5.3
  MYG006  古川          38.580  140.965   444   571   239           586     6.1
  IBR007  那珂湊        36.352  140.595   546   512   412           585     5.8
  IBRH13  高萩          36.795  140.575   556   438   452           571     5.7
  IWT009  大東          39.019  141.403   570   512   299           570     5.4
  MYGH12  志津川        38.642  141.443   527   460   265           568     5.3
  FKSH09  郡山          37.353  140.426   424   433   239           563     5.3
  MYG009  大和          38.447  140.887   450   548   216           553     5.5
  IBR017  江戸崎        35.954  140.319   417   412   363           553     5.3
  MYG014  作並          38.318  140.636   496   418   214           536     5.6
  IBR014  土浦          36.073  140.195   382   496   247           534     5.6
  IWTH04  住田          39.181  141.391   333   384   389           530     5.4
  IBRH17  霞ヶ浦        36.086  140.314   472   338   341           523     5.3
  IWTH23  釜石          39.274  141.823   354   486   275           521     5.0
  IBR016  取手          35.911  140.049   470   517   251           517     5.5
  MYGH03  唐桑          38.921  141.638   454   424   384           511     5.0
  TCGH12  氏家          36.696  139.984   466   345   315           509     5.5
  FKSH12  平田          37.217  140.570   355   418   313           507     5.6
  FKSH11  矢吹          37.201  140.339   492   394   262           505     5.8
  MYGH05  小野田        38.579  140.780   488   407   271           503     5.4
  MYG010  石巻          38.428  141.281   458   377   332           488     5.9
  CHB003  白井          35.794  140.056   473   463   269           486     5.6
  TCG001  黒磯          36.942  140.083   362   412   155           486     5.5
  FKSH14  いわき東      37.026  140.970   356   388   231           481     5.8
  FKS031  川内          37.336  140.813   451   408   271           472     5.5
  TCGH11  今市          36.708  139.769   407   462   288           470     5.2
  IWT013  遠野          39.337  141.538   352   438   205           469     5.4
  TCG013  真岡          36.437  140.023   414   422   300           465     5.7
  IWTH21  山田          39.473  141.934   331   414   458           464     5.2
  FKS019  二本松        37.603  140.437   392   404   171           461     5.5
  CHB001  野田          35.959  139.873   322   374   142           459     5.3
  IBRH14  十王          36.692  140.548   378   393   439           454     5.0
  IBR001  大子          36.776  140.357   304   400   265           454     5.6
  FKS023  会津若松      37.477  139.929   451   421   128           452     5.8
  FKS011  いわき        37.091  140.904   374   312   300           437     5.4
  IBR010  下妻          36.184  139.965   309   408   206           436     5.5
  MYG008  北上          38.577  141.451   372   294   287           436     5.5
  TCG006  小川          36.764  140.130   378   376   181           436     5.9
  MYG015  岩沼          38.105  140.870   411   353   254           434     6.0
  IWT026  相去          39.257  141.098   310   396   214           432     5.5
  MYG001  気仙沼        38.901  141.568   412   426   258           431     5.4
  TCG012  小山          36.286  139.805   298   420   254           430     5.4
  MYG016  白石          38.008  140.621   406   359   203           426     5.6
  TCG004  湯元          36.806  139.420   216   306   406           424     4.5
  GNM009  桐生          36.411  139.325   281   354   157           415     5.5
  IWTH20  花巻南        39.343  141.047   374   399   169           408     5.6
  TCG016  北高岡        36.529  140.156   285   399   176           401     5.1
  FKS024  中野          37.396  140.132   330   328   221           394     5.8
  FKSH08  長沼          37.282  140.214   309   294   157           393     5.2
  IWT008  大船渡        39.081  141.708   241   324   127           387     4.9
  FKS012  勿来          36.907  140.793   356   250   231           387     5.6
  IBR011  つくば        36.125  140.090   329   343   154           372     5.6
  KNG206  平塚ST6       35.097  139.378   209   368    62           368     5.9
  IBR012  石岡          36.190  140.287   287   302   230           365     5.5
  IWTH18  川井南        39.463  141.678   333   257   140           363     4.6
  MYGH09  白石          38.009  140.603   316   323   291           362     5.5
  IWT011  水沢          39.145  141.152   199   342   167           360     5.2
  FKS013  古殿          37.090  140.556   296   353   222           360     5.3
  TCGH15  宇都宮        36.559  139.864   342   323   260           358     5.0
  MYG017  角田          37.976  140.782   317   349   160           358     5.8
  IWT021  西根          39.920  141.082   328   261   114           356     5.2
  FKSH16  福島          37.764  140.377   204   326    97           354     5.0
  IWTH01  二戸東        40.238  141.342   263   315    90           353     5.3
  IWT017  門馬          39.634  141.438   273   329   122           350     5.0
  TCG008  鹿沼          36.560  139.768   311   293   187           346     5.2
  IWTH22  東和          39.334  141.302   251   325   223           346     4.9
  IWT019  岩泉          39.849  141.803   316   260   201           335     5.4
  IBRH10  石下          36.111  139.989   274   295   222           334     5.5
  FKS003  福島          37.761  140.480   328   299   150           329     5.3
  MYGH06  田尻          38.591  141.071   247   263   193           328     5.4
  IBR015  岩井          36.069  139.908   321   291   155           322     5.3
  FKSH17  川俣          37.664  140.597   271   289   122           322     5.2
  CHB004  佐原          35.901  140.490   277   301   179           310     5.1
  TCG003  藤原          36.814  139.715   248   218   120           307     4.8
  IWTH28  一関西2       39.009  140.864   266   289   156           304     5.0
  CHB002  松戸          35.787  139.903   284   227   180           303     5.0
  MYGH08  岩沼          38.113  140.844   283   256   173           301     5.3
  CHB024  稲毛          35.633  140.078   232   203    86           301     5.3
  IWTH14  田老          39.743  141.909   292   229   163           300     4.5
  CHB028  市川北        35.766  139.966   218   244   279           299     5.0
  IBR008  下館          36.306  139.983   259   290   161           298     5.3
  TCG005  矢板          36.806  139.926   253   290    86           294     5.2
  IWTH12  九戸          40.153  141.424   284   257   110           292     5.1
  KNGH10  横浜          35.499  139.519   209   277   122           291     5.4
  FKS015  棚倉          37.022  140.377   275   211   114           285     4.9
  IWT005  宮古          39.647  141.946   199   164   236           281     4.8
  FKS020  猪苗代        37.547  140.108   241   276    96           281     5.5
  MYG005  鳴子          38.799  140.651   254   206   158           280     5.1
  IWT020  藪川          39.784  141.329   249   246   116           277     5.4
  SITH06  川本          36.113  139.289   225   254   178           276     4.8
  IWT001  種市          40.410  141.719   213   242    65           273     4.9
  TKY018  八枝          35.655  139.811   186   250   151           268     5.2
  TCGH14  粟野          36.551  139.615   191   211   131           264     4.4
  YMTH04  上山          38.081  140.298   219   222    76           263     4.6
  SIT004  長瀞          36.118  139.105   213   231    63           260     4.4
  IWT018  盛岡          39.695  141.148   163   249   112           260     4.8
  AOM007  南通          41.226  141.396   256   191    62           257     5.1
  CHB006  成田          35.780  140.307   242   230   173           254     5.0
  CHBH13  成田          35.831  140.298   244   234   154           253     5.2
  FKS014  矢祭          36.868  140.430   196   227   165           252     5.0
  YMT006  尾花沢        38.600  140.405   239   172    57           251     5.1
  IWT014  石鳥谷        39.484  141.147   239   189   109           250     5.1
  SIT008  春日部        35.974  139.753   219   201   101           245     5.3
  IWT016  川井          39.600  141.679   229   236    90           244     4.7
  CHBH04  下総          35.797  140.021   204   234   160           243     5.0
  TKY027  瑞江          35.693  139.891   212   155    91           240     5.1
  IBRH07  江戸崎        35.952  140.330   165   192   237           239     5.3
  TKY010  新島          34.378  139.257   236   213   135           236     4.7
  YMT007  東根          38.431  140.391   184   200    90           236     4.9
  YMTH01  天童          38.384  140.381   196   181    84           235     4.9
  GNMH12  神流          36.144  138.913   148   196    77           235     4.7
  IBRH19  つくば        36.214  140.089   191   211   100           231     4.6
  FKSH05  下郷          37.254  139.873   175   181    62           230     4.7
  YMTH06  高畠          37.963  140.184   148   202    82           229     5.1
  GNM013  高崎          36.318  139.018   186   149    71           228     4.9
  YMTH07  米沢          37.896  140.028   147   208    68           226     5.0
  CHB012  東金          35.573  140.333   212   215   119           226     5.1
  TKY017  辰巳          35.647  139.809   219   158    82           224     5.4
  IBRH20  波崎2         35.828  140.732   216   188    74           223     5.0
  SITH11  飯能          35.864  139.273   200   204    73           222     4.8
  IWTH15  矢巾          39.615  141.093   185   197    85           221     5.0
  CHB010  八日市場      35.708  140.568   188   188    88           218     5.0
  GNM011  太田          36.291  139.361   210   202    81           216     5.0
  SIT009  川越          35.903  139.483   203   152    94           214     4.5
  GNMH05  伊勢崎        36.314  139.185   172   200    58           208     4.7
  SIT003  久喜          36.072  139.697   163   202   120           207     5.0
  AOM012  八戸          40.514  141.481   185   194    75           206     4.9
  IBR009  古河          36.185  139.704   200   158   108           206     4.8
  TKY007  新宿          35.711  139.686   192   166    75           202     4.8
  IWTH24  金ヶ崎        39.198  141.012   188   181   131           202     4.9
  AOMH16  新郷          40.462  141.092   201   154    77           202     5.1
  YMT015  米沢          37.904  140.100   193   199    79           200     5.1
  TKY003  青梅          35.797  139.291   161   171    43           200     4.8
  TCGH07  栗山西        36.882  139.453   148   188   105           198     4.3
  TCG015  芹沼          36.749  139.714   181   183   132           197     4.7
  TKY028  越中島        35.669  139.789   125   195    65           196     5.1
  IWTH03  岩泉          39.802  141.652   164   184   136           196     4.3
  TKY026  宇喜田        35.670  139.863   161   162    73           195     5.0
  TKY022  横網          35.687  139.796   184   178    68           194     5.3
  SIT010  大宮          35.907  139.648   170   162    60           191     5.1
  SITH01  岩槻          35.929  139.735   177   164    74           190     5.0
  TKY021  猿江          35.688  139.819   154   164    72           188     4.9
  TCG007  宇都宮        36.569  139.886   166   160   113           187     4.7
  CHB009  千葉          35.608  140.102   179   140    77           187     5.1
  FKSH04  会津高田      37.451  139.813   171   177    68           187     4.8
  KNG001  川崎          35.529  139.706   149   148    87           184     5.1
  GNM012  伊勢崎        36.315  139.192   156   172    82           184     4.9
  CHB005  銚子          35.736  140.830   174   176    54           184     5.0
  FKS027  滝原          37.070  139.681   150   177    66           183     4.1
  GNM010  館林          36.234  139.533   178   170   113           183     4.8
  SIT006  秩父          35.995  139.071   161   175    57           182     4.7
  SIT011  川口          35.810  139.721   180   168    69           182     5.0
  GNM003  沼田          36.658  139.078   167   148    72           181     4.6
  SIT013  所沢          35.797  139.466   158   150    72           181     4.6
  CHBH14  銚子中        35.734  140.823   170   122    49           176     4.8
  CHB008  浦安          35.654  139.902   125   157    75           174     5.1
  TKY013  砂町          35.660  139.834   134   141    85           169     5.1
  TKY016  東雲          35.648  139.799   161   137    63           169     5.0
  TKY025  篠崎          35.714  139.897   132   159    77           168     4.8
  CHB029  行徳          35.695  139.918   159   150    76           167     5.0
  KNG013  小田原        35.264  139.152    97   164    66           167     5.2
  SITH10  都幾川        35.996  139.219   152   136    51           167     4.3
  TCG010  足尾          36.635  139.438   166   125    78           166     4.3
  KNG002  横浜          35.437  139.634   138   165    59           166     5.1
  IWTH11  一戸          40.081  141.191   143   151    76           165     4.8
  IWT025  大志田        39.517  140.830   164   137    42           165     4.4
  TCGH09  矢板          36.862  139.836   151   143    86           165     4.5
  GNM006  吾妻          36.510  138.752   109   163    42           164     4.2
  IWT024  二戸          40.263  141.290   161   134    77           164     4.6
  TKY024  奥戸          35.740  139.862   133   131   100           164     4.8
  CHBH10  千葉          35.546  140.242   107   131    88           163     4.7
  IWT003  普代          40.008  141.886   115   148    72           163     4.9
  KNG009  厚木          35.442  139.362   152   115    48           163     4.6
  TCG011  葛生          36.387  139.614   159   145    72           162     4.4
  KNG205  平塚ST5       34.941  139.421   158   150    21           161     4.8
  IWTH06  二戸西        40.261  141.171   147   159    71           161     4.6
  IWTH17  川井北        39.644  141.598   127   159    78           161     4.2
  GNM001  片品          36.772  139.225   127   132    67           160     3.9
  TKYH12  八王子        35.670  139.265   157   106    65           159     4.6
  SIT007  東松山        36.054  139.391   120   132    57           159     4.3
  AOMH13  八戸          40.579  141.445   130   130    47           159     5.0
  YMTH02  山形          38.269  140.258   140   150    68           158     4.8
  YMT011  上山          38.150  140.267   134   123    54           157     5.0
  IWTH16  雫石          39.644  140.946   115   155    77           156     4.8
  TKY023  八広          35.725  139.825   141   124    73           156     5.0
  CHB015  木更津        35.374  139.916   110   142    62           155     5.1
  TCG002  塩原          36.990  139.803   105   150    65           154     4.5
  TKY020  塩浜          35.666  139.809   144   130    76           153     5.0
  KNG202  平塚ST2       34.740  139.839    95   150    48           152     4.6
  CHB011  蓮沼          35.602  140.501   142   151    73           152     4.9
  FKSH03  高郷          37.608  139.753   133   116    74           151     4.7
  TKY014  亀戸          35.689  139.835   131   122    86           151     4.8
  FKS025  下郷          37.308  139.900    97   147   137           150     4.3
  KNGH11  厚木          35.404  139.354   139   124    40           150     4.9
  TKY015  東白鬚        35.731  139.812   144   141    90           149     4.8
  TKY005  町田          35.578  139.416   137   127    55           148     4.7
  IWT023  葛巻          40.037  141.450   109   142    34           146     4.1
  AOMH17  名川          40.449  141.337   134   107    76           145     4.5
  AOM011  三沢          40.680  141.367   137   127    67           143     4.6
  FKS022  西会津        37.600  139.647   138   118    56           141     4.7
  AKT016  大曲          39.454  140.476   109   108    36           140     4.7
  FKS029  桧枝岐        37.016  139.380   109    97    26           140     3.6
  YMNH11  大月          35.625  138.978   112   109    35           139     4.7
  GNM002  水上          36.782  138.970   138    87    34           138     4.0
  AOMH05  野辺地        40.856  141.103   121   100    38           137     4.4
  AKT011  宮田          39.813  140.580   111   104    63           136     4.3
  KNG008  相模原        35.575  139.327    96   116    49           136     4.4
  CHB014  姉崎          35.477  140.049   100   130    65           134     4.8
  SITH05  神泉          36.151  139.050    93   132    31           132     4.0
  KNG201  平塚ST1       34.596  139.918   107   124    15           131     4.7
  IWT002  久慈          40.182  141.764   126   123    40           131     4.6
  GNM016  万場          36.116  138.925   111   103    41           130     4.0
  AOM010  野辺地        40.872  141.142   126    93    43           130     4.5
  YMT005  肘折          38.607  140.162   113    95    83           130     4.3
  TKY006  小金井        35.699  139.503    98   126    44           127     4.7
  KNGH18  藤野          35.644  139.128    94   122    40           127     4.3
  GNM008  前橋          36.348  139.137   120   113    39           126     4.6
  TKY004  八王子        35.628  139.403   124   109    48           126     4.7
  SIT002  熊谷          36.148  139.388   107    97    63           125     4.6
  AOMH12  十和田湖東    40.585  141.155   119   115    55           125     4.5
  YMN009  六郷          35.496  138.463   115   114    37           125     4.7
  IWT022  安代          40.101  141.052   111    96    50           124     4.5
  GNMH07  利根          36.700  139.210    94   101    42           122     3.9
  SITH07  名栗          35.912  139.149   107   117    31           117     3.9
  SIT005  小川          36.056  139.263    91    98    41           117     4.2
  YMT009  寒河江        38.390  140.274   108    71    52           117     4.3
  IWTH08  久慈北        40.269  141.783   114   115    59           116     4.3
  AKTH17  中仙          39.557  140.612    91   108    52           113     4.4
  SIT001  本庄          36.243  139.194   103    87    47           112     4.5
  AKTH14  鹿角          40.062  140.808   109    89    45           111     4.2
  TKYH02  府中          35.654  139.470    92    96    54           111     4.6
  SITH08  小鹿野        36.027  138.969    96   108    32           111     4.1
  CHB017  市場          35.299  140.076   109    90    39           110     4.5
  CHB019  鋸南          35.111  139.835    86    80    35           109     4.8
  IWTH09  久慈南        40.086  141.712    99    93    50           108     4.0
  KNG010  平塚          35.336  139.350    92    80    55           107     4.8
  YMT010  山形          38.260  140.349   103    96    61           103     4.2
  AOM013  南部          40.412  141.280    98    67    28           103     4.1
  CHB016  岬            35.300  140.387    71    98    30           102     4.8
  KNG006  二俣川        35.454  139.539    86   100    35           101     4.3
  AOM021  十和田        40.615  141.208    97    80    36           100     4.6
  IWT015  川尻          39.318  140.779    94    95    45           100     4.3
  AKT023  椿台          39.146  140.717    78    82    57            99     4.2
  KNG004  三崎          35.144  139.622    63    98    26            99     4.1
  IWTH07  軽米          40.270  141.571    92    64    35            99     3.9
  CHB022  富津          35.308  139.860    77    96    36            99     4.3
  YMT008  中村          38.386  139.992    94    82    50            99     4.4
  GNM007  渋川          36.462  139.010    76    90    47            98     4.4
  YMT017  新庄支所      38.791  140.313    54    91    47            98     4.2
  YMTH14  西川西        38.386  139.992    92    76    54            98     4.4
  SZO010  御殿場        35.309  138.935    92    78    52            97     4.8
  TKYH13  檜原南        35.702  139.127    55    91    44            96     3.5
  GNMH14  みどり        36.493  139.322    70    92    60            95     3.9
  AOMH18  田子          40.296  141.014    79    72    30            95     3.8
  CHBH12  富津          35.344  139.855    92    74    29            95     4.5
  AOM014  子ノ口        40.437  140.941    90    92    45            95     4.6
  GNMH11  富岡          36.286  138.921    94    75    34            94     4.0
  SZO013  清水          35.041  138.476    67    93    25            94     4.6
  KNG203  平塚ST3       34.798  139.643    62    91    18            92     4.2
  SITH03  日高          35.899  139.384    91    61    40            92     4.3
  MYGH02  鳴子          38.859  140.651    85    81    56            92     4.3
  YMTH15  西川東        38.426  140.125    91    75    51            92     4.4
  AKTH16  西仙北        39.545  140.348    78    67    41            91     4.3
  YMN004  塩山          35.702  138.727    79    89    37            90     4.6
  NIG012  鹿瀬          37.686  139.477    86    72    37            87     4.5
  SITH04  所沢          35.803  139.535    75    76    44            86     4.1
  CHB013  茂原          35.433  140.291    78    80    36            85     4.5
  CHB020  鴨川          35.115  140.102    47    80    27            85     4.3
  AKTH06  雄勝          38.980  140.495    74    77    50            85     3.9
  SITH09  皆野          36.072  139.099    69    65    52            84     4.2
  KNG014  山北          35.361  139.083    67    82    26            84     4.2
  FKSH02  熱塩加納      37.732  139.882    78    57    32            83     3.9
  NIGH08  津川          37.671  139.465    79    80    38            83     4.6
  FKS021  喜多方        37.654  139.863    78    77    42            82     4.2
  SZO011  富士宮        35.213  138.602    81    66    19            81     4.2
  AKT012  田沢湖        39.699  140.718    75    52    31            80     4.0
  IWTH13  葛巻          39.940  141.549    61    63    38            78     3.8
  FKS026  南郷          37.266  139.539    72    64    34            78     3.9
  YMTH03  南陽          38.103  140.155    41    73    29            78     3.7
  YMN005  甲府          35.655  138.568    64    77    30            77     4.5
  KNG204  平塚ST4       34.893  139.571    60    65    21            77     4.3
  SZO002  伊東          34.965  139.103    44    75    18            76     3.9
  GIF004  栃尾          36.249  137.517    51    73    26            76     3.3
  CHB026  長南          35.387  140.237    61    71    36            75     4.3
  AKT015  本荘          39.383  140.050    49    74    27            75     4.3
  IBUH03  厚真          42.649  141.864    58    74    20            74     4.5
  AKT014  角館          39.595  140.555    60    67    29            74     3.9
  AKTH18  大森          39.355  140.387    70    41    38            73     4.1
  GNMH08  嬬恋          36.492  138.524    71    51    31            73     4.1
  YMT002  新庄          38.768  140.296    70    63    50            73     4.2
  CHBH16  鴨川          35.138  139.965    56    57    28            72     4.3
  AOM028  八甲田        40.700  140.919    70    66    40            71     4.3
  SZO003  東伊豆        34.816  139.055    64    68    20            71     3.8
  YMN002  大月          35.613  138.947    61    63    32            71     4.0
  AKTH02  西木南        39.663  140.572    64    70    34            70     3.9
  AKT022  玉川          39.774  140.667    52    61    24            69     3.7
  AKTH19  湯沢          39.191  140.471    68    66    31            69     4.1
  AOM008  横浜          41.084  141.255    62    54    31            69     4.0
  FKSH06  伊南          37.172  139.520    47    69    25            69     3.5
  YMT012  長井          38.107  140.043    51    67    33            68     3.7
  KNGH20  松田          35.366  139.126    57    51    35            68     4.1
  SZOH42  修善寺        34.976  138.913    67    61    19            68     4.1
  AOM006  川内          41.198  140.997    60    55    29            68     3.9
  NGNH35  穂高          36.382  137.820    38    31    63            67     2.5
  TKY001  氷川          35.803  139.096    53    54    30            66     3.5
  SIT014  中津川        35.995  138.801    65    57    23            66     3.4
  AOM005  むつ          41.295  141.197    62    56    27            66     4.2
  FKSH21  只見          37.342  139.315    41    60    23            66     3.8
  YMT013  小国          38.062  139.757    64    53    33            65     3.9
  KNG007  藤沢          35.339  139.490    63    48    37            65     4.2
  NGNH12  南牧          35.970  138.480    59    47    26            65     4.2
  YMT001  酒田          38.914  139.813    51    55    36            65     4.3
  AKT006  鹿角          40.215  140.787    56    61    31            64     4.0
  IWTH10  安代          40.139  140.953    64    51    26            64     3.7
  NGN014  小海          36.096  138.484    63    35    16            64     3.3
  AKT017  横手          39.297  140.563    57    49    33            63     4.0
  AKTH13  阿仁          39.982  140.407    53    58    23            62     3.2
  NGNH11  富士見        35.916  138.305    51    60    22            62     4.1
  KNG012  秦野          35.379  139.205    54    44    26            62     4.0
  GIFH14  上宝          36.249  137.517    42    57    25            61     3.2
  TKY002  桧原          35.730  139.145    54    49    31            61     3.5
  NGN015  諏訪          36.045  138.112    47    58    25            60     4.4
  YMT014  下屋地        37.921  139.870    52    53    31            60     3.9
  KNG011  藤野          35.615  139.155    55    44    25            60     3.8
  AOMH06  六ヶ所        40.966  141.374    58    46    20            59     3.9
  AKT002  大館          40.268  140.566    46    58    22            58     4.1
  AOM024  蟹田          41.047  140.640    51    55    16            58     4.0
  TKY008  岡田          34.785  139.391    53    50    28            58     3.6
  SIT012  飯能          35.840  139.321    44    53    26            58     3.6
  AKTH01  西木北        39.815  140.579    53    44    36            57     4.0
  NIGH10  上川          37.544  139.365    53    35    27            57     3.5
  HKD158  椴法華        41.834  141.141    49    50    22            57     4.1
  YMN001  丹波山        35.789  138.920    44    54    19            56     3.5
  YMTH08  八幡          38.970  140.033    49    45    38            56     4.0
  AOM003  大畑          41.405  141.169    49    41    21            56     4.0
  GNM004  草津          36.617  138.592    45    52    25            56     4.0
  CHBH11  養老          35.287  140.153    42    47    37            55     4.1
  AOMH11  十和田湖西    40.580  140.995    50    50    35            54     3.6
  YMN003  富士吉田      35.465  138.813    45    47    24            54     4.1
  NGNH19  川上          35.974  138.584    50    47    18            54     3.8
  NIG011  新津          37.801  139.144    49    47    22            54     4.2
  YMTH12  立川          38.636  140.006    46    52    35            54     4.0
  NGN016  富士見        35.913  138.223    43    53    21            54     4.2
  YMN010  須玉          35.792  138.410    46    49    30            54     4.2
  GNMH13  水上2         36.862  139.063    51    47    18            53     3.7
  GNM014  坂本          36.350  138.718    48    44    32            53     3.8
  GNM005  嬬恋          36.513  138.518    43    41    25            53     3.7
  AKTH03  矢島          39.222  140.128    44    46    30            52     4.1
  AOM009  六ヶ所        40.967  141.373    51    41    20            52     3.8
  SZOH35  伊東中        34.947  139.085    34    49    20            51     4.0
  AKT019  雄勝          39.038  140.451    35    46    26            51     3.8
  KNG005  鎌倉          35.319  139.546    47    39    26            51     4.1
  SZO001  熱海          35.142  139.079    28    50    12            50     3.0
  AOM020  青森          40.819  140.750    42    46    16            49     4.1
  HKD159  戸井          41.716  141.002    37    49    12            49     3.5
  GIF007  高根          36.038  137.486    37    36    31            49     3.0
  HKD086  直別          42.854  143.858    41    43    19            49     3.8
  YMT003  鶴岡          38.729  139.801    41    45    24            49     4.1
  CHB018  勝浦          35.158  140.322    48    33    23            49     3.7
  NIG007  村上          38.230  139.486    39    32    24            48     3.9
  KNG003  横須賀        35.273  139.658    42    41    21            48     3.9
  GNM015  下仁田        36.229  138.758    33    47    15            48     3.0
  AKT013  協和          39.607  140.321    46    30    23            47     3.8
  YMNH12  増穂          35.562  138.449    43    35    19            47     3.8
  HDKH06  静内          42.350  142.357    40    33    14            47     3.9
  FKSH07  檜枝岐        37.010  139.375    42    37    16            46     3.0
  AOM027  脇野沢        41.145  140.822    42    40    14            46     3.7
  NIG014  三条          37.641  138.956    32    40    16            46     4.0
  AKTH12  五城目        39.916  140.222    40    46    19            46     3.7
  KNGH21  清川          35.463  139.215    40    36    24            45     3.9
  CHB027  勝浦北        35.181  140.266    42    21    18            45     3.9
  HKD091  浦幌          42.809  143.659    44    34    20            45     4.0
  SZO008  沼津          35.096  138.866    34    40    18            45     3.8
  AOM022  東田沢        40.992  140.916    31    43    12            45     3.6
  NIGH06  加茂          37.653  139.068    40    38    25            44     3.7
  NIGH04  関川          38.131  139.543    35    38    28            44     3.8
  YMN006  本栖          35.468  138.607    34    33    24            44     3.8
  YMNH15  上九一色      35.532  138.605    44    34    21            44     3.8
  NGNH16  茅野          35.947  138.185    31    40    19            44     3.7
  FKS028  只見          37.349  139.314    35    41    25            44     3.8
  AKT005  能代          40.203  140.029    41    37    16            43     4.0
  HKD098  大樹          42.498  143.279    32    34    22            43     4.0
  AKT010  秋田          39.722  140.100    39    37    19            43     3.9
  NIGH05  聖籠          37.976  139.279    29    33    19            42     4.0
  SZO018  榛原          34.740  138.224    29    31    14            42     3.8
  NIGH02  朝日          38.280  139.549    40    33    29            42     3.9
  AKT018  鳥海          39.194  140.190    38    37    26            42     3.8
  AKTH07  小坂          40.456  140.839    30    29    21            42     3.6
  NIGH19  湯沢          36.811  138.785    38    26    18            42     3.4
  SZOH34  清水北        35.130  138.424    40    26    15            41     3.7
  AKT020  象潟          39.202  139.909    38    28    22            41     3.7
  KNGH23  葉山          35.262  139.611    37    28    29            40     3.7
  AKTH15  協和          39.688  140.407    33    33    22            40     3.2
  YMNH14  都留南        35.511  138.968    31    37    19            39     3.7
  AOM019  五所川原      40.815  140.447    39    30    10            39     3.8
  HKD126  鵡川          42.575  141.928    31    34     9            39     3.8
  TKCH07  豊頃          42.811  143.520    38    32    12            39     3.8
  HKD095  帯広          42.931  143.214    36    24    15            38     3.9
  AOMH04  青森          40.852  140.676    36    37    16            38     3.9
  CHB025  千倉          34.971  139.946    31    37    21            38     3.9
  NIG025  直江津        37.161  138.224    33    27    10            38     3.7
  NIG010  新潟          37.915  139.011    30    35    14            38     3.9
  NIG013  巻            37.764  138.883    30    27    12            37     3.8
  HKD110  様似          42.131  142.935    35    32    10            37     3.6
  AOM023  中里          40.968  140.433    30    35    13            36     3.6
  AOM016  弘前          40.602  140.499    33    31    17            36     3.8
  AKT008  飯田川        39.883  140.072    26    36    20            36     3.8
  GNMH09  高山          36.621  138.907    25    33    16            36     3.5
  HKD066  標津          43.662  145.131    30    34     8            35     3.4
  NIG008  中条          38.053  139.405    33    31    25            35     3.6
  NGN010  小諸          36.328  138.436    28    31    16            35     3.7
  FKS030  金山          37.453  139.513    29    31    17            35     3.4
  YMN007  南部          35.279  138.465    33    25    17            34     3.5
  AOMH03  川内          41.234  140.990    28    30    21            34     3.6
  AKTH05  鳥海          39.072  140.319    28    28    17            33     3.4
  TCGH17  藤原2         36.985  139.692    30    33    18            33     3.1
  GIF005  高山          36.154  137.251    32    17     8            33     2.3
  NIG028  長岡支所      37.426  138.886    29    28    18            33     3.5
  SZO005  松崎          34.755  138.784    31    26    14            33     3.7
  NGNH21  伊那          35.831  137.924    33    23    18            33     3.7
  AKT001  小坂          40.328  140.743    32    33    12            33     3.3
  CHBH17  勝浦東        35.171  140.340    31    25    21            33     3.6
  SZO009  裾野          35.197  138.913    30    24    18            33     3.8
  NIGH01  長岡          37.427  138.888    27    24    20            32     3.5
  NIG009  新発田        37.951  139.338    30    24    13            32     3.7
  AOM002  福浦          41.328  140.813    23    29     9            32     3.0
  SZO016  焼津          34.857  138.311    26    31     9            32     3.7
  HKD128  早来          42.766  141.822    26    26    15            32     3.4
  AKT003  藤里          40.278  140.263    28    30    20            32     3.7
  CHB021  白浜          34.908  139.898    23    31    15            32     3.6
  AOMH09  岩木          40.620  140.350    26    29    14            31     3.5
  HKD092  池田          42.928  143.448    29    24    12            31     3.5
  HKD109  浦河          42.168  142.767    26    25    10            31     3.5
  IKRH02  新篠津        43.220  141.652    29    26    10            31     3.6
  NGN020  伊那          35.828  137.953    20    26    11            31     3.7
  KSRH01  阿寒北        43.436  144.084    25    26     9            31     3.8
  GIFH28  中津川        35.457  137.471    23    30    12            30     3.9
  NGN024  飯田          35.523  137.837    29    23    20            30     3.7
  HKD103  幌毛志        42.727  142.297    23    25    16            30     3.5
  NIG022  塩沢          37.036  138.846    20    26    11            30     3.4
  AKT007  琴丘          40.046  140.081    20    26    16            30     3.6
  HKD085  白糠          42.958  144.070    23    21    13            30     3.5
  IBUH06  室蘭          42.412  141.002    26    24    11            30     3.3
  HKD184  千歳          42.790  141.601    26    27    14            29     3.4
  SZOH37  芝川          35.203  138.566    25    22    11            29     3.2
  AKTH09  田代          40.276  140.460    27    27    20            29     3.7
  AKTH10  大館          40.300  140.581    28    22    16            29     3.4
  SZOH38  函南          35.085  138.978    24    27    16            29     3.3
  TKY009  波浮港        34.687  139.441    24    24    14            29     3.3
  KNGH19  山北中        35.417  139.044    28    29    13            29     3.4
  YMTH05  小国          37.988  139.802    28    26    22            29     3.4
  SZO012  蒲原          35.127  138.621    23    26    13            29     3.6
  NGNH24  松川          35.615  137.880    20    27    16            29     3.5
  NGNH03  阿智2         35.479  137.735    24    28    12            29     3.5
  AOMH14  西目屋        40.549  140.273    20    27     8            29     3.2
  HKD160  函館          41.770  140.738    28    19    10            29     3.5
  KSRH10  浜中          43.208  145.117    25    24    10            28     3.1
  YMNH10  早川北        35.535  138.309    28    18    13            28     3.1
  TKCH06  芽室          42.892  143.060    25    25    12            28     3.6
  YMT016  清川          38.789  140.018    25    27    17            28     3.3
  NGN021  駒ヶ根        35.730  137.934    25    26    16            28     3.6
  IKRH03  千歳          42.888  141.640    26    21     8            28     3.6
  SZO028  川奈          34.952  139.138    24    22    16            28     3.2
  NGNH23  南木曽        35.606  137.611    23    22    12            28     3.3
  GIFH16  朝日北        36.094  137.344    15    26     7            28     2.2
  YMTH13  朝日          38.470  139.761    21    21    17            27     3.0
  HKD125  穂別          42.761  142.135    27    21     8            27     3.3
  HKD068  上西春別      43.411  144.770    26    24     9            27     3.1
  NIG003  佐和田        37.998  138.323    21    23    13            27     3.5
  HKD072  落石          43.195  145.521    19    23     5            27     2.9
  AOMH08  鰺ヶ沢        40.762  140.312    25    21    12            27     3.5
  FKSH01  西会津        37.757  139.715    22    25    15            27     2.9
  HKD074  納沙布        43.368  145.803    18    24     8            27     2.7
  NGNH13  喬木          35.514  137.877    23    20    11            27     3.4
  KSRH07  鶴居南        43.136  144.327    20    22    13            27     3.3
  YMNH16  甲府2         35.742  138.565    24    22    15            27     3.4
  NGN022  南木曽        35.608  137.613    25    23    13            27     3.5
  NIGH09  下田          37.539  139.128    20    26    15            27     3.4
  SZO014  静岡          34.965  138.374    22    22     8            27     3.5
  NIG018  柏崎          37.372  138.558    21    24    11            27     3.7
  HKD082  阿寒湖畔      43.437  144.085    24    20     8            26     3.7
  TKCH08  大樹          42.486  143.152    25    21    11            26     3.2
  CHBH20  鴨川南        35.088  140.100    20    25    14            26     3.7
  NMRH04  別海東        43.398  145.122    25    23    10            26     3.1
  NIG021  十日町        37.128  138.747    26    18    13            26     3.3
  TKY029  三宅          34.075  139.479    17    21    10            26     2.8
  NIGH11  川西          37.173  138.744    22    18    16            26     3.4
  AKTH08  藤里          40.319  140.234    22    24    18            26     3.4
  NGNH18  開田          35.932  137.595    25    21    12            26     3.1
  AKT021  阿仁          39.995  140.403    22    26    11            26     3.1
  AKT009  男鹿          39.888  139.847    23    26    15            26     3.5
  HKD077  釧路          42.984  144.382    22    25    17            26     3.1
  NIG015  村松          37.694  139.189    20    24    24            26     3.6
  NGNH17  佐久          36.142  138.550    24    21    11            26     2.7
  HKD070  本別海        43.385  145.284    19    25     7            26     3.1
  HKD106  静内          42.341  142.369    20    21    10            25     3.4
  NGN006  大町          36.509  137.851    20    20    10            25     2.5
  HKD129  苫小牧        42.634  141.606    25    22     9            25     3.5
  AOM015  碇ヶ関        40.474  140.631    23    23    17            25     3.3
  KSRH03  標茶北        43.385  144.628    23    23    15            25     2.9
  KSRH09  白糠南        42.986  143.984    20    25    13            25     3.4
  NIG020  小出          37.233  138.962    22    18    17            25     3.5
  HKD132  室蘭          42.348  141.032    19    24     8            25     3.3
  NIG006  寒川          38.450  139.496    21    20     8            24     3.0
  NIG019  小千谷        37.304  138.812    18    21    17            24     3.3
  NMRH05  別海西        43.390  144.802    22    21    10            24     3.1
  NGN008  上田          36.402  138.249    20    20    11            24     3.5
  HKD080  弟子屈        43.508  144.448    22    17    10            24     2.9
  HKD135  壮瞥          42.553  140.887    18    18     9            24     3.4
  AOM025  今別          41.179  140.480    21    22    13            24     3.4
  SRCH09  栗山          43.059  141.806    22    19    10            23     3.3
  HKD078  塘路          43.149  144.498    19    22    14            23     3.0
  NIG024  安塚          37.127  138.444    17    18    10            23     3.1
  HDKH07  様似          42.133  142.916    20    23    13            23     3.3
  AIC003  津島          35.173  136.740    23    16     7            23     3.5
  YMNH13  身延          35.351  138.420    18    19    14            23     3.5
  HKD105  門別          42.483  142.054    17    21     9            23     3.3
  HKD100  広尾          42.286  143.312    18    22     9            23     2.8
  AOM026  小泊          41.128  140.311    21    20     8            23     3.4
  HKD161  木古内        41.679  140.433    21    16     9            23     3.3
  AOMH10  黒石          40.609  140.665    16    21    14            22     3.1
  NGN001  飯山          36.851  138.366    15    20    10            22     3.4
  SZOH39  西伊豆西      34.799  138.772    13    21     9            22     3.0
  OSMH01  知内          41.598  140.421    18    21     9            22     3.5
  HKD071  厚床          43.233  145.260    19    22     6            22     2.8
  YMN008  早川          35.432  138.332    19    19    10            22     3.1
  YMNH09  早川          35.433  138.333    18    18    10            22     3.1
  HKD096  中札内        42.697  143.136    14    20    11            22     3.4
  HKD169  木間内        41.935  140.369    17    17    10            22     3.4
  AOM029  西目屋        40.576  140.297    15    21    14            22     3.3
  GIF003  神岡          36.332  137.301    22    15     8            22     1.7
  IBUH01  追分          42.874  141.819    18    21     6            21     3.0
  TKCH05  本別          43.121  143.618    17    19     8            21     2.8
  NMRH03  中標津        43.551  144.966    19    21     9            21     3.1
  HKD097  生花          42.618  143.421    18    20     7            21     3.1
  NIGH18  妙高          36.943  138.259    16    20     7            21     3.1
  HKD067  中標津        43.555  144.973    17    20     8            21     3.0
  HKD084  阿寒          43.114  144.123    21    17     9            21     3.2
  YMN011  芦安          35.638  138.383    17    15    10            21     3.1
  KSRH02  阿寒南        43.114  144.123    21    18     9            21     3.2
  HKD180  札幌          43.139  141.351    20    17     5            20     3.4
  HKD181  江別          43.116  141.546    20    15     7            20     3.2
  AICH14  長久手        35.184  137.047    20    12     7            20     3.2
  GIF018  中津川        35.489  137.500    17    17    14            20     3.3
  HKD094  士幌          43.169  143.241    19    17    12            20     3.4
  AOM018  鯵ヶ沢        40.778  140.198    20    18    12            20     3.3
  KSRH04  標茶南        43.214  144.680    15    20    10            20     3.0
  NGNH22  長谷          35.795  138.082    17    19    10            20     3.2
  NIG017  長岡          37.442  138.843    19    16    11            20     3.2
  AOMH15  大鰐          40.484  140.556    17    16    11            20     3.1
  ISK002  正院          37.444  137.288    14    18    10            20     3.3
  HKD116  沼田          43.801  141.934    13    20     9            20     3.3
  NGN025  天龍          35.281  137.857    15    18     8            20     3.2
  OSMH02  上磯          41.837  140.633    18    18    10            20     3.3
  AICH12  幡豆          34.788  137.106    16    17     5            19     3.1
  NIGH07  村松          37.666  139.261    16    16    11            19     2.7
  GIFH10  神岡          36.378  137.372    17    19     8            19     2.1
  NGNH30  奈川          36.064  137.685    14    18    11            19     2.3
  HKD099  新得          43.074  142.839    19    17     8            19     3.1
  HKD076  厚岸          43.051  144.850    15    18     9            19     3.3
  AIC016  美浜          34.779  136.909    11    18     5            19     3.0
  HKD127  追分          42.874  141.820    17    18     6            19     3.0
  AOMH01  大間          41.527  140.913    16    13     7            19     3.0
  HKD108  三石          42.253  142.564    18    15     8            19     3.0
  NGN002  信濃          36.807  138.207    18    16    11            19     3.3
  NIG016  寺泊          37.642  138.768    12    18    10            19     2.9
  NGNH54  飯田          35.449  138.006    12    17     9            19     3.1
  NIGH14  塩沢          37.030  138.852    15    14    10            19     3.0
  HKD090  本別          43.121  143.618    13    18     9            18     2.8
  HKD122  岩見沢        43.197  141.775    13    14     8            18     3.1
  NGN017  楢川          35.975  137.826    15    13     7            18     2.7
  HKD069  別海          43.394  145.117    18    16     7            18     2.9
  NGNH26  上山田        36.466  138.147    12    17     8            18     2.9
  HKD182  広島          42.992  141.552    15    15     8            18     3.1
  AOM004  尻屋          41.409  141.449    18    13     9            18     2.9
  AIC010  作手          34.976  137.424    16    10     5            18     2.9
  OSKH02  此花          34.663  135.390    15    16     7            18     3.1
  NGN012  松本          36.256  137.978    17     9     6            17     2.9
  TKY012  八丈          33.119  139.799    15    15     8            17     2.8
  HDKH03  門別東        42.593  142.352    16    14     6            17     2.8
  HKD073  根室          43.333  145.600    14    16     6            17     2.2
  HKD179  当別          43.224  141.517    13    14     6            17     3.2
  KSRH06  鶴居東        43.220  144.429    16    16    11            17     3.0
  AICH13  清洲          35.218  136.851    16    16     6            17     3.3
  NGN007  杭瀬下        36.534  138.119    17    10     8            17     3.0
  GIFH15  高山          36.134  137.221    17    16     7            17     2.5
  HKD112  えりも岬      41.937  143.240    13    15     7            17     2.9
  HKD089  足寄          43.244  143.554    14    13     8            17     3.0
  TYM002  氷見          36.866  136.975    12    12     6            17     3.2
  HKD083  鶴居          43.233  144.325    14    14     9            16     3.0
  NIG002  両津          38.075  138.440    14    16     8            16     3.2
  NIG023  津南          37.015  138.653    16    15    12            16     3.1
  ABSH11  女満別        43.914  144.191    16    13     6            16     3.3
  NGNH33  生坂          36.460  137.964    16     8     5            16     2.3
  HKD178  石狩          43.172  141.305    13    16     6            16     3.2
  NGN023  大鹿          35.579  138.034    14    13     9            16     2.9
  SZO025  湖西          34.719  137.531    16    12     5            16     3.1
  GIF014  付知          35.658  137.426    13    11    11            16     3.1
  NIGH12  湯之谷        37.224  138.982    15    13    13            15     3.0
  HKD079  標茶          43.303  144.600    12    13    11            15     3.0
  HDKH02  平取東        42.706  142.405    12    14     9            15     3.1
  NGNH20  上松          35.787  137.717    10    15     8            15     3.0
  SZO017  浜岡          34.637  138.128    10    14     8            15     3.0
  AIC001  尾西          35.298  136.750    10    12     5            15     3.0
  SRCH08  砂川          43.514  141.909    13    10     7            15     3.1
  SZOH33  静岡南        35.015  138.353    15    15     7            15     3.0
  NGN013  安曇          36.183  137.785    14    12     7            15     2.3
  HKD133  伊達          42.473  140.866    13    15     9            15     3.0
  SZOH28  浜松          34.668  137.744    13    12     5            15     3.1
  HKD118  滝川          43.552  141.917    14    13     7            15     3.1
  IBUH07  大滝          42.648  141.064    11    12     5            15     2.9
  HKD093  糠平          43.319  143.305    14    12     9            15     3.0
  TKCH03  足寄西        43.271  143.432    12    12     8            15     2.9
  SZO021  本川根        35.097  138.133    13    11     6            15     2.8
  HKD162  福島          41.486  140.247    12    13     7            15     2.7
  HKD131  登別          42.421  141.081    12    12     6            15     2.7
  KSRH05  鶴居西        43.256  144.234    13    13    10            14     2.8
  NGNH34  大町中        36.533  137.820    11    13     7            14     2.3
  MIE003  四日市        34.970  136.636    14     9     4            14     2.9
  SZO015  梅ヶ島        35.243  138.341    14    10     8            14     2.9
  SZO024  浜松          34.710  137.720     9    14     6            14     3.1
  SZO006  土肥          34.911  138.794    11    11     8            14     2.8
  NIGH15  六日          37.053  138.995    11    10    11            14     2.5
  HKD124  由仁          42.999  141.790    14    10     8            14     2.9
  NIGH13  牧            37.054  138.397    14    13     7            14     2.9
  SZO023  天竜          34.874  137.816    13    13     5            14     2.8
  NGNH27  信州新        36.577  138.048    13    12     9            14     3.0
  IBUH05  白老          42.563  141.350    13    12     7            14     2.9
  SZO007  修善寺        34.977  138.947    11    11     8            14     2.5
  AIC009  豊田          35.081  137.146    13    13     6            14     2.9
  HKD117  深川          43.724  142.053    12    11     6            14     2.9
  HKD185  支笏湖畔      42.776  141.402    13    12     6            14     2.7
  NIG026  新井          37.023  138.251    11    10     6            14     2.8
  HKD146  ニセコ        42.808  140.688    10    12     6            14     2.9
  NGNH28  戸隠          36.708  138.096    12    11     6            14     3.0
  NGNH25  南信濃        35.299  137.927    11    11     6            14     2.9
  HKD130  白老          42.563  141.350    13    11     7            14     2.9
  TKCH04  新得南        43.174  142.918    11    10     5            14     2.6
  HKD157  南茅部        41.905  140.970    11    11     6            13     2.3
  AICH16  設楽          35.154  137.535    12    10     4            13     2.6
  TYM011  芦弁          36.578  137.385    12     8     7            13     2.0
  ABSH14  美幌          43.723  144.184    11     8     5            13     2.8
  GIFH19  朝日南        36.022  137.391    13     8     6            13     2.0
  NGN018  王滝          35.813  137.530    10    12     5            13     2.5
  HKD121  美唄          43.333  141.855    12    12     5            13     3.0
  TKCH11  清水          42.874  142.883    11    10     8            13     2.6
  SIG003  長浜          35.377  136.264    13     8     4            13     3.0
  HDKH01  平取西        42.703  142.230    11    13     8            13     2.9
  GIFH20  下呂北        35.799  137.253    11     9     7            13     2.7
  NAR002  奈良          34.668  135.835    12     7     6            13     2.9
  TYM009  八尾          36.586  137.141    11     9     5            13     2.4
  NGN011  長門          36.256  138.267    12     8     6            13     2.7
  AICH09  豊橋          34.664  137.390    12    12     6            13     3.0
  SZO019  掛川          34.770  137.998    11    10     9            13     3.0
  YMT004  温海          38.628  139.589     9    10    11            13     2.8
  HKD144  倶知安        42.906  140.767    11    13     5            13     2.9
  SRCH04  沼田          43.820  141.940    11     9     6            13     2.9
  ABSH13  留辺蘂        43.742  143.451    13    10     5            13     2.8
  AIC015  豊橋          34.755  137.405    11    11     5            13     3.0
  HKD156  七飯          41.900  140.696    11    10     5            12     2.7
  HKD022  増毛          43.852  141.528    10    11     6            12     3.0
  AIC011  知多          34.996  136.864    12    11     6            12     2.9
  HKD059  小清水        43.856  144.463    10    12     7            12     2.9
  SRCH06  深川南        43.695  142.078    10    10     6            12     2.8
  KYTH05  網野          35.681  135.027    10    10     2            12     2.9
  TKCH01  陸別          43.468  143.683     9    11     7            12     2.8
  ABSH12  小清水        43.857  144.457    12    10     6            12     2.9
  AOM001  大間          41.527  140.924    11    10     6            12     2.8
  NGNH29  野沢温泉      36.910  138.441    10    11     7            12     2.7
  SIG007  近江八幡      35.134  136.096     8    11     5            12     3.0
  GIF023  土岐          35.388  137.216    11    11     7            12     2.7
  AIC004  名古屋        35.063  136.974    11    10     6            12     2.9
  HKD054  北見          43.800  143.901    11     9     8            12     3.0
  NGN004  長野          36.649  138.194    11     9     6            12     2.7
  NGN019  木曽福島      35.856  137.708    10     9     7            12     2.5
  NGNH32  松本          36.258  137.990    11    10     6            12     2.5
  SZO004  南伊豆        34.647  138.819    10    11     6            12     2.7
  TYM005  新湊          36.782  137.080    10     9     5            12     2.6
  HKD151  長万部        42.494  140.354    10    12     6            12     2.7
  ABSH06  湧別北        44.215  143.620     7    11     4            12     2.9
  SBSH07  真狩          42.763  140.808    10    11     7            12     2.9
  AOM017  深浦          40.636  139.928    10     8     6            12     2.7
  GIF010  下呂          35.803  137.245    11     8     7            12     2.6
  KKWH08  占冠          43.041  142.656    11    11     4            12     2.5
  HKD064  羅臼          44.020  145.189    11     8     7            12     2.5
  HKD120  月形          43.344  141.663    10    11     6            11     2.8
  SZO022  佐久間        35.092  137.814     9    11     6            11     2.5
  HKD075  浜中          43.077  145.130    10    11     6            11     2.5
  HKD154  森            42.096  140.563    10    10     7            11     2.7
  HKD104  平取          42.589  142.131     8    11     5            11     2.7
  ISK008  羽咋          36.892  136.778    10    11     5            11     2.8
  HKD107  農屋          42.419  142.499     9    11     7            11     2.8
  HKD055  美幌          43.824  144.109    10     8     3            11     2.8
  HKD142  赤井川        43.085  140.820    10    11     3            11     2.9
  HKD048  湧別          44.220  143.615     9    10     4            11     2.9
  HKD039  富良野        43.342  142.385    10     9     6            11     2.9
  FKIH04  三方          35.559  135.869    11     5     2            11     2.7
  SZOH36  藤枝          34.914  138.201     9    10     6            11     2.7
  NGNH31  塩尻          36.118  137.939     9    10     7            11     2.7
  SBSH03  赤井川        43.084  140.820    10    11     3            11     2.9
  AOMH07  深浦          40.745  140.023     9    11     6            11     2.6
  HKD063  相泊          44.106  145.248    11     9     4            11     2.3
  NIG001  岩谷口        38.258  138.434     9     9     5            11     2.5
  AICH17  豊根          35.184  137.727     9    10     4            11     2.4
  AIC006  稲武          35.216  137.509    11     9     6            11     2.6
  SZO027  西伊豆        34.790  138.801    10    10     6            11     2.6
  KSRH08  白糠北        43.160  143.894    11     9     5            11     2.5
  SIG008  永源寺        35.070  136.295    10     8     5            11     2.8
  TYM007  富山          36.669  137.212    10     8     4            11     2.1
  NGNH14  平谷          35.309  137.626    10    10     6            11     2.7
  IKRH01  当別          43.409  141.584     7    11     4            11     2.4
  MIE002  菰野          35.028  136.507    11     8     5            11     2.8
  NGN005  白馬          36.698  137.854     8     7     5            11     2.4
  GIF019  恵那          35.450  137.404     9     9     7            11     2.7
  HKD134  大滝          42.671  141.079    11     9     4            11     2.4
  TKCH02  足寄東        43.382  143.898     9     8     5            11     2.7
  OSK006  堺            34.589  135.471    10     8     5            10     2.7
  HKD102  日高          42.877  142.448     9     9     8            10     2.7
  HKD155  鹿部          42.044  140.806    10    10     4            10     2.7
  GIF002  河合          36.273  137.025    10     8     4            10     1.8
  NGNH10  木祖          35.963  137.767    10     9     7            10     2.6
  AOMH02  佐井          41.405  140.857    10     9     6            10     2.4
  IBUH02  穂別          42.871  142.129     9    10     6            10     2.7
  HKD040  占冠          42.980  142.399    10     8     5            10     2.8
  NIGH17  妙高高原      36.857  138.097    10     8     6            10     2.7
  HKD087  二股          43.150  143.892     9     9     5            10     2.5
  NGN009  穂高          36.338  137.869     9     7     5            10     2.7
  GIF024  明智          35.301  137.387     5    10     6            10     2.6
  GIFH17  高鷲          35.951  136.873     9     6     3            10     1.9
  HKD060  斜里          43.914  144.666     9     7     5            10     2.7
  OSK003  豊中          34.767  135.468     8     6     4            10     2.7
  HKD053  留辺蘂        43.785  143.607     6     9     3            10     2.2
  SZOH40  河津          34.783  138.970     9     9     7            10     2.4
  SZOH41  南伊豆        34.675  138.834     9     8     5            10     2.5
  TYM008  大山          36.609  137.283     9     6     4            10     2.1
  AIC012  安城          34.912  137.045     8     9     5            10     2.7
  MIE006  津            34.718  136.504     8     7     4            10     2.7
  GIFH26  各務原        35.412  136.876     8     9     3            10     2.4
  HKD081  川湯          43.643  144.390     8     9     5            10     2.4
  KKWH14  中富良野      43.384  142.524     8     7     5             9     2.5
  SIG005  彦根          35.249  136.242     9     8     4             9     2.7
  GIF021  美濃加茂      35.443  137.000     9     9     5             9     2.6
  HKD038  南富良野      43.167  142.566     9     6     4             9     2.5
  SZOH25  新居          34.691  137.560     8     8     4             9     2.7
  OSKH05  大阪          34.716  135.520     8     8     4             9     2.7
  ISK005  穴水          37.231  136.904     6     9     3             9     2.4
  FKI003  福井          36.044  136.228     6     9     2             9     2.7
  NIG004  小木          37.821  138.280     9     9     5             9     2.4
  OSK004  四條畷        34.740  135.639     9     6     6             9     2.8
  MIE001  藤原          35.172  136.494     8     7     5             9     2.7
  ABSH07  白滝          43.849  143.086     7     8     5             9     2.6
  SZOH30  水窪北        35.223  137.918     8     7     5             9     2.4
  AIC017  田原          34.673  137.261     7     7     4             9     2.4
  HKD065  薫別          43.794  145.056     7     6     5             9     2.5
  NMRH01  標津北        43.785  145.025     8     7     7             9     2.5
  HKD168  江差          41.869  140.127     8     7     6             9     2.6
  AICH06  渥美          34.616  137.042     7     8     3             9     2.5
  HKD088  陸別          43.472  143.748     6     7     3             9     2.1
  HKD113  目黒          42.129  143.315     7     8     4             8     2.3
  SZO026  春野          34.982  137.898     6     7     5             8     2.4
  AICH22  豊橋北        34.785  137.439     8     5     4             8     2.2
  KYTH07  久御山        34.898  135.746     7     7     5             8     2.6
  SBSH08  喜茂別        42.768  140.977     7     6     3             8     2.3
  HYMH02  厚沢部        41.986  140.309     7     7     5             8     2.5
  SZOH31  川根          34.940  138.077     7     7     4             8     2.4
  HKD173  青苗          42.066  139.452     8     7     3             8     2.6
  FKI009  小浜          35.496  135.752     7     5     2             8     2.5
  HKD019  羽幌          44.361  141.698     8     6     3             8     2.4
  GIF008  小坂          35.952  137.260     6     8     5             8     1.8
  HKD176  四番川        43.532  141.592     7     7     4             8     2.4
  HKD119  芦別          43.520  142.191     6     7     4             8     2.6
  NIG027  糸魚川        37.023  137.862     8     6     4             8     2.5
  ABSH15  置戸東        43.635  143.510     7     7     4             8     2.5
  OSK007  羽曳野        34.558  135.606     7     5     5             8     2.5
  SRCH07  三笠          43.230  141.898     7     8     4             8     2.4
  TYM010  福光          36.560  136.887     6     5     2             8     2.0
  AKT004  八森          40.389  139.983     6     7     6             8     2.5
  MIE004  亀山          34.857  136.449     7     6     3             8     2.4
  HKD123  夕張          42.993  142.008     7     6     4             8     2.5
  SIG009  甲西          35.005  136.085     7     4     3             8     2.6
  ISKH01  珠洲          37.527  137.284     6     8     4             8     2.4
  HKD148  黒松内        42.668  140.305     6     8     4             8     2.5
  KKWH11  和寒          43.975  142.283     4     8     2             8     2.0
  SRCH10  夕張          42.993  142.008     7     6     4             8     2.4
  RMIH03  遠別          44.636  141.819     7     5     3             8     2.4
  ISK007  七尾          37.043  136.968     7     6     3             8     2.4
  OSK005  大阪          34.725  135.510     7     6     3             8     2.6
  FKI008  三方          35.548  135.908     7     6     3             8     2.5
  HKD015  天塩          44.885  141.750     7     7     4             7     2.2
  HKD041  天人峡        43.625  142.684     7     7     4             7     2.6
  HKD004  上猿払        45.214  142.226     7     6     2             7     2.6
  HKD057  津別          43.706  144.027     6     7     3             7     2.4
  TYMH06  八尾          36.571  137.160     6     7     4             7     2.2
  HKD163  松前          41.434  140.112     7     6     4             7     2.2
  SZOH53  掛川3         34.877  138.017     7     5     5             7     2.5
  NIG005  松ヶ崎        37.920  138.498     6     7     4             7     2.2
  KKWH07  富良野        43.370  142.341     7     6     4             7     2.5
  HKD136  豊浦          42.589  140.644     7     6     3             7     2.2
  HDKH05  新冠          42.598  142.545     7     6     5             7     2.3
  HKD111  えりも        42.017  143.149     6     7     5             7     2.3
  TYM003  魚津          36.816  137.419     7     4     3             7     2.2
  MIEH10  芸濃          34.822  136.424     7     6     3             7     2.5
  HKD167  熊石          42.130  139.982     5     7     3             7     2.3
  FKI007  敦賀          35.645  136.058     7     7     2             7     2.5
  GIFH11  八百津        35.486  137.246     7     4     4             7     2.3
  GIFH27  美濃加茂      35.453  137.004     6     5     4             7     2.3
  ABSH09  斜里南        43.927  144.807     5     6     4             7     2.1
  TYMH04  魚津          36.791  137.469     6     5     4             7     2.1
  HKD027  美深          44.481  142.343     5     5     3             7     2.4
  HKD152  八雲          42.259  140.264     6     6     4             7     2.5
  GIFH18  馬瀬          35.899  137.149     6     6     3             7     2.0
  SBSH06  蘭越          42.831  140.483     6     6     4             7     2.3
  GIFH04  古川          36.245  137.198     6     5     3             7     1.4
  RMIH02  天塩          44.895  141.925     7     5     3             7     2.4
  MIE018  椿世          34.870  136.455     7     6     4             7     2.4
  HKD036  旭川          43.773  142.365     7     6     4             7     2.5
  AICH07  旭            35.219  137.404     6     5     5             7     2.4
  SIG010  大津          34.972  135.897     6     5     3             7     2.4
  HKD044  興部          44.480  143.128     6     4     2             7     2.4
  SIG002  今津          35.422  136.024     6     5     3             7     2.4
  KKWH12  美瑛東        43.504  142.601     4     6     3             7     2.2
  ISKH05  穴水          37.222  136.969     5     4     2             7     1.4
  ISKH03  内浦          37.346  137.244     6     5     3             7     2.2
  SOYH02  猿払南        45.216  142.225     6     6     2             7     2.5
  ISK009  七塚          36.732  136.699     6     4     3             7     2.1
  SIG012  甲賀          34.904  136.231     6     5     3             7     2.4
  KKWH13  美瑛西        43.511  142.391     6     5     4             7     2.4
  HYG022  西宮          34.746  135.350     5     6     2             6     2.4
  HKD114  朱鞠内        44.281  142.161     4     6     3             6     2.1
  GIF015  美濃          35.545  136.907     5     5     4             6     2.2
  SIG011  信楽          34.878  136.059     6     6     3             6     2.2
  TYM004  宇奈月        36.862  137.527     6     4     4             6     2.0
  HKD143  岩内          42.979  140.509     5     5     4             6     2.3
  AICH21  南知多        34.740  136.939     5     6     6             6     2.4
  HKD052  常呂          44.120  144.071     5     6     3             6     2.4
  NAR001  生駒          34.715  135.727     6     4     2             6     2.4
  OSK002  高槻          34.857  135.596     4     5     3             6     2.4
  GIFH08  大和          35.832  136.962     4     4     2             6     1.8
  SZOH32  龍山東        35.009  137.841     5     6     4             6     2.3
  KKWH04  名寄          44.438  142.406     5     6     3             6     2.5
  GIF017  揖斐川        35.483  136.571     6     4     3             6     2.1
  AIC002  小牧          35.298  136.915     6     5     4             6     2.2
  GIFH24  東白川        35.640  137.319     5     5     5             6     2.2
  GIFH03  根尾          35.633  136.613     6     4     4             6     2.2
  MIEH01  四日市        34.985  136.456     5     4     4             6     2.2
  HKD171  小砂子        41.649  139.998     4     6     3             6     2.2
  ISK003  輪島          37.392  136.908     6     5     3             6     2.2
  AIC005  藤岡          35.198  137.206     5     6     4             6     2.3
  HKD056  置戸          43.671  143.578     5     6     3             6     2.0
  AIC008  設楽          35.098  137.570     5     5     4             6     2.2
  ISK004  能都          37.308  137.147     4     6     3             6     1.9
  AICH18  岡崎          34.964  137.238     4     4     4             6     2.0
  HKD165  今金          42.429  140.018     5     5     2             6     1.9
  ISK010  金沢          36.542  136.643     5     4     3             6     2.1
  AICH11  春日井        35.306  137.057     4     6     4             6     2.2
  HKD147  蘭越          42.805  140.530     5     5     3             6     2.1
  MIE005  上野          34.768  136.115     5     4     2             6     2.2
  HKD037  美瑛          43.589  142.468     4     5     3             6     2.1
  TKCH10  新得北        43.334  142.945     5     5     3             6     1.9
  ISKH06  志賀          37.053  136.821     5     5     3             6     2.1
  AICH15  足助          35.139  137.336     5     5     4             5     2.0
  AICH19  作手          34.951  137.411     3     3     4             5     1.9
  HKD006  浜頓別        45.127  142.352     3     4     2             5     2.3
  HKD139  余市          43.197  140.782     5     4     3             5     2.2
  AIC014  蒲郡          34.826  137.220     5     5     3             5     2.0
  RMIH05  小平西        44.025  141.788     5     5     3             5     2.1
  HKD145  喜茂別        42.798  140.936     5     4     2             5     1.8
  HKD021  留萌          43.941  141.637     4     5     2             5     2.2
  TYMH05  井波          36.574  136.958     5     3     3             5     1.6
  AICH10  鳳来          35.000  137.624     4     4     5             5     2.2
  GIF013  金山          35.664  137.162     4     4     4             5     2.0
  ABSH10  佐呂間        44.081  143.946     5     4     2             5     1.8
  SBSH05  倶知安        42.950  140.822     4     4     2             5     1.9
  OSKH01  田尻          34.398  135.284     4     4     2             5     2.1
  HKD003  豊富          45.103  141.767     4     4     2             5     2.2
  GIFH23  板取          35.724  136.785     4     4     3             5     1.7
  AIC013  長篠          34.934  137.576     4     4     5             5     2.1
  SZOH24  引佐          34.834  137.662     5     3     4             5     2.1
  GIF006  荘川          36.033  136.953     4     5     3             5     1.6
  FKI010  高浜          35.490  135.551     5     4     2             5     2.1
  HKD020  港町          44.149  141.664     4     4     3             5     2.0
  HKD061  ウトロ        44.070  144.997     4     4     2             5     1.6
  RMIH04  小平東        44.097  141.962     4     5     3             5     2.0
  HKD153  上の湯        42.124  140.376     4     5     3             5     2.0
  GIF001  白川          36.274  136.898     4     4     2             5     1.4
  HKD177  厚田          43.400  141.435     4     5     3             5     2.0
  TYM012  利賀          36.441  137.035     5     4     3             5     1.4
  SIG001  余呉          35.540  136.207     5     3     2             5     2.0
  HKD024  達布          44.049  141.857     4     4     3             5     2.1
  HKD164  瀬棚          42.450  139.854     4     4     2             5     1.9
  OSK008  岸和田        34.440  135.392     4     4     3             5     2.1
  HKD017  初山別        44.532  141.766     4     4     4             5     2.0
  HKD058  網走          44.020  144.273     5     4     3             5     2.0
  TYMH07  利賀          36.441  137.039     4     4     3             5     1.3
  ISK014  加賀          36.303  136.315     5     4     2             5     2.1
  KYT011  亀岡          35.017  135.564     5     4     2             5     2.1
  HYMH01  北檜山        42.485  139.968     5     4     3             5     2.0
  HKD030  士別          44.182  142.394     4     4     3             5     2.1
  HKD101  トムラウシ    43.334  142.947     4     5     3             5     1.9
  GIF016  七宗          35.542  137.119     4     5     4             5     2.0
  ISKH07  金沢          36.515  136.636     4     4     3             5     1.9
  GIF026  美山          35.591  136.741     4     4     3             5     2.0
  AIC018  渥美          34.622  137.108     3     4     2             5     2.0
  GIFH21  美並          35.666  136.962     4     4     4             5     2.1
  KYTH08  京都          35.009  135.730     4     3     2             5     2.1
  GIFH25  谷汲          35.521  136.613     4     4     2             5     1.9
  SIGH03  信楽          34.853  136.032     4     4     2             5     2.0
  ISK011  小松          36.397  136.443     4     4     1             4     2.0
  HKD170  湯ノ岱        41.749  140.251     4     4     3             4     1.8
  MIE008  名張          34.629  136.107     4     2     2             4     1.9
  GIFH06  高富          35.504  136.794     4     4     4             4     2.0
  OSK010  泉南          34.376  135.255     4     3     2             4     2.0
  AICH20  新城          34.898  137.488     4     4     3             4     2.0
  GIFH13  白川          36.274  136.898     4     4     2             4     1.4
  SIG006  志賀          35.200  135.921     4     3     2             4     2.0
  GIFH22  金山          35.668  137.105     4     4     3             4     1.9
  GIFH12  坂内          35.603  136.413     4     3     2             4     1.7
  HKD175  浜益          43.602  141.388     3     4     2             4     1.9
  HKD028  名寄          44.360  142.455     4     4     2             4     2.0
  ABSH08  斜里北        44.064  144.994     4     3     2             4     1.5
  KKWH10  中川          44.662  142.053     4     3     3             4     2.0
  HKD023  雄冬          43.773  141.369     3     4     2             4     1.8
  HKD033  愛別          43.909  142.570     2     4     2             4     1.7
  HKD062  富士見        43.675  143.309     4     3     2             4     1.5
  NAR003  大和高田      34.517  135.719     3     4     2             4     2.0
  MIE012  志摩          34.254  136.823     2     4     2             4     1.7
  TYM001  境            36.976  137.626     4     3     3             4     1.7
  ISK001  大谷          37.500  137.176     3     4     3             4     1.8
  MIEH07  志摩          34.254  136.822     3     4     2             4     1.6
  GIF011  八幡          35.759  136.981     3     4     3             4     1.7
  NARH06  山添          34.641  136.051     3     2     2             4     1.8
  ISK015  大町          37.227  136.909     3     3     3             4     1.4
  ISKH04  富来          37.190  136.718     3     3     2             4     1.7
  GIF009  白鳥          35.922  136.831     3     3     2             4     1.5
  HKD150  島牧          42.701  140.062     3     3     2             4     1.7
  SOYH06  豊富          45.102  141.783     4     3     2             4     1.6
  MIE010  伊勢          34.491  136.733     3     3     3             4     1.8
  GIF022  上石津        35.283  136.471     3     2     2             4     1.6
  HKD014  沼川          45.252  141.854     4     3     1             4     1.8
  HKD018  正修          44.545  141.965     3     3     3             4     1.8
  ISK012  鳥越          36.358  136.605     2     4     1             4     1.2
  HYG020  三木          34.798  134.990     3     3     1             4     1.8
  SIGH04  日野          34.964  136.261     3     2     2             4     1.7
  NARH07  天理          34.584  135.854     3     2     3             4     1.9
  HYG024  東浦          34.533  134.990     3     3     2             4     1.8
  FKIH07  小浜          35.457  135.727     3     3     2             4     1.4
  HKD051  佐呂間        44.019  143.775     3     3     2             3     1.7
  SRCH05  深川北        43.824  142.159     3     3     1             3     1.6
  FKI011  和泉          35.905  136.671     3     2     2             3     1.4
  NIGH16  糸魚川        36.938  137.848     3     3     3             3     1.5
  HKD172  稲穂          42.240  139.552     3     3     2             3     1.3
  HKD115  幌加内        44.007  142.148     3     3     2             3     1.7
  HKD034  上川          43.854  142.769     2     3     2             3     1.7
  ISKH09  尾口          36.267  136.717     3     3     2             3     1.0
  KKWH15  上川          43.855  142.766     3     3     2             3     1.7
  HKD029  下川          44.311  142.642     3     3     2             3     1.8
  HKD140  小樽          43.191  140.994     3     3     2             3     1.6
  GIF012  東杉原        35.636  136.488     3     2     2             3     1.6
  WKYH08  那賀          34.323  135.448     2     3     2             3     1.7
  KYT013  宇治          34.878  135.805     3     3     2             3     1.6
  FKI002  越廼          36.039  136.014     3     2     2             3     1.7
  MIEH02  大山田        34.766  136.284     3     2     2             3     1.6
  NAR004  榛原          34.528  135.951     3     2     2             3     1.6
  KYT004  宮津          35.535  135.196     3     3     1             3     1.6
  MIE013  南島          34.278  136.500     3     3     2             3     1.5
  KKWH01  美深北        44.597  142.304     2     3     2             3     1.6
  SIG004  朽木          35.348  135.918     3     2     2             3     1.7
  HKD047  紋別          44.356  143.354     3     3     2             3     1.8
  HKD049  遠軽          44.092  143.534     3     2     2             3     1.5
  MIEH03  嬉野          34.547  136.369     2     2     3             3     1.5
  RMIH01  幌延          45.017  142.079     2     3     2             3     1.7
  MIE007  白山          34.644  136.337     3     2     2             3     1.7
  KKWH03  美深西        44.473  142.273     2     3     2             3     1.6
  HKD031  朝日          44.118  142.595     2     3     2             3     1.6
  WKY002  那賀          34.276  135.430     2     3     2             3     1.6
  MIE009  松阪          34.575  136.530     3     3     2             3     1.5
  TKS007  市場          34.090  134.285     3     3     2             3     1.7
  ISK006  富来          37.160  136.690     2     3     2             3     1.2
  SOYH04  稚内東        45.230  141.881     3     3     1             3     1.6
  MIEH08  松阪          34.542  136.503     3     2     2             3     1.6
  SIGH01  多賀          35.238  136.360     2     3     2             3     1.5
  KYTH02  伊根          35.710  135.250     3     2     2             3     1.6
  HKD137  余別          43.324  140.379     2     2     2             3     1.5
  GIFH07  春日          35.418  136.435     2     2     2             3     1.6
  SBSH09  黒松内        42.610  140.484     2     2     2             3     1.5
  SBSH10  島牧          42.780  140.156     3     2     2             3     1.5
  SRCH02  幌加内中      44.116  142.141     2     2     2             3     1.7
  FKI006  今庄          35.773  136.200     2     2     2             3     1.4
  KOC003  安芸          33.501  133.907     2     2     1             3     1.6
  HKD183  定山渓        42.972  141.165     2     2     2             3     1.3
  FKI005  武生          35.907  136.174     2     3     2             3     1.3
  SOYH05  稚内北        45.488  141.885     2     2     1             3     1.1
  TKS001  鳴門          34.203  134.610     3     2     2             3     1.5
  NARH01  十津川西      33.967  135.649     3     2     2             3     1.4
  FKIH06  高浜          35.491  135.484     2     2     1             3     1.5
  HYGH10  加古川        34.816  134.808     2     2     1             3     1.5
  KYTH01  野田川        35.524  135.124     3     2     1             3     1.2
  HKD149  寿都          42.790  140.231     3     2     1             3     1.3
  KYT012  京都          34.996  135.819     2     2     1             3     1.3
  SMN005  出雲          35.361  132.745     2     2     1             3     1.7
  SBSH02  泊            43.053  140.502     2     2     2             3     1.3
  NAR005  五條          34.341  135.688     2     1     1             3     1.3
  KYT002  久美浜        35.604  134.894     2     2     1             3     1.3
  OSKH04  交野          34.763  135.705     2     2     2             3     1.5
  TKS006  牟岐          33.669  134.419     2     1     2             2     1.0
  MIEH04  度会          34.353  136.587     2     2     2             2     1.4
  HKD035  層雲峡        43.770  142.903     2     2     2             2     1.4
  MIE011  飯高          34.428  136.333     2     2     2             2     1.3
  KYTH06  亀岡          35.047  135.485     2     2     2             2     1.5
  SOYH10  歌登南        44.743  142.604     2     2     1             2     1.5
  NAR008  上北山        34.135  136.005     1     1     2             2     1.2
  HKD174  北島歌        42.595  139.829     2     2     1             2     1.2
  TTR002  鳥取          35.485  134.220     2     2     2             2     1.5
  HKD166  大成          42.229  139.818     2     2     2             2     1.0
  KKWH09  音威子府      44.775  142.254     2     2     1             2     1.4
  HYGH09  東条          34.908  135.084     2     2     1             2     1.2
  MIE017  宮川          34.362  136.335     2     1     2             2     1.3
  HKD025  中川          44.812  142.072     2     2     1             2     1.4
  HYG021  神戸          34.690  135.158     2     2     2             2     1.3
  OSK009  河内長野      34.437  135.582     2     2     1             2     1.4
  HYG015  三田          34.952  135.271     2     2     2             2     1.3
  TTR004  鹿野          35.461  134.055     2     2     1             2     1.5
  ABSH03  興部東        44.384  143.241     2     2     1             2     1.5
  OSK001  能勢          34.971  135.390     2     2     2             2     1.2
  HKD009  歌登          44.842  142.481     2     2     1             2     1.4
  WKY006  御坊          33.891  135.152     2     2     1             2     1.4
  SOYH09  歌登北        44.857  142.487     2     2     1             2     1.5
  KMMH04  阿蘇          32.951  131.020     2     2     1             2     1.5
  HYG009  黒井          35.169  135.104     2     1     1             2     1.2
  KYT015  広河原        35.250  135.767     2     1     2             2     1.2
  NARH04  黒滝          34.306  135.837     1     2     2             2     1.3
  HKD138  積丹          43.292  140.601     2     2     1             2     1.4
  TTRH03  溝口          35.355  133.492     2     2     0             2     1.2
  NAR007  大塔          34.221  135.737     1     2     2             2     1.1
  ABSH02  興部西        44.423  143.026     2     2     1             2     1.4
  WKY001  和歌山        34.229  135.169     2     2     2             2     1.2
  NAR009  十津川        33.938  135.755     2     1     2             2     1.2
  SOYH08  中頓別        44.939  142.225     2     2     1             2     1.3
  MIEH06  宮川          34.358  136.329     2     2     2             2     1.3
  NARH03  川上          34.292  136.002     2     2     2             2     1.2
  HYG027  南淡          34.250  134.729     2     1     1             2     1.1
  HKD050  白滝          43.879  143.175     1     2     2             2     1.3
  ABSH05  滝上南        44.115  143.011     2     2     2             2     1.2
  KYT001  丹後          35.741  135.102     2     2     1             2     1.4
  NARH02  十津川東      33.969  135.857     1     2     2             2     1.1
  KKWH02  美深東        44.551  142.574     2     2     1             2     1.3
  NAR006  川上          34.338  135.954     2     1     2             2     1.3
  FKI001  三国          36.216  136.157     2     2     1             2     1.1
  WKYH07  上富田        33.689  135.440     2     1     1             2     1.0
  KYTH03  福知山        35.313  135.133     2     1     1             2     1.0
  HKD042  仁宇布        44.545  142.569     2     2     1             2     1.3
  HKD141  神恵内        43.145  140.435     2     2     1             2     1.0
  HYG016  赤穂          34.755  134.390     2     1     1             2     1.1
  HYG002  香住          35.641  134.628     2     1     1             2     1.1
  MIE016  紀和          33.876  135.919     1     2     1             2     1.0
  KYT003  伊根          35.677  135.292     2     2     2             2     1.2
  HKD046  滝上          44.191  143.077     1     2     2             2     1.0
  HKD007  中頓別        44.970  142.291     2     2     1             2     1.4
  HYG010  丹南          35.059  135.178     2     1     1             2     1.0
  FKIH01  永平寺        36.096  136.362     1     2     2             2     0.9
  WKY009  新宮          33.721  135.981     2     1     1             2     1.2
  ABSH04  滝上北        44.192  143.077     1     2     2             2     0.9
  SBSH01  古平          43.234  140.623     1     2     1             2     1.1
  KGW004  高松          34.347  134.037     2     1     1             2     1.1
  HKD043  雄武          44.582  142.964     2     1     1             2     1.2
  KYTH04  美山          35.269  135.551     2     1     1             2     1.2
  ABSH01  雄武          44.528  142.844     1     1     1             2     1.2
  HYGH11  山東          35.292  134.907     2     1     1             2     1.1
  MIEH09  紀宝          33.764  135.997     1     1     1             2     1.0
  MIEH05  尾鷲          34.064  136.169     1     1     1             2     0.9
  KOCH09  香北          33.675  133.824     2     1     1             2     1.0
  HYGH03  波賀          35.219  134.524     1     1     1             2     0.5
  KYT005  舞鶴          35.476  135.389     1     1     1             2     1.1
  HYGH02  南光          35.067  134.423     1     1     1             2     0.8
  HYGH08  加美          35.101  134.904     1     1     1             2     0.6
  KMMH16  益城          32.797  130.820     1     1     1             2     0.9
  SOYH01  猿払北        45.335  142.119     1     1     1             2     0.7
  OKYH12  大原          35.100  134.319     1     1     1             1     0.8
  KOCH05  池川          33.647  133.144     1     1     1             1     0.6
  KKWH06  下川東        44.321  142.766     1     1     1             1     1.0
  WKYH04  すさみ        33.556  135.545     1     1     1             1     0.9
  HYGH14  出石          35.457  134.862     1     1     1             1     0.9
  ISK013  白峰          36.181  136.625     1     1     1             1     0.9
  EHM001  伊予三島      33.981  133.549     1     1     1             1     0.9
  FKOH07  大刀洗        33.368  130.635     1     1     1             1     1.1
  EHMH08  柳谷          33.539  133.002     1     1     1             1    <0.5
  TTRH06  河原          35.395  134.199     1     1     1             1     0.9
  OKYH01  玉野          34.507  133.891     1     1     1             1    <0.5
  TKSH04  徳島          33.990  134.534     1     1     1             1     0.6
  HRSH04  沼隈          34.379  133.349     1     1     1             1     0.6
  HYGH07  夢前          35.032  134.670     1     1     1             1     0.7
  TKSH06  井川          34.000  133.893     1     1     1             1     0.6
  KOCH13  本山          33.754  133.576     1     1     1             1    <0.5
  KGWH01  綾上          34.219  133.949     1     1     1             1    <0.5
  KGWH04  大内          34.226  134.304     1     1     1             1    <0.5
  HRS018  竹原          34.341  132.907     1     1     0             1     0.8
  EHMH11  大洲          33.581  132.601     1     1     1             1    <0.5
  FKOH08  小石原        33.465  130.828     1     1     1             1    <0.5
  OKYH11  勝央          35.073  134.116     1     1     1             1     0.6
  EHMH13  三崎          33.372  132.116     1     1     1             1    <0.5
  TTRH07  関金          35.365  133.749     1     1     1             1     0.8
  TTRH05  岩美          35.573  134.343     1     1     1             1    <0.5
  SOYH07  浜頓別        45.100  142.431     1     1     1             1    <0.5
  OKYH04  真備          34.643  133.686     1     1     1             1     0.5
  EHMH05  砥部          33.711  132.803     1     1     1             1    <0.5
  TTRH02  日野          35.231  133.391     1     1     1             1     0.5
  OKYH05  建部          34.868  133.853     1     1     1             1     0.5
  SMNH11  平田          35.426  132.801     1     1     1             1     0.5
  HRSH14  沖美          34.209  132.406     1     1     1             1    <0.5
  OKYH07  神郷          35.049  133.317     1     1     1             1    <0.5
  YMGH17  東和          33.929  132.405     1     1     1             1    <0.5
  HRSH09  吉舎          34.702  132.952     1     1     1             1    <0.5
  SMNH16  加茂          35.342  132.899     1     1     0             1    <0.5
  SMNH09  匹見          34.572  132.012     1     1     1             1    <0.5
  HRSH18  東広島        34.457  132.792     1     1     1             1    <0.5
  YMGH11  徳地          34.209  131.686     1     1     1             1    <0.5
  HRSH01  三原          34.374  133.024     1     1     1             1    <0.5
  YMGH02  美祢          34.111  131.143     1     1     1             1    <0.5
  SMNH08  石見          34.880  132.421     1     1     1             1    <0.5
  SMNH05  羽須美        34.870  132.640     1     1     1             1    <0.5
  OKYH14  北房          34.936  133.620     1     1     1             1    <0.5
  KMMH05  波野          32.955  131.221     1     1     0             1     0.5
  YMGH09  田万川        34.626  131.668     1     1     1             1    <0.5
  KMMH14  豊野          32.635  130.752     1     1     1             1    <0.5
  HRSH10  芸北          34.747  132.379     1     1     1             1    <0.5
  YMGH07  菊川          34.115  131.051     1     1     1             1    <0.5
  NGSH05  高来          32.910  130.141     1     1     1             1    <0.5
  KMMH15  水俣          32.170  130.365     1     1     1             1    <0.5
  YMGH16  上関          33.826  132.104     1     1     1             1    <0.5
  KGSH08  大隅          31.562  130.997     1     0     1             1    <0.5
  YMGH03  岩国          34.189  132.126     1     1     1             1    <0.5
  KMMH01  鹿北          33.109  130.695     1     1     1             1    <0.5
  KMMH10  新和          32.315  130.181     1     1     1             1    <0.5
  KGSH03  宮之城        31.981  130.444     1     1     0             1    <0.5
  KMMH09  泉            32.490  130.905     0     0     1             1    <0.5
  KGSH02  阿久根        31.994  130.208     1     1     1             1    <0.5
  SMNH07  美都          34.694  132.040     1     1     1             1    <0.5
  YMGH14  萩            34.398  131.377     1     1     1             1    <0.5
  SMNH02  仁多          35.224  133.086     1     1     1             1    <0.5
  SMNH12  吉田          35.163  132.856     1     1     1             1    <0.5
  NGSH02  佐世保北      33.212  129.765     1     1     1             1    <0.5
  OKYH08  哲多          34.910  133.405     1     0     0             1    <0.5
  SMNH01  伯太          35.296  133.260     1     1     1             1    <0.5
  FKOH05  犀川          33.529  130.950     0     1     1             1    <0.5
  KOCH08  土佐清水      32.780  132.972     1     0     1             1    <0.5
  OKYH03  岡山          34.778  133.789     0     0     1             1    <0.5
  HRSH11  神石          34.822  133.167     1     0     0             1    <0.5
  HRSH08  佐伯          34.394  132.161     1     0     0             1    <0.5
  HRSH07  呉            34.288  132.641     1     0     0             1    <0.5
  YMGH15  徳山          33.972  131.815     1     0     0             1    <0.5
  SMNH13  江津          35.009  132.307     1     1     1             1    <0.5
  OKYH09  湯原          35.181  133.677     1     0     0             1    <0.5
  MYZH09  須木          32.042  131.062     0     0     0             1    <0.5
  OKYH06  美星          34.676  133.528     1     0     0             1    <0.5
  SAGH04  東脊振        33.365  130.405     0     0     0             1    <0.5
  YMGH10  むつみ        34.484  131.633     1     0     0             1    <0.5
  EHMH12  宇和          33.427  132.506     0     0     0             1    <0.5
  SAGH03  富士          33.410  130.233     0     0     0             1    <0.5
  MYZH05  南郷          32.347  131.267     0     0     0             1    <0.5
  HRSH15  倉橋          34.116  132.505     0     0     0             1    <0.5
  HRSH12  広島          34.581  132.429     0     0     0             0    <0.5
  HRSH16  吉田          34.663  132.669     0     0     0             0    <0.5
  SMNH15  鹿島          35.523  133.023     0     0     0             0    <0.5
  MYZH13  都城南        31.730  131.079     0     0     0             0    <0.5
  FKOH10  浮羽          33.289  130.817     0     0     0             0    <0.5
  OITH11  九重          33.284  131.212     0     0     0             0    <0.5
  KMMH12  人吉          32.205  130.737     0     0     0             0    <0.5
  OITH03  安岐          33.474  131.686     0     0     0             0    <0.5
  HRSH17  戸河内        34.572  132.233     0     0     0             0    <0.5
  KMMH06  白水          32.811  131.101     0     0     0             0    <0.5
  OITH01  山国          33.412  131.033     0     0     0             0    <0.5
  OITH06  竹田          32.973  131.398     0     0     0             0    <0.5
  MYZH10  国富          32.022  131.290     0     0     0             0    <0.5
  SAGH05  白石          33.181  130.105     0     0     0             0    <0.5