最大加速度リスト

地震発生時刻   2018/09/06-03:23:00.00
震央北緯       42.8°
震央東経       142.0°
震源深さ       32.0km
マグニチュード M4.8

  コード  観測点名      緯度    経度     最大加速度 (ガル) 三成分合成値 計測震度
　　　　　 　　         北緯    東経      N-S   E-W   U-D        (ガル)         
  HKD127  追分          42.874  141.820   170   169    50           235     3.9
  IBUH01  追分          42.874  141.819   169   144    47           218     4.2
  HKD184  千歳          42.790  141.601    35    56    28            66     3.3
  HKD124  由仁          42.999  141.790    53    58    10            63     2.6
  HKD128  早来          42.766  141.822    35    49    39            58     3.5
  HKD125  穂別          42.761  142.135    16    50    11            50     3.0
  SRCH09  栗山          43.059  141.806    39    26    13            40     2.8
  HKD180  札幌          43.139  141.351    36    23     8            36     2.8
  HKD182  広島          42.992  141.552    29     9     5            29     2.1
  IKRH03  千歳          42.888  141.640    20    17     7            25     2.4
  HKD131  登別          42.421  141.081    15    24     8            24     2.2
  IBUH05  白老          42.563  141.350    15    20    13            24     2.3
  HDKH01  平取西        42.703  142.230    19    18     4            22     2.3
  HKD185  支笏湖畔      42.776  141.402    15    20    10            22     2.3
  HKD130  白老          42.563  141.350    11    18    12            20     2.2
  HKD126  鵡川          42.575  141.928    17    15    13            18     2.5
  HKD103  幌毛志        42.727  142.297    12    18     3            18     2.2
  IBUH02  穂別          42.871  142.129     9    17     7            17     1.8
  IBUH06  室蘭          42.412  141.002    17    12     9            17     2.1
  HKD120  月形          43.344  141.663    10    15     3            15     1.7
  HKD139  余市          43.197  140.782     8    14     5            15     1.8
  HKD123  夕張          42.993  142.008    12    12     4            14     1.9
  HKD181  江別          43.116  141.546    11     9     8            13     2.2
  HKD134  大滝          42.671  141.079     9    11     3            12     1.9
  HKD132  室蘭          42.348  141.032    10    11     4            12     2.0
  SRCH10  夕張          42.993  142.008    11    11     3            12     1.9
  HDKH04  門別西        42.513  142.038     7    11     9            11     1.8
  HKD178  石狩          43.172  141.305    10     8     3            11     1.9
  HDKH03  門別東        42.593  142.352     4    10     2            10     1.6
  SRCH07  三笠          43.230  141.898    10     5     3            10     1.6
  IBUH07  大滝          42.648  141.064     8     8     3             9     1.6
  SBSH08  喜茂別        42.768  140.977     5     8     3             9     1.4
  HKD104  平取          42.589  142.131     7     6     2             8     1.3
  IKRH01  当別          43.409  141.584     8     7     2             8     1.4
  HKD129  苫小牧        42.634  141.606     7     7     8             8     1.5
  HKD122  岩見沢        43.197  141.775     6     7     2             7     1.2
  HKD121  美唄          43.333  141.855     7     5     1             7     1.1
  HKD040  占冠          42.980  142.399     5     5     1             6     1.4
  HKD176  四番川        43.532  141.592     4     6     2             6     1.2
  HKD118  滝川          43.552  141.917     5     6     2             6     1.0
  HKD183  定山渓        42.972  141.165     6     5     2             6     1.1
  HKD179  当別          43.224  141.517     6     5     2             6     1.3
  SRCH08  砂川          43.514  141.909     4     4     1             6     1.3
  HKD105  門別          42.483  142.054     5     4     3             5     1.4
  HKD158  椴法華        41.834  141.141     5     4     2             5     1.3
  HKD157  南茅部        41.905  140.970     4     3     2             4     0.9
  HKD142  赤井川        43.085  140.820     3     4     1             4     1.2
  HKD177  厚田          43.400  141.435     3     3     2             4     1.0
  HKD155  鹿部          42.044  140.806     4     3     1             4     0.9
  HKD102  日高          42.877  142.448     4     3     1             4     1.2
  SBSH03  赤井川        43.084  140.820     3     3     2             4     1.2
  HKD145  喜茂別        42.798  140.936     3     3     1             3     1.0
  HKD159  戸井          41.716  141.002     3     3     1             3     0.9
  HKD140  小樽          43.191  140.994     3     2     1             3     0.8
  HKD154  森            42.096  140.563     2     3     1             3     0.7
  HKD175  浜益          43.602  141.388     2     2     1             3     0.7
  HKD156  七飯          41.900  140.696     2     3     1             3     0.6
  KKWH11  和寒          43.975  142.283     2     2     1             3     1.0
  HKD138  積丹          43.292  140.601     2     2     1             2     0.5
  KKWH08  占冠          43.041  142.656     2     2     1             2     0.7
  SBSH02  泊            43.053  140.502     2     2     0             2    <0.5
  OSMH02  上磯          41.837  140.633     1     2     1             2    <0.5
  HKD108  三石          42.253  142.564     1     2     1             2    <0.5
  HKD117  深川          43.724  142.053     1     2     0             2    <0.5
  HKD038  南富良野      43.167  142.566     1     2     1             2     0.8
  KKWH13  美瑛西        43.511  142.391     2     2     1             2    <0.5
  SBSH04  共和          42.976  140.622     2     1     0             2    <0.5
  SRCH06  深川南        43.695  142.078     1     1     0             1    <0.5
  HKD144  倶知安        42.906  140.767     1     1     1             1    <0.5
  AOMH01  大間          41.527  140.913     1     1     0             1    <0.5
  TKCH04  新得南        43.174  142.918     1     1     1             1    <0.5
  KKWH14  中富良野      43.384  142.524     1     1     0             1    <0.5
  HYMH02  厚沢部        41.986  140.309     1     1     1             1    <0.5
  SRCH03  幌加内南      43.999  142.126     1     0     0             1    <0.5
  KKWH12  美瑛東        43.504  142.601     0     0     0             0    <0.5
  SBSH06  蘭越          42.831  140.483     0     0     0             0    <0.5