最大加速度リスト

地震発生時刻   2020/03/13-02:18:00.00
震央北緯       37.3°
震央東経       136.8°
震源深さ       12.0km
マグニチュード M5.5

  コード  観測点名      緯度    経度     最大加速度 (ガル) 三成分合成値 計測震度
　　　　　 　　         北緯    東経      N-S   E-W   U-D        (ガル)         
  ISK015  大町          37.227  136.909   445   287   117           509     4.8
  ISK005  穴水          37.231  136.904   152   270   163           271     5.3
  ISK003  輪島          37.392  136.908   173   242    70           246     4.2
  ISKH04  富来          37.190  136.718   137   131    53           189     4.5
  ISK004  能都          37.308  137.147    71   150    38           157     4.0
  ISK006  富来          37.160  136.690    80    95    60           117     3.9
  ISKH02  柳田          37.364  137.041    74    87    59           110     4.1
  TYM002  氷見          36.866  136.975    86    67    19            94     3.6
  ISKH06  志賀          37.053  136.821    59    84    34            92     3.6
  ISKH03  内浦          37.346  137.244    68    57    26            87     3.7
  ISK007  七尾          37.043  136.968    60    55    30            71     3.8
  ISK008  羽咋          36.892  136.778    43    37    62            64     3.1
  ISK009  七塚          36.733  136.702    41    33    24            47     3.0
  TYM005  新湊          36.761  137.093    32    31    11            34     2.9
  ISK002  正院          37.444  137.288    30    28    22            33     3.3
  TYMH03  富山          36.729  137.263    25    28    13            33     3.2
  TYM006  小矢部        36.672  136.897    23    26     6            33     2.7
  TYM009  八尾          36.586  137.141    32    23    10            32     2.8
  ISKH09  尾口          36.267  136.717    31    26     8            32     2.4
  TYM012  利賀          36.441  137.035    18    30    12            31     2.8
  ISK001  大谷          37.500  137.176    24    26    13            31     2.8
  TYMH07  利賀          36.441  137.039    20    30    12            31     2.8
  ISK011  小松          36.397  136.443    11    30     6            30     2.5
  GIFH15  高山          36.134  137.221    29    28    13            29     3.2
  ISKH01  珠洲          37.527  137.284    27    21    11            28     3.0
  TYM011  芦弁          36.578  137.385    21    21     7            27     2.7
  GIF007  高根          36.038  137.486    27    18     8            27     2.5
  ISK014  加賀          36.303  136.315    17    25    11            26     2.7
  GIF002  河合          36.273  137.025    25    22     7            26     2.5
  ISK010  金沢          36.542  136.643    22    15     9            25     2.2
  ISK012  鳥越          36.358  136.605    19    23     6            24     2.1
  NIG025  直江津        37.161  138.224    23    18     8            24     3.1
  TYM010  福光          36.560  136.887    13    21     6            21     2.2
  GIFH10  神岡          36.378  137.372    19    10     7            20     2.5
  ISKH08  津幡          36.738  136.791    15    13     8            17     2.2
  TYM007  富山          36.669  137.212    11    16     6            17     2.3
  NIG026  新井          37.023  138.251     9    15     2            17     2.6
  FKI001  三国          36.219  136.156    14    11     5            16     2.2
  TYM008  大山          36.609  137.283    13    12     5            15     2.1
  NIG027  糸魚川        37.023  137.862     9    13     4            15     2.0
  GIF004  栃尾          36.249  137.517    14    14     5            15     2.3
  GIFH14  上宝          36.249  137.517    11    14     6            14     2.2
  GIF001  白川          36.274  136.898    13    11     8            14     2.1
  TYM001  境            36.976  137.626     9    12     5            13     1.9
  TYM003  魚津          36.816  137.419    11    12     6            13     1.9
  NIG004  小木          37.821  138.280     8    11     4            12     2.0
  GIF003  神岡          36.332  137.301    10    12     3            12     1.5
  GIFH13  白川          36.274  136.898    12    10     7            12     2.1
  FKI004  大野          35.979  136.487     7    11     2            11     1.3
  GIFH04  古川          36.245  137.198    10    10     5            11     2.0
  GIFH17  高鷲          35.951  136.873     8     7     1            11     1.9
  TYM004  宇奈月        36.862  137.527     8     8     7            10     1.5
  GIF005  高山          36.154  137.251     9     9     3            10     2.1
  NGNH18  開田          35.932  137.595     7     9     4            10     2.0
  TYMH04  魚津          36.791  137.469     9     6     6             9     1.8
  NIG003  佐和田        37.998  138.323     9     6     3             9     1.8
  ISK013  白峰          36.181  136.625     7     9     3             9     1.4
  FKI002  越廼          36.039  136.014     9     5     3             9     1.5
  FKIH01  永平寺        36.096  136.362     7     7     4             7     1.4
  GIFH16  朝日北        36.094  137.344     7     5     2             7     1.8
  FKI003  福井          36.074  136.269     7     5     5             7     1.3
  GIFH18  馬瀬          35.899  137.149     7     3     2             7     1.7
  NIGH17  妙高高原      36.857  138.097     5     6     3             7     2.0
  NIGH11  川西          37.173  138.744     5     7     1             7     2.0
  NGN002  信濃          36.807  138.207     4     6     3             6     2.2
  NGN018  王滝          35.813  137.530     4     5     3             6     1.6
  NIG024  安塚          37.127  138.444     6     5     2             6     1.8
  NIG001  岩谷口        38.258  138.434     4     5     2             6     1.5
  NIG019  小千谷        37.304  138.812     4     4     2             6     1.8
  NGN005  白馬          36.698  137.854     5     4     3             5     1.2
  GIFH19  朝日南        36.022  137.391     5     3     3             5     1.7
  GIFH03  根尾          35.633  136.613     4     5     2             5     1.1
  GIFH12  坂内          35.603  136.413     5     3     1             5     0.7
  NIG012  鹿瀬          37.686  139.477     5     4     1             5     1.5
  GIF010  下呂          35.803  137.245     4     4     3             5     1.6
  FKIH02  織田          35.948  136.056     4     4     2             5     1.3
  GIF012  東杉原        35.636  136.488     4     4     1             4     0.7
  NIG002  両津          38.075  138.440     4     4     2             4     1.6
  GIF006  荘川          36.033  136.953     4     3     2             4     1.3
  NIGH06  加茂          37.653  139.068     4     4     2             4     1.3
  FKIH05  敦賀          35.639  136.030     4     3     2             4     1.7
  NGNH29  野沢温泉      36.910  138.441     4     3     2             4     1.5
  GIF008  小坂          35.952  137.260     4     4     2             4     1.3
  GIF009  白鳥          35.922  136.831     3     3     1             4     0.8
  FKI006  今庄          35.773  136.200     1     4     1             4     0.5
  NGNH03  阿智2         35.479  137.735     3     3     1             4     1.1
  GIF018  中津川        35.489  137.500     2     3     2             4     1.6
  FKI011  和泉          35.910  136.668     3     3     1             4     0.7
  NIG018  柏崎          37.372  138.558     3     3     1             3     1.6
  AIC010  作手          34.980  137.430     3     3     1             3     1.1
  FKI005  武生          35.907  136.174     3     2     1             3     0.6
  GIFH23  板取          35.724  136.785     3     3     1             3     0.5
  NGNH23  南木曽        35.606  137.611     3     2     1             3     0.7
  NIG020  小出          37.233  138.962     3     3     1             3     0.8
  GIFH28  中津川        35.457  137.471     3     3     1             3     1.2
  NIG021  十日町        37.201  138.778     2     3     1             3     1.2
  NIG005  松ヶ崎        37.920  138.498     2     3     1             3     1.1
  FKI007  敦賀          35.645  136.058     3     3     1             3     1.2
  FKS028  只見          37.304  139.362     3     2     1             3     1.0
  GIFH08  大和          35.832  136.962     2     3     1             3     0.6
  NIG014  三条          37.641  138.956     3     2     1             3     1.4
  NGN015  諏訪          36.045  138.112     2     3     1             3     1.6
  NGN024  飯田          35.523  137.837     2     3     1             3     1.1
  NIGH14  塩沢          37.030  138.852     2     3     1             3     0.8
  NGN019  木曽福島      35.856  137.708     2     2     1             3    <0.5
  AICH15  足助          35.139  137.336     3     2     1             3     0.5
  GNMH13  水上2         36.862  139.063     2     2     1             3     0.9
  NGNH14  平谷          35.309  137.626     2     2     1             3    <0.5
  GIF014  付知          35.658  137.426     2     2     1             3     1.4
  GIF019  恵那          35.450  137.404     2     2     1             3     0.8
  NIG017  長岡          37.442  138.843     2     2     1             3     0.9
  NGN010  小諸          36.328  138.436     2     2     1             3     1.3
  NIGH12  湯之谷        37.224  138.982     2     2     1             2     0.8
  GIF026  美山          35.591  136.741     2     1     0             2    <0.5
  NIG028  長岡支所      37.426  138.886     2     2     1             2     1.0
  FKIH04  三方          35.559  135.869     2     2     1             2     1.2
  AICH12  幡豆          34.788  137.106     2     2     1             2     1.1
  NIG022  塩沢          37.036  138.846     2     2     1             2     1.1
  GIF013  金山          35.664  137.162     2     2     1             2     0.6
  SZO022  佐久間        35.092  137.814     1     2     1             2     0.7
  GNMH08  嬬恋          36.492  138.524     2     2     1             2     1.2
  NIG013  巻            37.764  138.883     2     2     1             2     1.1
  AICH18  岡崎          34.964  137.238     2     2     1             2     0.6
  NIG016  寺泊          37.642  138.768     2     2     1             2     0.7
  AICH16  設楽          35.154  137.535     2     2     1             2     0.9
  AIC008  設楽          35.101  137.576     1     2     1             2     0.5
  FKI008  三方          35.548  135.908     1     2     1             2     0.9
  NGN022  南木曽        35.608  137.613     2     2     1             2     0.6
  GIFH22  金山          35.668  137.105     1     2     1             2    <0.5
  SZO023  天竜          34.874  137.816     2     1     1             2     0.9
  AIC009  豊田          35.081  137.146     2     2     1             2     1.1
  KYT003  伊根          35.677  135.292     1     2     1             2    <0.5
  AICH04  安城          34.932  137.057     1     2     1             2     0.9
  GIF023  土岐          35.388  137.216     2     2     1             2     0.7
  HYGH13  香住          35.621  134.657     1     2     0             2    <0.5
  GIF011  八幡          35.759  136.981     2     2     1             2    <0.5
  NGN004  長野          36.649  138.194     2     1     1             2     0.8
  NGN001  飯山          36.851  138.366     1     2     1             2     1.0
  NIG011  新津          37.801  139.144     2     1     1             2     1.0
  NGNH27  信州新        36.577  138.048     1     2     1             2     1.1
  NGN008  上田          36.402  138.248     1     2     1             2     1.1
  FKSH06  伊南          37.172  139.520     1     1     1             2     0.7
  SIG002  今津          35.422  136.024     2     1     0             2    <0.5
  AIC015  豊橋          34.755  137.405     1     1     0             2     0.9
  GIFH26  各務原        35.412  136.876     1     1     0             2     0.6
  NIGH05  聖籠          37.976  139.279     1     1     0             2     0.9
  GIFH25  谷汲          35.521  136.613     1     1     0             2    <0.5
  GIFH21  美並          35.666  136.962     1     1     0             2    <0.5
  AIC012  安城          34.912  137.045     1     2     1             2     0.8
  SIG004  朽木          35.348  135.918     1     1     0             1    <0.5
  AICH19  作手          34.951  137.411     1     1     1             1    <0.5
  NGN012  松本          36.256  137.978     1     1     1             1     0.6
  YMT014  下屋地        37.921  139.870     1     1     0             1    <0.5
  AIC014  蒲郡          34.826  137.220     1     1     0             1     0.5
  GIF024  明智          35.301  137.387     1     1     0             1    <0.5
  GIFH24  東白川        35.640  137.319     1     1     1             1    <0.5
  TTRH03  溝口          35.355  133.492     1     1     0             1     0.7
  NGNH54  飯田          35.449  138.006     1     1     1             1    <0.5
  SIGH03  信楽          34.853  136.032     1     1     0             1     0.5
  NGNH32  松本          36.258  137.990     1     1     0             1    <0.5
  NIGH15  六日          37.053  138.995     1     1     0             1    <0.5
  NGNH24  松川          35.615  137.880     1     1     1             1     0.5
  NGNH30  奈川          36.064  137.685     1     1     0             1    <0.5
  AICH09  豊橋          34.664  137.390     1     1     0             1     0.7
  KYTH01  野田川        35.524  135.124     1     1     0             1    <0.5
  NGNH34  大町中        36.533  137.820     1     1     1             1    <0.5
  MIEH10  芸濃          34.822  136.424     1     1     0             1     0.5
  YMTH07  米沢          37.896  140.028     1     1     0             1     0.5
  GIFH27  美濃加茂      35.453  137.004     1     1     1             1    <0.5
  NIGH04  関川          38.131  139.543     1     1     1             1    <0.5
  SZOH28  浜松          34.668  137.744     1     1     0             1     0.7
  GIFH06  高富          35.504  136.794     1     0     0             1    <0.5
  NGNH25  南信濃        35.299  137.927     1     1     1             1    <0.5
  SZOH30  水窪北        35.223  137.918     1     1     0             1    <0.5
  YMTH06  高畠          37.963  140.184     1     1     0             1    <0.5
  NIGH02  朝日          38.280  139.549     1     1     0             1     0.5
  YMTH14  西川西        38.386  139.992     1     1     0             1    <0.5
  NIGH07  村松          37.666  139.261     1     1     0             1    <0.5
  NIGH03  荒川          38.133  139.429     1     1     0             1    <0.5
  MIEH01  四日市        34.985  136.456     1     1     0             1    <0.5
  NGNH31  塩尻          36.118  137.939     1     1     0             1    <0.5
  HYGH09  東条          34.908  135.084     1     0     0             1    <0.5
  AICH20  新城          34.898  137.488     1     1     0             1    <0.5
  AICH22  豊橋北        34.785  137.439     1     1     0             1    <0.5
  NARH06  山添          34.641  136.051     0     1     0             1    <0.5
  YMTH02  山形          38.269  140.258     1     0     0             1    <0.5
  SZOH25  新居          34.691  137.560     1     1     0             1    <0.5
  GIFH07  春日          35.418  136.435     0     1     0             1    <0.5
  NIGH19  湯沢          36.811  138.785     1     1     0             1    <0.5
  SZOH32  龍山東        35.009  137.841     0     0     0             1    <0.5
  AICH11  春日井        35.306  137.057     0     0     0             1    <0.5
  YMTH05  小国          37.988  139.802     0     0     0             1    <0.5
  GNMH12  神流          36.144  138.913     0     1     0             1    <0.5
  SZOH34  清水北        35.130  138.424     0     0     0             0    <0.5
  YMTH15  西川東        38.426  140.125     0     0     0             0    <0.5
  TTRH06  河原          35.395  134.199     0     0     0             0    <0.5
  YMTH11  最上          38.713  140.554     0     0     0             0    <0.5
  TCGH16  芳賀          36.548  140.075     0     0     0             0    <0.5
  MIEH02  大山田        34.766  136.284     0     0     0             0    <0.5
  SZOH53  掛川3         34.877  138.017     0     0     0             0    <0.5
  GNMH07  利根          36.700  139.210     0     0     0             0    <0.5
  SZOH31  川根          34.940  138.077     0     0     0             0    <0.5
  YMNH12  増穂          35.562  138.449     0     0     0             0    <0.5
  YMTH12  立川          38.636  140.006     0     0     0             0    <0.5
  TCGH17  藤原2         36.985  139.692     0     0     0             0    <0.5
  SZOH36  藤枝          34.914  138.201     0     0     0             0    <0.5
  NGNH15  辰野          36.009  137.930     0     0     0             0    <0.5
  SZOH37  芝川          35.203  138.566     0     0     0             0    <0.5
  AKTH16  西仙北        39.545  140.348     0     0     0             0    <0.5
  GNMH11  富岡          36.286  138.921     0     0     0             0    <0.5
  TCGH10  大田原        36.858  140.023     0     0     0             0    <0.5
  SITH08  小鹿野        36.027  138.969     0     0     0             0    <0.5
  TCGH12  氏家          36.696  139.984     0     0     0             0    <0.5