最大加速度リスト

地震発生時刻   2019/06/18-22:22:00.00
震央北緯       38.6°
震央東経       139.5°
震源深さ       14.0km
マグニチュード M6.7

  コード  観測点名      緯度    経度     最大加速度 (ガル) 三成分合成値 計測震度
　　　　　 　　         北緯    東経      N-S   E-W   U-D        (ガル)         
  YMT004  温海          38.628  139.589   633   571   214           653     5.2
  AKTH04  東成瀬        39.174  140.713   347   235    90           378     5.0
  YMT005  肘折          38.607  140.162   215   331   165           332     4.6
  YMTH13  朝日          38.470  139.761   241   235   114           330     4.2
  YMT003  鶴岡          38.729  139.801   181   218   109           270     5.3
  NIG006  寒川          38.450  139.496   233   212   154           251     4.8
  YMT014  下屋地        37.921  139.870   168   249    36           250     4.4
  NIG012  鹿瀬          37.686  139.477   180   159    46           201     4.5
  NIGH02  朝日          38.280  139.549   188   164   126           197     4.5
  MYG005  鳴子          38.799  140.651   143   133    88           193     4.1
  YMT016  清川          38.789  140.018   156   107    76           176     4.1
  AKT011  宮田          39.813  140.580   173    93    31           174     4.0
  YMTH09  戸沢          38.750  140.178   166   101    35           170     4.2
  NIG003  佐和田        37.998  138.323   150   143    35           169     4.3
  NIGH04  関川          38.131  139.543    91   147    69           169     4.2
  AKTH19  湯沢          39.191  140.471   122   140    43           162     4.2
  NIG007  村上          38.230  139.486   129   115   104           145     4.2
  MYG019  鳴子温泉      38.751  140.723   101   112    37           144     3.7
  AKT019  雄勝          39.038  140.451   119   105    31           138     3.7
  AKT015  本荘          39.383  140.050    92   131    31           136     4.5
  YMTH08  八幡          38.970  140.033    95   114    35           130     3.9
  YMTH14  西川西        38.386  139.992    80   105    80           118     4.1
  YMT008  中村          38.386  139.992    62   112    59           117     4.1
  FKS023  会津若松      37.477  139.929   102   110    25           113     4.4
  FKS022  西会津        37.600  139.647    97    67    45           109     4.0
  AKT018  鳥海          39.194  140.190   101    79    24           107     3.8
  YMTH12  立川          38.636  140.006    84    96    61           105     4.1
  NIG011  新津          37.801  139.144    74   102    25           105     4.1
  NIG010  新潟          37.915  139.011    82    93    17           102     4.0
  YMT001  酒田          38.914  139.813    89    97    40           102     4.5
  AKT020  象潟          39.202  139.909    92    92    34            98     3.9
  AKTH03  矢島          39.222  140.128    73    67    34            94     4.0
  YMTH02  山形          38.269  140.258    72    90    27            91     3.9
  NIGH06  加茂          37.653  139.068    73    70    59            89     3.8
  YMTH15  西川東        38.426  140.125    88    80    41            88     3.8
  NIG008  中条          38.053  139.405    87    73    39            88     3.7
  NIG002  両津          38.075  138.440    63    87    27            88     4.2
  NIG004  小木          37.821  138.280    70    80    18            85     3.7
  YMTH04  上山          38.081  140.298    68    64    28            85     3.2
  AKT017  横手          39.297  140.563    75    59    22            79     3.7
  YMT012  長井          38.107  140.043    71    67    54            79     3.4
  YMT013  小国          38.062  139.757    62    73    25            77     3.6
  YMTH06  高畠          37.963  140.184    67    63    42            74     3.8
  MYGH07  川崎          38.180  140.641    57    64    28            72     3.7
  NIGH08  津川          37.671  139.465    46    59    27            70     3.6
  NIGH10  上川          37.544  139.365    69    47    21            70     3.6
  NIGH03  荒川          38.133  139.429    62    55    42            67     3.7
  IWTH26  一関東        38.969  141.001    62    48    31            66     3.3
  AKT009  男鹿          39.888  139.847    36    57    13            64     3.8
  AKT010  秋田          39.722  140.100    52    54    19            64     3.6
  AKTH16  西仙北        39.545  140.348    60    62    18            64     3.5
  AKTH02  西木南        39.663  140.572    40    63    12            63     3.4
  NIG001  岩谷口        38.258  138.434    53    62    28            63     3.7
  MYG014  作並          38.318  140.636    53    41    19            62     3.6
  YMTH03  南陽          38.103  140.155    56    53    25            62     3.0
  YMT011  上山          38.150  140.267    58    55    25            61     3.9
  MYG015  岩沼          38.105  140.870    49    49    24            60     3.8
  MYG004  築館          38.732  141.027    52    48    15            58     3.6
  NIGH05  聖籠          37.976  139.279    57    51    21            57     3.6
  YMT002  新庄          38.768  140.296    46    56    27            56     3.4
  FKS026  南郷          37.266  139.539    38    54    13            55     3.2
  MYGH13  南三陸        38.699  141.418    54    26     9            55     3.3
  YMTH05  小国          37.988  139.802    49    38    33            54     3.1
  YMT006  尾花沢        38.600  140.405    43    43    37            54     3.6
  NIG009  新発田        37.951  139.338    33    47    26            53     3.5
  AKTH01  西木北        39.815  140.579    44    39    19            51     3.5
  MYG012  塩竈          38.318  141.019    46    38    23            51     3.4
  FKS006  葛尾          37.503  140.759    45    38    13            50     3.4
  IWTH20  花巻南        39.343  141.047    46    36    14            50     3.6
  IWTH19  花巻北        39.456  141.000    50    37    19            50     3.2
  IWT015  川尻          39.318  140.779    34    48    12            50     3.4
  MYGH05  小野田        38.579  140.780    36    48    15            50     3.6
  YMT007  東根          38.431  140.391    32    48    26            50     3.2
  YMT017  新庄支所      38.791  140.313    49    40    21            49     3.3
  AKTH14  鹿角          40.062  140.808    33    49     8            49     3.3
  MYG006  古川          38.566  140.977    41    41    16            49     3.6
  AKT023  椿台          39.146  140.717    43    47    31            48     3.6
  NIG014  三条          37.641  138.956    45    44    20            48     3.7
  IWT012  北上          39.321  141.138    41    47    12            48     3.4
  FKSH02  熱塩加納      37.732  139.882    36    40    24            48     3.2
  YMT015  米沢          37.904  140.100    28    47    26            47     3.7
  YMTH11  最上          38.713  140.554    44    46    34            47     3.1
  AKT012  田沢湖        39.699  140.718    31    41    13            47     3.1
  NIG013  巻            37.764  138.883    34    44    14            46     3.6
  FKS030  金山          37.453  139.513    45    41    17            46     3.2
  FKS021  喜多方        37.654  139.863    42    45    12            46     3.2
  AKTH13  阿仁          39.982  140.407    37    40    11            45     2.9
  AKTH17  中仙          39.557  140.612    40    42    20            44     3.6
  NIG005  松ヶ崎        37.920  138.498    41    38    13            44     3.5
  NIGH07  村松          37.666  139.261    39    39    17            43     2.9
  MYG007  豊里          38.588  141.251    39    30    11            42     3.3
  MYGH14  利府          38.340  140.955    34    37    17            42     3.5
  AKT014  角館          39.595  140.555    36    38    13            41     3.3
  FKSH21  只見          37.342  139.315    35    39    15            41     3.3
  FKSH19  都路          37.470  140.723    37    35    17            39     3.1
  FKSH10  西郷          37.162  140.093    35    32    12            39     2.8
  NIG017  長岡          37.442  138.843    33    31    10            39     3.1
  AKT013  協和          39.607  140.321    38    22    17            38     3.2
  NIG019  小千谷        37.304  138.812    22    37    13            38     3.0
  NIG016  寺泊          37.642  138.768    29    37    11            38     3.1
  FKS024  中野          37.396  140.132    37    24    17            38     3.3
  NIG028  長岡支所      37.426  138.886    33    35    13            37     3.1
  AKTH12  五城目        39.916  140.222    37    31     7            37     3.1
  FKS025  下郷          37.308  139.900    30    34    31            37     3.0
  FKSH20  浪江          37.491  140.987    35    23    12            36     3.5
  FKSH17  川俣          37.664  140.597    22    35    10            35     3.1
  IWTH15  矢巾          39.615  141.093    32    30    14            35     3.4
  NIG020  小出          37.233  138.962    31    23    11            35     2.8
  MYGH10  山元          37.941  140.892    30    29    11            34     3.1
  IWT025  大志田        39.517  140.830    29    26     8            34     2.8
  FKSH05  下郷          37.254  139.873    22    34    11            34     3.0
  NIG015  村松          37.694  139.189    24    33    15            34     3.1
  IWTH02  玉山          39.825  141.383    27    25     6            33     2.8
  FKS029  桧枝岐        37.016  139.380    26    24     5            33     2.1
  FKS016  白河          37.123  140.191    29    24    12            33     2.8
  AKT002  大館          40.268  140.566    31    24    10            33     3.3
  YMT009  寒河江        38.390  140.274    27    29    14            32     3.3
  YMT010  山形          38.260  140.349    21    28    24            32     3.0
  FKS010  広野          37.234  141.002    27    25    12            32     3.5
  MYG013  仙台          38.266  140.929    30    24    12            31     3.3
  FKS019  二本松        37.603  140.437    21    30    12            30     2.8
  FKS028  只見          37.304  139.362    27    24    10            30     2.9
  TCG009  今市          36.726  139.715    19    27     6            30     2.9
  AKT022  玉川          39.774  140.667    25    18    14            29     2.8
  FKS001  相馬          37.795  140.920    29    21    12            29     3.2
  FKS004  飯舘          37.680  140.735    26    20    14            29     2.9
  GNMH13  水上2         36.862  139.063    28    23     9            28     2.6
  FKS003  福島          37.761  140.480    24    23    17            28     3.0
  MYG010  石巻          38.429  141.282    22    26     9            27     3.6
  GNM002  水上          36.782  138.970    19    23     5            27     2.4
  FKS020  猪苗代        37.547  140.108    23    25     8            27     3.5
  NIG025  直江津        37.161  138.224    26    18     7            27     3.2
  TCGH13  馬頭          36.734  140.178    26    12     5            26     2.7
  NIG021  十日町        37.201  138.778    23    18     9            26     2.8
  ISKH03  内浦          37.346  137.244    26    16     4            26     2.6
  FKSH18  三春          37.489  140.538    24    16    11            25     2.8
  MYGH09  白石          38.009  140.603    17    25    12            25     2.8
  GNM003  沼田          36.658  139.078    24    15    10            25     2.6
  AKTH08  藤里          40.319  140.234    18    25    11            25     2.6
  IWT026  相去          39.257  141.098    20    19    11            24     3.0
  AKT005  能代          40.203  140.029    21    21     7            24     3.1
  FKSH12  平田          37.217  140.570    13    22     4            23     2.6
  IWT014  石鳥谷        39.484  141.147    21    22     9            23     3.4
  FKS005  原町          37.639  140.985    21    21     9            22     3.0
  FKS002  梁川          37.845  140.601    17    22     9            22     2.7
  IWTH16  雫石          39.644  140.946    21    18    17            22     3.2
  IWT020  藪川          39.784  141.329    13    19     7            22     2.9
  NIG022  塩沢          37.036  138.846    21    18     7            22     2.7
  MYG002  歌津          38.726  141.511    21    17     5            22     2.1
  NIGH14  塩沢          37.030  138.852    22    13     5            22     2.4
  NIGH12  湯之谷        37.224  138.982    19    15     8            21     2.5
  FKS008  船引          37.436  140.567    15    19     9            21     2.4
  AKT003  藤里          40.278  140.263    19    19     8            21     2.9
  MYG016  白石          38.008  140.621    20    13    11            20     2.8
  MYG008  北上          38.568  141.427    20    15     6            20     2.4
  AKTH09  田代          40.276  140.460    13    19     9            20     2.9
  AKT006  鹿角          40.215  140.787    16    17     7            19     2.8
  NIGH13  牧            37.054  138.397    16    19     5            19     2.6
  MYG017  角田          37.976  140.782    18    16    11            19     3.1
  MYG009  大和          38.447  140.887    18    15     8            19     2.7
  NIG024  安塚          37.127  138.444    13    18     4            19     2.4
  FKSH06  伊南          37.172  139.520    15    15     5            19     2.1
  MYGH06  田尻          38.591  141.071    13    17     9            19     2.7
  TCGH07  栗山西        36.882  139.453    16    15     6            19     2.4
  FKS018  郡山          37.396  140.362    16    16     8            18     2.6
  AOMH09  岩木          40.620  140.350    10    16     4            18     2.6
  FKS027  滝原          37.070  139.681    10    16     4            18     1.7
  IWT018  盛岡          39.695  141.148    17    15     5            18     2.2
  NIG018  柏崎          37.372  138.558    14    13     9            17     2.8
  AOMH14  西目屋        40.549  140.273    14    16     4            17     2.6
  AKT008  飯田川        39.883  140.072    11    16     5            17     2.7
  MYG001  気仙沼        38.901  141.568    15    12     7            17     2.4
  NIGH11  川西          37.173  138.744    15    16     7            16     2.7
  IWTH28  一関西2       39.009  140.864    13    14     8            16     2.6
  IWT021  西根          39.920  141.082    16    14     7            16     2.6
  MYGH08  岩沼          38.113  140.844    13    14    11            16     2.8
  AKT021  阿仁          39.995  140.403    11    12     5            16     2.4
  AOM016  弘前          40.602  140.499    11    12     3            16     2.3
  GNM001  片品          36.772  139.225    13    12     5            15     1.6
  FKS011  いわき        37.091  140.904    15     9     7            15     2.7
  AKT001  小坂          40.328  140.743    14    12     4            15     2.3
  IWTH04  住田          39.181  141.391     9    14     5            15     2.4
  IWTH22  東和          39.334  141.302    14    12     6            15     2.1
  FKS007  大熊          37.406  140.963    11    13     9            15     2.7
  FKS031  川内          37.336  140.813    12    14     9            14     2.6
  IWT016  川井          39.600  141.679    13     8     5            14     2.2
  FKS013  古殿          37.090  140.556    11    14     4            14     2.3
  FKS017  須賀川        37.284  140.369    13    13     5            14     2.6
  IWT013  遠野          39.329  141.564    13    13     4            14     2.5
  IWT011  水沢          39.145  141.152    11    14     8            14     2.9
  FKS012  勿来          36.907  140.793     9    13     4            13     2.8
  NIG023  津南          37.015  138.653    13     9     5            13     2.5
  GNM007  渋川          36.464  139.009    10    12     3            13     2.4
  FKSH11  矢吹          37.201  140.339    10    12     6            13     2.7
  TCG002  塩原          36.990  139.803     9    13     6            13     2.4
  AOM014  子ノ口        40.437  140.941    10    11     6            13     2.9
  IWTH05  藤沢          38.865  141.351    12    10     5            13     2.3
  NIGH19  湯沢          36.811  138.785     8    10     5            12     1.9
  FKS009  小野          37.278  140.635     9    11     5            12     1.9
  IWT007  釜石          39.270  141.856    10     9     3            12     2.2
  AOMH16  新郷          40.462  141.092    11    11     4            11     2.7
  IWT009  大東          39.019  141.403    11     9     4            11     1.6
  IWT010  一関          38.935  141.126    11    10     7            11     2.4
  NGN002  信濃          36.807  138.207    10    10     4            11     2.3
  IWT017  門馬          39.634  141.438     9    11     5            11     1.9
  MYG003  東和          38.735  141.311    11     7     6            11     1.8
  TCGH11  今市          36.708  139.769     8    10     3            11     1.9
  AKTH07  小坂          40.456  140.839    10    10     5            11     2.6
  NGNH29  野沢温泉      36.910  138.441    10     9     6            11     2.1
  IBRH07  江戸崎        35.952  140.330     7    10     2            11     2.9
  NGN001  飯山          36.851  138.366     8     9     4            11     2.1
  ISK005  穴水          37.231  136.904     8    10     3            10     2.3
  ISK004  能都          37.308  137.147     8     9     3            10     2.1
  AOM023  中里          40.968  140.433     8    10     3            10     2.4
  AOM029  西目屋        40.576  140.297    10     7     5            10     2.0
  ISK002  正院          37.444  137.288     8     8     7            10     2.6
  IWTH01  二戸東        40.238  141.342     7     9     3            10     1.9
  NIG026  新井          37.023  138.251    10     6     2            10     2.0
  IWTH21  山田          39.473  141.934    10     7     2            10     1.8
  MYGH11  河北          38.516  141.342     8     7     5            10     2.1
  TCG004  湯元          36.806  139.420     9     8     5             9     2.0
  FKSH08  長沼          37.282  140.214     8     9     4             9     2.0
  AOMH15  大鰐          40.484  140.556     7     8     2             9     1.8
  MYG018  伊里前        38.719  141.523     9     6     5             9     1.9
  GNM014  坂本          36.347  138.721     6     8     4             9     1.9
  IBR003  日立          36.592  140.645     7     7     4             9     1.8
  IBRH06  北茨城2       36.881  140.655     7     7     3             9     1.7
  IWTH12  九戸          40.153  141.424     7     8     2             9     1.8
  IBR001  大子          36.776  140.357     8     8     3             9     1.9
  IWTH27  陸前高田      39.031  141.532     9     7     4             9     1.8
  IBR005  笠間          36.385  140.237     7     6     3             9     1.8
  TCG005  矢板          36.806  139.926     8     7     1             9     1.9
  AOMH18  田子          40.296  141.014     8     6     2             8     1.5
  IWTH03  岩泉          39.802  141.652     8     8     3             8     1.4
  FKSH07  檜枝岐        37.010  139.375     6     8     4             8     1.5
  AOM015  碇ヶ関        40.474  140.631     6     7     5             8     2.1
  AOM017  深浦          40.636  139.928     8     7     4             8     2.2
  AOMH08  鰺ヶ沢        40.762  140.312     8     7     3             8     1.9
  IBRH12  大子          36.837  140.318     5     8     3             8     1.5
  AKT004  八森          40.389  139.983     6     8     3             8     2.1
  IBRH13  高萩          36.795  140.575     8     7     3             8     1.9
  IWT004  田老          39.736  141.967     7     7     4             8     2.0
  ISKH01  珠洲          37.527  137.284     7     6     3             8     2.0
  NIG027  糸魚川        37.023  137.862     8     5     2             8     1.7
  AOM019  五所川原      40.815  140.447     6     7     3             8     2.5
  IWTH08  久慈北        40.269  141.783     4     7     2             8     1.8
  TCG003  藤原          36.814  139.715     7     6     2             8     1.7
  IBR002  高萩          36.706  140.707     5     7     4             8     2.1
  MYGH03  唐桑          38.921  141.638     4     6     5             8     2.1
  FKSH09  郡山          37.353  140.426     7     7     3             8     1.5
  NIGH15  六日          37.053  138.995     6     6     6             8     1.7
  MYGH04  東和          38.786  141.325     7     6     4             8     1.7
  AOM020  青森          40.819  140.750     7     7     2             7     2.5
  IBRH16  山方          36.641  140.398     4     7     1             7     1.4
  GNM006  吾妻          36.510  138.752     6     6     3             7     1.5
  GNMH07  利根          36.700  139.210     6     7     5             7     1.7
  MYG011  牡鹿          38.305  141.504     6     4     6             7     2.4
  TCGH12  氏家          36.696  139.984     7     7     2             7     1.8
  AOM024  蟹田          41.047  140.640     7     6     2             7     2.3
  IWT006  山田          39.485  141.975     6     7     2             7     1.6
  FKS015  棚倉          37.022  140.377     6     6     2             7     1.8
  AKT007  琴丘          40.038  140.092     5     5     2             7     2.1
  TCG015  芹沼          36.749  139.714     6     6     3             7     1.9
  IWTH14  田老          39.743  141.909     6     4     1             7     1.3
  IWT003  普代          40.008  141.886     6     6     2             7     2.1
  IWT005  宮古          39.647  141.946     5     6     4             7     2.1
  AOMH10  黒石          40.609  140.665     6     6     4             6     2.0
  TCG006  小川          36.764  140.130     5     5     3             6     2.0
  NIGH16  糸魚川        36.938  137.848     4     6     2             6     1.4
  AOMH07  深浦          40.745  140.023     5     5     2             6     2.0
  TCG008  鹿沼          36.560  139.768     4     6     3             6     1.7
  IBR013  鉾田          36.159  140.489     6     5     2             6     1.7
  NGN003  山ノ内        36.740  138.413     4     5     2             6     1.5
  TCGH10  大田原        36.858  140.023     5     5     2             6     1.9
  NGN004  長野          36.649  138.194     5     5     1             6     1.3
  AOM026  小泊          41.128  140.311     4     6     2             6     2.2
  IBRH10  石下          36.111  139.989     4     5     2             6     2.0
  AOM018  鯵ヶ沢        40.778  140.198     4     5     3             6     1.9
  NGNH07  中野          36.743  138.376     5     4     2             6     1.5
  IWTH23  釜石          39.274  141.823     5     3     3             5     1.5
  IBRH11  岩瀬          36.370  140.140     5     4     2             5     1.5
  GNMH09  高山          36.621  138.907     4     5     2             5     1.6
  AOMH12  十和田湖東    40.585  141.155     4     5     2             5     1.7
  AOM025  今別          41.179  140.480     4     4     2             5     1.8
  TCGH08  栗山東        36.883  139.646     4     4     3             5     1.4
  FKS014  矢祭          36.886  140.417     4     5     2             5     1.4
  IBR004  大宮          36.552  140.410     4     4     2             5     1.6
  AOM011  三沢          40.680  141.367     4     4     2             5     1.8
  IWT001  種市          40.410  141.719     4     4     1             5     1.5
  AOMH13  八戸          40.579  141.445     5     5     2             5     2.2
  ISK003  輪島          37.392  136.908     3     3     2             5     1.5
  SIT010  大宮          35.907  139.648     3     4     1             5     1.6
  TCG001  黒磯          36.942  140.083     4     4     3             5     1.6
  IWTH11  一戸          40.081  141.191     5     4     2             5     1.7
  AOM021  十和田        40.615  141.208     4     4     1             5     2.0
  IWT023  葛巻          40.037  141.450     3     4     2             5     1.1
  IBR014  土浦          36.073  140.195     4     4     2             5     1.8
  IWT008  大船渡        39.081  141.708     4     4     2             5     1.6
  IWTH17  川井北        39.644  141.598     4     3     4             5     1.6
  IBR007  那珂湊        36.352  140.595     4     4     2             5     1.6
  SIT003  久喜          36.072  139.697     4     4     2             5     2.0
  TCG007  宇都宮        36.569  139.886     4     3     1             4     1.3
  TCGH17  藤原2         36.985  139.692     3     4     2             4     1.3
  IWT002  久慈          40.182  141.764     4     4     2             4     1.8
  NGN015  諏訪          36.045  138.112     3     4     1             4     1.7
  GNMH12  神流          36.144  138.913     3     4     2             4     1.2
  TYM002  氷見          36.866  136.975     4     3     3             4     1.6
  IBR010  下妻          36.184  139.965     3     3     1             4     1.5
  IBR011  つくば        36.125  140.090     4     3     2             4     1.7
  IBRH17  霞ヶ浦        36.086  140.314     4     3     1             4     1.5
  SITH01  岩槻          35.929  139.735     3     4     1             4     1.7
  IBR006  水戸          36.367  140.454     3     3     2             4     1.5
  NGN007  杭瀬下        36.534  138.119     4     4     2             4     1.3
  TCGH06  真岡          36.446  139.951     3     3     1             4     1.5
  GNM011  太田          36.291  139.361     4     4     1             4     1.6
  AOM012  八戸          40.514  141.481     3     4     1             4     1.6
  IWT022  安代          40.101  141.052     3     3     2             4     1.5
  TCGH09  矢板          36.862  139.836     3     4     2             4     1.3
  AOMH17  名川          40.449  141.337     3     3     2             4     1.4
  AOM006  川内          41.198  140.997     3     4     2             4     1.6
  AOMH11  十和田湖西    40.580  140.995     2     4     1             4     1.0
  SIT004  長瀞          36.118  139.105     4     3     1             4     0.7
  NGNH28  戸隠          36.708  138.096     3     3     1             4     1.4
  HKD162  福島          41.486  140.247     3     3     1             3     1.2
  IWTH09  久慈南        40.086  141.712     3     2     1             3     0.9
  HKD159  戸井          41.716  141.002     3     3     1             3     1.1
  HKD161  木古内        41.680  140.433     2     3     1             3     1.5
  GNM004  草津          36.617  138.592     3     3     1             3     1.1
  GNM008  前橋          36.348  139.137     3     2     1             3     1.4
  NGN012  松本          36.256  137.978     3     3     1             3     1.2
  ISK001  大谷          37.500  137.176     3     3     2             3     1.3
  IBR012  石岡          36.195  140.271     3     3     2             3     1.5
  KNGH10  横浜          35.499  139.519     3     3     1             3     1.4
  AOM027  脇野沢        41.145  140.822     2     3     1             3     1.3
  ISK009  七塚          36.733  136.702     3     2     1             3     1.1
  ISK008  羽咋          36.892  136.778     3     2     2             3     1.2
  ISKH02  柳田          37.364  137.041     3     3     2             3     1.2
  AOM005  むつ          41.295  141.197     3     2     1             3     1.6
  IBRH18  ひたちなか    36.363  140.620     3     3     1             3     1.1
  IWT024  二戸          40.261  141.291     3     2     2             3     1.3
  NIGH17  妙高高原      36.857  138.097     2     2     2             3     1.3
  SIT008  春日部        35.983  139.746     3     3     1             3     1.5
  NGNH32  松本          36.258  137.990     3     3     1             3     1.1
  IWTH13  葛巻          39.940  141.549     3     3     2             3     1.2
  GNM009  桐生          36.411  139.325     3     2     1             3     1.2
  GIF007  高根          36.038  137.486     2     2     0             3     0.7
  GNMH11  富岡          36.286  138.921     2     2     1             3     1.0
  SIT002  熊谷          36.148  139.388     3     3     1             3     1.4
  GNM010  館林          36.234  139.533     3     2     1             3     1.4
  ISKH04  富来          37.190  136.718     3     2     1             3     1.3
  IBR009  古河          36.185  139.704     2     3     1             3     1.6
  IWTH10  安代          40.139  140.953     2     2     1             3     1.2
  GNM015  下仁田        36.229  138.758     1     2     1             3    <0.5
  SITH06  川本          36.113  139.289     2     2     1             3     0.8
  SIT001  本庄          36.243  139.194     3     3     1             3     1.4
  TCG013  真岡          36.437  140.023     2     2     1             3     1.2
  SIT014  中津川        35.995  138.801     2     2     1             3    <0.5
  IBR017  江戸崎        35.954  140.319     3     2     1             3     1.3
  TYM004  宇奈月        36.862  137.527     2     2     1             3     0.9
  AOM028  八甲田        40.700  140.919     2     2     2             3     1.6
  ISK007  七尾          37.043  136.968     2     2     1             3     1.3
  SITH11  飯能          35.864  139.273     2     2     1             3     0.9
  IBRH15  御前山        36.557  140.301     2     2     1             3     0.8
  TKY015  東白鬚        35.731  139.812     3     2     1             3     1.3
  TCG011  葛生          36.387  139.614     2     2     1             3     0.7
  IWT019  岩泉          39.803  141.658     3     2     2             3     1.1
  NGNH17  佐久          36.142  138.550     2     2     1             3    <0.5
  TYM001  境            36.976  137.626     2     2     1             3     0.9
  TYM009  八尾          36.586  137.141     2     2     1             3     0.8
  OSMH01  知内          41.598  140.421     2     2     1             2     1.4
  TYM011  芦弁          36.578  137.385     2     2     1             2     0.8
  IBR008  下館          36.306  139.983     2     2     1             2     1.2
  GNM016  万場          36.116  138.925     2     2     1             2     0.6
  IBRH14  十王          36.692  140.548     2     2     1             2     1.0
  NGNH33  生坂          36.460  137.964     2     2     1             2     0.7
  CHBH13  成田          35.831  140.298     2     2     1             2     1.3
  GNMH08  嬬恋          36.492  138.524     2     2     1             2     1.2
  NGNH27  信州新        36.577  138.048     2     2     1             2     1.2
  IWTH07  軽米          40.270  141.571     2     2     1             2     0.8
  IBR016  取手          35.911  140.049     2     2     1             2     1.2
  CHB029  行徳          35.695  139.918     2     2     1             2     1.4
  AOMH05  野辺地        40.856  141.103     2     2     1             2     1.0
  KNG002  横浜          35.437  139.634     2     2     1             2     1.3
  TKY021  猿江          35.688  139.819     2     2     1             2     1.3
  SITH05  神泉          36.151  139.050     2     2     1             2     0.5
  TKY027  瑞江          35.693  139.891     2     2     1             2     1.4
  GNMH05  伊勢崎        36.314  139.185     2     2     1             2     1.1
  AOM022  東田沢        40.992  140.916     2     2     1             2     1.0
  TYMH04  魚津          36.791  137.469     1     2     1             2     0.8
  HKD158  椴法華        41.834  141.141     2     2     1             2     1.2
  HKD163  松前          41.434  140.112     2     1     1             2     0.6
  NGN006  大町          36.509  137.851     2     2     1             2     0.7
  AOM003  大畑          41.405  141.169     2     2     1             2     1.1
  TCGH14  粟野          36.551  139.615     2     2     1             2    <0.5
  TKY023  八広          35.725  139.825     2     2     1             2     1.3
  TKY013  砂町          35.660  139.834     2     2     1             2     1.4
  NGNH18  開田          35.932  137.595     1     2     0             2     0.6
  ISKH06  志賀          37.053  136.821     2     2     1             2     1.1
  TYM007  富山          36.669  137.212     1     2     0             2     0.6
  TKY028  越中島        35.669  139.789     2     2     1             2     1.3
  OSMH02  上磯          41.837  140.633     2     1     1             2     1.2
  FKI001  三国          36.219  136.156     1     1     0             2     0.6
  TKY026  宇喜田        35.670  139.863     2     2     1             2     1.4
  TCG010  足尾          36.635  139.438     2     2     1             2     0.5
  ISKH08  津幡          36.738  136.791     2     1     1             2     0.5
  AOMH03  川内          41.234  140.990     1     2     1             2     1.2
  TKY017  辰巳          35.647  139.809     2     2     1             2     1.3
  KNGH11  厚木          35.404  139.354     1     2     0             2     1.2
  CHBH19  蓮沼          35.594  140.511     1     2     1             2     1.1
  CHBH06  匝瑳          35.721  140.505     1     1     1             2     0.9
  TCG016  北高岡        36.529  140.156     2     1     1             2     0.8
  CHBH04  下総          35.797  140.021     2     2     1             2     1.1
  CHB011  蓮沼          35.588  140.497     1     1     1             2     1.0
  GNMH14  みどり        36.493  139.322     1     2     1             2    <0.5
  CHB019  鋸南          35.111  139.835     2     1     0             2     1.2
  IBRH20  波崎2         35.828  140.732     1     1     1             2     1.1
  YMNH11  大月          35.625  138.978     1     1     0             2     0.8
  ISK006  富来          37.160  136.690     1     1     1             2     0.5
  CHB012  東金          35.573  140.333     2     2     1             2     1.0
  TKY025  篠崎          35.714  139.897     1     1     1             2     1.2
  AOMH01  大間          41.527  140.913     2     1     1             2     1.0
  CHB014  姉崎          35.477  140.049     1     1     1             2     0.8
  NGN005  白馬          36.698  137.854     1     2     1             2     0.8
  AOM002  福浦          41.328  140.813     1     1     0             2    <0.5
  SITH08  小鹿野        36.027  138.969     1     1     0             2     0.5
  TKYH12  八王子        35.670  139.265     1     1     0             1    <0.5
  SITH04  所沢          35.803  139.535     1     1     1             1     0.8
  NGNH19  川上          35.974  138.584     1     1     0             1    <0.5
  CHBH10  千葉          35.546  140.242     1     1     1             1     0.9
  AOMH06  六ヶ所        40.966  141.374     1     1     1             1     0.9
  TKY020  塩浜          35.666  139.809     1     1     1             1     1.0
  GIFH15  高山          36.134  137.221     1     1     0             1     0.5
  NGNH31  塩尻          36.118  137.939     1     1     0             1    <0.5
  NGN009  穂高          36.338  137.869     1     1     0             1     0.5
  TYMH07  利賀          36.441  137.039     1     1     1             1    <0.5
  KNGH18  藤野          35.644  139.128     1     1     0             1    <0.5
  NGNH30  奈川          36.064  137.685     1     1     0             1    <0.5
  GIFH10  神岡          36.378  137.372     1     1     0             1    <0.5
  CHBH11  養老          35.287  140.153     1     1     1             1     0.6
  SZOH37  芝川          35.203  138.566     1     0     0             1    <0.5
  NGNH34  大町中        36.533  137.820     1     1     0             1    <0.5
  IBRH19  つくば        36.214  140.089     1     1     1             1    <0.5
  SZOH42  修善寺        34.976  138.913     1     1     0             1    <0.5
  TKYH13  檜原南        35.702  139.127     1     1     0             1    <0.5
  HYMH02  厚沢部        41.986  140.309     1     1     0             1    <0.5
  YMNH08  西野原        35.690  138.734     1     0     0             1    <0.5
  YMNH10  早川北        35.535  138.309     1     0     0             1    <0.5
  SZOH34  清水北        35.130  138.424     1     0     0             1    <0.5
  KNGH20  松田          35.366  139.126     0     0     0             1    <0.5
  NGNH24  松川          35.615  137.880     0     0     0             1    <0.5
  KSRH01  阿寒北        43.436  144.084     0     0     0             1    <0.5
  YMNH16  甲府2         35.742  138.565     0     0     0             0    <0.5
  NGNH15  辰野          36.009  137.930     0     0     0             0    <0.5
  KNGH23  葉山          35.262  139.611     0     0     0             0    <0.5
  HDKH06  静内          42.350  142.357     0     0     0             0    <0.5
  YMNH12  増穂          35.562  138.449     0     0     0             0    <0.5
  SITH07  名栗          35.912  139.149     0     0     0             0    <0.5
  CHBH17  勝浦東        35.171  140.340     0     0     0             0    <0.5
  IKRH03  千歳          42.888  141.640     0     0     0             0    <0.5
  YMNH15  上九一色      35.532  138.605     0     0     0             0    <0.5
  HYMH01  北檜山        42.485  139.968     0     0     0             0    <0.5
  CHBH20  鴨川南        35.088  140.100     0     0     0             0    <0.5
  SRCH09  栗山          43.059  141.806     0     0     0             0    <0.5
  IBUH07  大滝          42.648  141.064     0     0     0             0    <0.5
  KSRH09  白糠南        42.986  143.984     0     0     0             0    <0.5
  YMNH13  身延          35.351  138.420     0     0     0             0    <0.5
  KNGH21  清川          35.463  139.215     0     0     0             0    <0.5
  HDKH04  門別西        42.513  142.038     0     0     0             0    <0.5
  SZOH54  初島2         35.042  139.168     0     0     0             0    <0.5
  IBUH05  白老          42.563  141.350     0     0     0             0    <0.5
  SBSH06  蘭越          42.831  140.483     0     0     0             0    <0.5
  SZOH38  函南          35.085  138.978     0     0     0             0    <0.5
  HDKH07  様似          42.133  142.916     0     0     0             0    <0.5
  KNGH19  山北中        35.417  139.044     0     0     0             0    <0.5
  KSRH02  阿寒南        43.114  144.123     0     0     0             0    <0.5
  IBUH01  追分          42.874  141.819     0     0     0             0    <0.5
  GIFH18  馬瀬          35.899  137.149     0     0     0             0    <0.5
  SRCH08  砂川          43.514  141.909     0     0     0             0    <0.5
  HDKH01  平取西        42.703  142.230     0     0     0             0    <0.5
  SZOH39  西伊豆西      34.799  138.772     0     0     0             0    <0.5
  GIFH19  朝日南        36.022  137.391     0     0     0             0    <0.5