最大加速度リスト

地震発生時刻   2019/03/13-13:48:00.00
震央北緯       33.8°
震央東経       134.9°
震源深さ       43.0km
マグニチュード M5.3

  コード  観測点名      緯度    経度     最大加速度 (ガル) 三成分合成値 計測震度
　　　　　 　　         北緯    東経      N-S   E-W   U-D        (ガル)         
  WKY001  和歌山        34.229  135.169    55   158    68           162     3.7
  WKYH10  印南          33.825  135.217   112   101    33           117     3.4
  WKY006  御坊          33.891  135.152   112    92    41           114     3.6
  WKYH01  広川          33.980  135.212    72    96    21            99     3.1
  WKY008  田辺          33.729  135.377    90    36    21            97     3.6
  WKY005  龍神          33.894  135.488    85    66    27            87     3.2
  WKY003  有田          34.100  135.116    76    58    27            78     3.6
  TKS004  由岐          33.775  134.591    43    43    28            60     3.1
  WKYH07  上富田        33.689  135.440    33    58    14            58     3.2
  WKYH03  野上          34.131  135.324    27    53    10            53     2.9
  TKS002  徳島          34.044  134.582    49    44    15            52     3.6
  TKS003  阿南          33.872  134.604    42    46    40            48     3.1
  TKSH05  海南          33.663  134.316    41    32    32            44     3.1
  TKS006  牟岐          33.669  134.419    31    41    17            43     3.0
  OSK010  泉南          34.376  135.255    38    26    10            39     2.8
  TKS008  木屋平        33.934  134.212    33    31    25            38     2.6
  TKSH04  徳島          33.990  134.534    27    28    23            36     2.5
  WKY010  すさみ        33.550  135.497    18    31    12            34     2.2
  TKSH02  貞光          34.011  134.092    30    17     8            32     2.2
  WKY014  木守          33.705  135.640    23    30     8            31     2.4
  NAR005  五條          34.341  135.688    16    27     6            30     2.9
  NAR009  十津川        33.938  135.755    28    14     7            30     2.3
  MIE008  名張          34.629  136.107    15    29     4            30     2.9
  NARH01  十津川西      33.967  135.649    29    22    10            29     2.6
  TKS005  上勝          33.879  134.389    24    28    25            28     2.3
  WKY004  清水          34.084  135.431    21    17     6            26     2.2
  HYG026  五色          34.415  134.792    19    17    16            24     2.2
  TKS001  鳴門          34.203  134.610    24    22     8            24     3.0
  NAR007  大塔          34.221  135.737    13    22     8            23     2.6
  KOC001  東洋          33.528  134.281    13    17    16            21     2.2
  OSKH01  田尻          34.398  135.284    13    20     7            21     2.7
  OSK006  堺            34.589  135.471    16    21     4            21     2.6
  KGW004  高松          34.347  134.037    19    16     6            20     2.4
  KOC002  室戸          33.290  134.168    19    16     3            20     2.8
  MIE016  紀和          33.876  135.919    19    10     5            20     2.1
  WKYH09  和歌山        34.287  135.071    18    18     6            19     2.1
  KGWH01  綾上          34.219  133.949    18    12    11            19     2.1
  TKS007  市場          34.090  134.285    17    14     8            19     2.7
  WKY007  本宮          33.837  135.774    17    14    12            18     2.2
  HYG025  洲本          34.340  134.901    10    13    12            18     2.0
  HYG027  南淡          34.250  134.729    13    14     8            18     2.0
  TKS009  木頭          33.772  134.200    13    14    15            17     1.5
  NARH06  山添          34.641  136.051    12    14     3            17     2.0
  NAR004  榛原          34.528  135.951    11    13     3            16     2.0
  KOCH01  北川          33.542  134.120    15    14     5            16     2.0
  TKS010  貞光          34.038  134.061     8    14     9            16     2.2
  OKY014  下津井        34.446  133.788    13    11     7            15     1.8
  HYGH01  三原          34.294  134.794    12    14    13            15     2.4
  TKSH03  木屋平        33.878  134.129    10    13     7            14     1.7
  WKY013  高野          34.216  135.586     8    13     4            14     1.7
  SIG011  信楽          34.878  136.059     9    12     4            14     2.2
  KGWH02  三野          34.198  133.708    10    11     5            13     2.2
  KGW006  長尾          34.250  134.186    11    12     6            13     2.4
  KGW005  観音寺        34.114  133.635    12    10     7            12     2.1
  OKY012  倉敷          34.589  133.755    10     8     2            12     1.9
  WKY012  串本          33.472  135.784     7    11     4            12     2.2
  KGW002  内海          34.473  134.314     9    10     6            12     1.7
  OSK008  岸和田        34.440  135.392     8    11     4            12     2.3
  NAR003  大和高田      34.517  135.719    10     8     3            12     2.2
  NAR006  川上          34.338  135.954    11     7     3            11     1.9
  OKY011  岡山          34.654  133.907    10    10     4            11     1.5
  HRSH03  御調          34.518  133.137     9     8     4            11     1.3
  OKY007  高梁          34.781  133.612     7     8     3            11     1.4
  NARH02  十津川東      33.969  135.857     4    10     5            10     1.1
  KOC003  安芸          33.501  133.907     6     9     3            10     1.9
  WKY002  那賀          34.276  135.430     9     9     6            10     2.4
  WKY011  太地          33.595  135.946     7     9     4            10     2.2
  KGW003  丸亀          34.264  133.790    10     8     3            10     1.6
  MIEH05  尾鷲          34.064  136.169    10     9     4            10     1.4
  MIE005  上野          34.768  136.115     7     9     2            10     1.9
  KGW001  土庄          34.545  134.280     8     6     3            10     0.8
  OSK004  四條畷        34.740  135.639     7     9     4             9     2.1
  OSK009  河内長野      34.437  135.582     7     9     3             9     1.6
  KGW008  琴南          34.164  133.924     6     7     3             9     1.3
  WKY009  新宮          33.721  135.981     7     6     7             9     1.8
  SIGH03  信楽          34.853  136.032     6     8     4             9     2.1
  SIG012  甲賀          34.904  136.231     7     5     2             9     1.7
  OKY008  建部          34.870  133.904     8     5     1             9     1.2
  HYG024  東浦          34.533  134.990     6     6     4             8     1.9
  NAR002  奈良          34.668  135.835     8     7     3             8     1.9
  KYTH07  久御山        34.898  135.746     5     6     2             8     1.8
  HRS021  西城          34.953  133.117     7     6     2             8     0.9
  MIEH09  紀宝          33.764  135.997     8     6     3             8     1.2
  EHMH02  西条          33.865  133.184     8     3     4             8     0.7
  HRS005  油木          34.777  133.281     4     8     3             8     1.3
  SIG007  近江八幡      35.134  136.096     4     8     2             8     1.8
  OSKH02  此花          34.663  135.390     6     3     4             8     1.8
  TKSH06  井川          34.000  133.893     3     7     2             8     1.5
  MIE004  亀山          34.857  136.449     7     7     2             7     1.7
  FKI007  敦賀          35.645  136.058     7     5     1             7     2.0
  HYG022  西宮          34.746  135.350     6     6     3             7     1.7
  TKS011  東祖谷山      33.875  133.922     3     7     3             7     0.7
  OKY005  落合          35.010  133.732     6     7     3             7     1.4
  SIG009  甲西          35.005  136.085     7     7     2             7     1.7
  MIE015  熊野          33.878  136.082     6     6     3             7     1.6
  MIEH01  四日市        34.985  136.456     6     4     1             7     1.6
  NARH07  天理          34.584  135.854     6     5     2             7     1.2
  NAR008  上北山        34.135  136.005     7     5     5             7     1.0
  MIE014  尾鷲          34.064  136.169     7     5     2             7     1.1
  MIE007  白山          34.644  136.337     7     4     2             7     1.5
  HYG023  明石          34.644  135.000     5     6     4             7     1.5
  HYG021  神戸          34.690  135.158     5     5     2             6     1.6
  MIE009  松阪          34.575  136.530     4     6     2             6     1.5
  KOCH11  室戸          33.287  134.160     6     4     1             6     1.6
  MIE001  藤原          35.172  136.494     5     5     2             6     1.8
  OKY004  新見          34.958  133.502     6     5     2             6     1.0
  MIE018  椿世          34.870  136.455     6     3     1             6     1.4
  NAR001  生駒          34.715  135.727     4     5     4             6     1.8
  NARH03  川上          34.292  136.002     6     5     2             6     1.1
  KOCH12  芸西          33.529  133.819     5     5     2             6     1.5
  OKY013  笠岡          34.510  133.510     6     5     2             6     1.1
  SIG001  余呉          35.540  136.207     4     6     2             6     1.7
  OKYH11  勝央          35.073  134.116     5     3     1             6     0.8
  OKY010  備前          34.745  134.188     4     5     3             6     0.8
  EHMH03  新宮          33.915  133.650     3     6     3             6     0.6
  MIE002  菰野          35.028  136.507     4     5     2             6     1.7
  EHM002  新居浜        33.922  133.307     5     4     2             5    <0.5
  SIGH04  日野          34.964  136.261     4     5     1             5     1.1
  KOCH09  香北          33.675  133.824     4     4     3             5     0.7
  GIFH26  各務原        35.412  136.876     4     5     1             5     1.6
  FKIH05  敦賀          35.639  136.030     4     5     1             5     1.8
  AIC016  美浜          34.779  136.909     4     5     2             5     1.7
  OSK005  大阪          34.725  135.510     4     5     2             5     1.5
  SIG008  永源寺        35.070  136.295     5     4     2             5     1.3
  OKY001  湯原          35.170  133.731     4     5     2             5     1.2
  OSK007  羽曳野        34.558  135.606     4     4     3             5     1.7
  SIG010  大津          34.972  135.897     4     3     2             5     1.7
  OKYH03  岡山          34.778  133.789     3     4     4             5     0.8
  EHMH10  宮窪          34.192  133.058     5     4     2             5     1.1
  TKS012  池田          34.032  133.809     4     4     4             5     1.3
  MIE013  南島          34.278  136.500     4     3     3             5     1.7
  AIC011  知多          34.996  136.864     5     3     2             5     1.5
  KOCH05  池川          33.647  133.144     3     5     2             5     0.6
  MIE006  津            34.718  136.504     4     5     2             5     1.7
  KOC004  物部          33.697  133.877     4     3     3             5     0.9
  KOCH07  須崎          33.392  133.287     3     4     2             5     0.8
  KGWH03  三木          34.270  134.148     3     4     2             5     1.0
  MIE017  宮川          34.362  136.335     4     4     2             4     0.7
  FKIH04  三方          35.559  135.869     4     3     1             4     1.7
  OKY009  吉井          34.918  134.092     4     4     1             4     0.6
  GIFH03  根尾          35.633  136.613     4     3     1             4     1.5
  KYT013  宇治          34.878  135.805     4     3     3             4     1.5
  KOC005  土佐山田      33.593  133.692     3     3     4             4     0.5
  GIF017  揖斐川        35.483  136.571     4     3     1             4     1.5
  OSKH05  大阪          34.716  135.520     3     4     2             4     1.3
  FKI001  三国          36.219  136.156     3     3     1             4     1.6
  OKYH05  建部          34.868  133.853     4     4     2             4     0.5
  EHM001  伊予三島      33.979  133.549     4     3     4             4     1.1
  OSK003  豊中          34.767  135.468     4     4     2             4     1.4
  MIEH10  芸濃          34.822  136.424     4     4     1             4     1.3
  HRS020  因島          34.294  133.178     3     4     2             4     0.9
  FKI003  福井          36.044  136.228     3     2     1             4     1.5
  HYGH06  相生          34.794  134.479     3     4     2             4     0.5
  ISK014  加賀          36.303  136.315     4     2     1             4     1.6
  KYT014  南山城        34.773  135.992     3     3     2             4     1.1
  KOC007  高知          33.561  133.527     2     4     1             4     1.5
  HRSH05  神辺          34.557  133.418     4     3     2             4     1.1
  AIC003  津島          35.173  136.740     3     3     1             4     1.6
  AIC009  豊田          35.081  137.146     3     2     1             4     1.4
  GIFH12  坂内          35.603  136.413     3     4     1             4     1.1
  FKI005  武生          35.907  136.174     3     2     1             4     0.9
  HRS002  東城          34.895  133.275     3     4     1             4    <0.5
  HYG016  赤穂          34.755  134.390     3     3     1             4     1.3
  MIE003  四日市        34.970  136.636     3     3     1             4     1.6
  GIFH06  高富          35.504  136.794     3     2     1             3     1.2
  FKIH02  織田          35.948  136.056     3     2     1             3     0.9
  OKYH06  美星          34.676  133.528     3     2     2             3     0.6
  SIG005  彦根          35.249  136.242     3     2     2             3     1.3
  MIE010  伊勢          34.491  136.733     2     3     1             3     1.0
  SIGH01  多賀          35.238  136.360     3     3     1             3     0.9
  HYGH10  加古川        34.816  134.808     3     3     2             3     1.3
  OSK002  高槻          34.857  135.596     3     3     2             3     1.3
  EHM004  今治          34.062  132.998     2     3     1             3     0.8
  HRSH01  三原          34.374  133.024     2     3     2             3     0.5
  OKYH09  湯原          35.181  133.677     2     3     1             3    <0.5
  HRS008  向原          34.603  132.720     2     3     1             3     0.5
  KOC017  大豊          33.784  133.730     3     2     2             3     0.8
  MIEH03  嬉野          34.547  136.369     3     2     1             3     0.6
  TTRH02  日野          35.231  133.391     3     3     2             3     0.7
  OSK001  能勢          34.969  135.396     3     2     1             3     0.9
  TTR008  米子          35.426  133.330     3     2     1             3     1.2
  MIEH02  大山田        34.766  136.284     3     3     1             3     1.0
  OKYH08  哲多          34.910  133.405     3     3     1             3    <0.5
  HRS010  世羅          34.587  133.049     2     3     1             3     0.6
  GIF015  美濃          35.545  136.907     1     3     1             3     1.2
  MIEH06  宮川          34.358  136.329     3     2     1             3     0.6
  OKYH04  真備          34.643  133.686     3     3     2             3     0.5
  OKY015  上斎原        35.279  133.926     2     2     1             3     0.6
  HRSH18  東広島        34.457  132.792     3     2     1             3     0.6
  OKY006  津山          35.068  134.005     2     3     1             3     0.9
  GIF020  岐阜          35.425  136.757     2     2     1             3     1.1
  HYG015  三田          34.952  135.271     2     3     1             3     0.7
  HYG018  姫路          34.814  134.687     2     2     1             3     1.1
  AIC004  名古屋        35.063  136.974     3     2     1             3     1.2
  YMG016  岩国          34.170  132.177     2     3     1             3     1.1
  TTR003  用瀬          35.343  134.208     2     2     1             3     0.8
  SIG002  今津          35.422  136.024     2     2     1             2     0.9
  GIF023  土岐          35.388  137.216     2     2     1             2     1.0
  AIC002  小牧          35.298  136.915     2     2     1             2     1.0
  KOC010  須崎          33.392  133.290     2     2     1             2    <0.5
  KYTH01  野田川        35.524  135.124     2     1     1             2     0.9
  SZO025  湖西          34.719  137.531     2     2     1             2     1.1
  HRSH10  芸北          34.747  132.379     2     2     1             2     0.5
  HYG020  三木          34.798  134.990     2     1     2             2     0.9
  HRSH02  大和          34.548  132.948     2     2     1             2    <0.5
  TTR009  日南          35.171  133.311     2     2     1             2    <0.5
  KYT011  亀岡          35.017  135.564     2     2     1             2     1.0
  HRSH16  吉田          34.663  132.669     2     2     1             2    <0.5
  HRS009  湯来          34.493  132.279     2     2     1             2    <0.5
  AIC012  安城          34.912  137.045     2     1     1             2     0.9
  GIF012  東杉原        35.636  136.488     1     2     1             2     0.6
  AICH09  豊橋          34.664  137.390     2     2     2             2     1.1
  KYT012  京都          34.996  135.819     2     2     1             2     0.8
  AIC017  田原          34.673  137.261     2     2     1             2     1.1
  KOC013  佐賀          33.080  133.101     2     2     1             2     1.0
  HRSH11  神石          34.822  133.167     2     2     1             2    <0.5
  SMNH16  加茂          35.342  132.899     2     2     1             2     0.8
  TTR007  江府          35.283  133.488     2     2     1             2     0.5
  FKI008  三方          35.548  135.908     2     2     1             2     1.0
  AICH18  岡崎          34.964  137.238     1     2     1             2     0.5
  KOCH02  吾北          33.708  133.364     2     1     1             2    <0.5
  HYGH09  東条          34.908  135.084     1     2     1             2     0.7
  EHM007  北条          33.962  132.772     2     1     1             2    <0.5
  OKYH02  瀬戸          34.750  134.070     2     2     1             2    <0.5
  KYTH08  京都          35.009  135.730     1     2     1             2     0.8
  FKI002  越廼          36.039  136.014     2     1     1             2     0.7
  SMN002  松江          35.471  133.068     2     1     0             2     1.0
  MIEH07  志摩          34.254  136.822     2     1     1             2     0.9
  HRS018  竹原          34.341  132.907     2     2     1             2     1.2
  HYGH11  山東          35.292  134.907     2     1     2             2     0.6
  HRSH07  呉            34.288  132.641     2     2     1             2     0.6
  MIEH04  度会          34.353  136.587     2     1     1             2     0.6
  HRSH15  倉橋          34.116  132.505     2     1     0             2    <0.5
  AIC014  蒲郡          34.826  137.220     1     2     0             2     0.7
  SZO018  榛原          34.740  138.224     1     1     1             2     0.9
  AICH16  設楽          35.154  137.535     1     2     1             2     0.6
  TTR002  鳥取          35.485  134.220     2     2     1             2     1.1
  HYG009  黒井          35.169  135.104     1     1     1             2     0.7
  FKI004  大野          35.979  136.487     1     2     1             2     0.5
  MIE012  志摩          34.254  136.823     2     1     1             2     0.9
  OKYH12  大原          35.100  134.319     1     1     1             2    <0.5
  AIC015  豊橋          34.755  137.405     2     1     1             2     0.7
  TTR004  鹿野          35.461  134.055     1     2     1             2     1.0
  OKY003  西粟倉        35.174  134.339     1     1     1             2    <0.5
  GIF026  美山          35.591  136.741     1     1     1             2    <0.5
  AICH15  足助          35.139  137.336     1     1     0             2    <0.5
  AIC010  作手          34.980  137.430     1     1     0             2     0.5
  SZO022  佐久間        35.092  137.814     1     1     0             2     0.5
  KYT002  久美浜        35.604  134.894     1     1     1             2     0.8
  SZO023  天竜          34.874  137.816     1     1     1             2     0.7
  EHMH05  砥部          33.711  132.803     1     1     1             1    <0.5
  SMN016  掛合          35.196  132.815     1     1     1             1    <0.5
  FKI010  高浜          35.490  135.551     1     1     1             1     0.7
  HYGH08  加美          35.101  134.904     1     1     1             1    <0.5
  NGNH03  阿智2         35.479  137.735     1     1     0             1     0.5
  GIFH15  高山          36.134  137.221     1     1     1             1     0.5
  OKYH07  神郷          35.049  133.317     1     1     0             1    <0.5
  HYGH07  夢前          35.032  134.670     1     1     1             1    <0.5
  GIFH27  美濃加茂      35.453  137.004     1     1     1             1    <0.5
  GIFH07  春日          35.418  136.435     1     1     1             1    <0.5
  HYG010  丹南          35.059  135.178     1     1     0             1    <0.5
  KOCH08  土佐清水      32.780  132.972     1     1     1             1    <0.5
  NGN015  諏訪          36.045  138.112     1     1     0             1     1.0
  HYGH04  篠山          35.071  135.281     1     1     1             1    <0.5
  HRSH04  沼隈          34.379  133.349     1     1     1             1    <0.5
  NGNH14  平谷          35.309  137.626     1     1     0             1    <0.5
  HYGH13  香住          35.621  134.657     1     1     0             1    <0.5
  GIFH23  板取          35.724  136.785     1     1     0             1    <0.5
  SMNH04  邑智          35.092  132.531     1     1     0             1    <0.5
  AICH22  豊橋北        34.785  137.439     1     1     1             1     0.5
  HRSH17  戸河内        34.572  132.233     1     1     0             1    <0.5
  GIFH28  中津川        35.457  137.471     1     1     1             1     0.6
  FKIH01  永平寺        36.096  136.362     1     1     0             1    <0.5
  SZOH25  新居          34.691  137.560     1     1     0             1    <0.5
  NGNH23  南木曽        35.606  137.611     1     1     0             1    <0.5
  GIFH08  大和          35.832  136.962     1     1     0             1    <0.5
  HYGH12  新宮          34.931  134.542     1     1     0             1    <0.5
  SZOH28  浜松          34.668  137.744     1     1     0             1     0.5
  MYZH08  川南          32.213  131.531     1     1     0             1    <0.5
  EHMH12  宇和          33.427  132.506     1     1     0             1    <0.5
  HRSH14  沖美          34.209  132.406     1     1     0             1    <0.5
  AICH19  作手          34.951  137.411     1     1     0             1    <0.5
  HYGH14  出石          35.457  134.862     0     1     1             1    <0.5
  HYGH03  波賀          35.219  134.524     1     1     0             1    <0.5
  KOCH10  伊野          33.531  133.439     0     1     0             1    <0.5
  AICH11  春日井        35.306  137.057     1     1     0             1    <0.5
  ISKH09  尾口          36.267  136.717     1     0     0             1    <0.5
  ISKH04  富来          37.190  136.718     1     0     0             1    <0.5
  KOCH03  大正          33.268  132.989     0     1     0             1    <0.5
  KYTH04  美山          35.269  135.551     0     0     0             1    <0.5
  GIFH19  朝日南        36.022  137.391     0     0     0             0    <0.5
  GIFH18  馬瀬          35.899  137.149     0     0     0             0    <0.5
  NGNH24  松川          35.615  137.880     0     0     0             0    <0.5
  HYGH02  南光          35.067  134.423     0     0     0             0    <0.5
  SZOH34  清水北        35.130  138.424     0     0     0             0    <0.5
  SZOH32  龍山東        35.009  137.841     0     0     0             0    <0.5
  GIFH24  東白川        35.640  137.319     0     0     0             0    <0.5
  NGNH31  塩尻          36.118  137.939     0     0     0             0    <0.5
  SZOH36  藤枝          34.914  138.201     0     0     0             0    <0.5
  NGNH54  飯田          35.449  138.006     0     0     0             0    <0.5
  NGNH25  南信濃        35.299  137.927     0     0     0             0    <0.5
  SZOH53  掛川3         34.877  138.017     0     0     0             0    <0.5
  GIFH16  朝日北        36.094  137.344     0     0     0             0    <0.5
  SZOH31  川根          34.940  138.077     0     0     0             0    <0.5
  KOCH04  大月          32.841  132.707     0     0     0             0    <0.5