最大加速度リスト

地震発生時刻   2004/10/23-17:56:00.00
震央北緯       37.3°
震央東経       138.9°
震源深さ       13.0km
マグニチュード M6.8

  コード  観測点名      緯度    経度     最大加速度 (ガル) 三成分合成値 計測震度
　　　　　 　　         北緯    東経      N-S   E-W   U-D        (ガル)         
  NIG021  十日町        37.128  138.747  1716   850   564          1750     6.2
  NIG019  小千谷        37.306  138.790  1147  1308   820          1502     6.7
  NIG028  長岡支所      37.426  138.886   870   706   436           921     6.1
  NIGH01  長岡          37.427  138.888   818   655   375           841     6.1
  NIG020  小出          37.233  138.962   521   407   312           639     5.5
  NIGH11  川西          37.173  138.744   454   588   325           616     5.6
  NIG017  長岡          37.442  138.843   468   369   331           544     5.5
  NIGH06  加茂          37.653  139.068   357   410   205           460     5.6
  NIGH12  湯之谷        37.224  138.982   410   345   325           443     5.2
  NIGH09  下田          37.539  139.128   368   390   245           434     5.1
  NIG023  津南          37.015  138.653   397   275    86           428     5.0
  GNM002  水上          36.782  138.970   341   279   194           392     4.4
  GNM003  沼田          36.658  139.078   359   293   126           376     4.7
  NIG022  塩沢          37.036  138.846   342   342   127           364     5.1
  FKSH21  只見          37.342  139.315   247   362   137           362     5.1
  NIG012  鹿瀬          37.686  139.477   237   291    63           315     4.9
  NIG024  安塚          37.127  138.444   240   218    55           275     4.9
  NIGH15  六日          37.053  138.995   243   183   119           259     4.3
  FKS029  桧枝岐        37.016  139.380   215   172    70           225     4.1
  NIG025  直江津        37.161  138.224   190   200    38           220     5.2
  NIGH10  上川          37.544  139.365   214   131    99           215     4.5
  FKS028  只見          37.349  139.314   141   167   123           189     4.7
  FKSH06  伊南          37.172  139.520   126   147    76           169     4.0
  FKS021  喜多方        37.654  139.863   135   103    22           166     3.8
  FKS022  西会津        37.600  139.647   132   148    71           165     4.5
  TCGH07  栗山西        36.882  139.453   160   100    74           165     3.8
  FKSH07  檜枝岐        37.010  139.375   149   101    90           162     3.4
  GNM009  桐生          36.411  139.325    73   153    45           161     3.7
  NIGH08  津川          37.671  139.465   126   140    59           158     4.3
  NIG018  柏崎          37.372  138.558    98   144    76           149     4.9
  FKS030  金山          37.453  139.513   145    98    50           145     3.9
  GNM011  太田          36.291  139.361   116   144    37           145     4.3
  NGNH29  野沢温泉      36.910  138.441   130   120    61           137     4.2
  FKS026  南郷          37.266  139.539   111   132    60           137     3.9
  NIG013  巻            37.764  138.883    95   129    39           136     4.5
  NIGH07  村松          37.666  139.261   115   128    50           133     3.8
  TCG009  今市          36.726  139.715    86   120    61           126     4.1
  SIT004  長瀞          36.118  139.105    98   113    18           125     3.6
  GNMH07  利根          36.700  139.210    69   103    65           124     3.3
  NIGH05  聖籠          37.976  139.279    93    88    17           122     3.9
  NIG014  三条          37.641  138.956   118    96    76           122     4.8
  NIGH18  妙高          36.943  138.259    96   110    44           122     4.4
  NGN002  信濃          36.807  138.207   114   101    34           121     4.1
  GNM013  高崎          36.318  139.018   109    79    23           114     4.1
  NIG016  寺泊          37.642  138.768   103    86    37           105     4.1
  NIG010  新潟          37.915  139.011    69   104    34           104     4.1
  FKSH03  高郷          37.608  139.753   101    79    53           101     4.0
  FKSH04  会津高田      37.451  139.813    41    95    21            98     3.5
  NGN003  山ノ内        36.740  138.413    93    70    29            94     3.5
  GNMH06  館林          36.244  139.544    84    75    17            89     3.7
  NIG003  佐和田        37.998  138.323    89    76    41            89     3.8
  NIGH13  牧            37.054  138.397    67    84    28            88     3.9
  GNM007  渋川          36.462  139.010    82    52    39            86     3.6
  FKS027  滝原          37.070  139.681    70    84    33            85     3.0
  YMT014  下屋地        37.921  139.870    55    83    22            85     3.6
  NIG015  村松          37.694  139.189    67    79    29            83     3.7
  NIG026  新井          37.023  138.251    71    78    18            81     3.9
  NGN001  飯山          36.851  138.366    74    78    34            79     4.1
  TCG005  矢板          36.806  139.926    57    70    17            79     3.5
  NIGH19  湯沢          36.811  138.785    72    75    33            77     3.6
  IBR015  岩井          36.069  139.908    66    63    33            76     3.8
  TCGH17  藤原2         36.985  139.692    53    66    38            76     2.8
  FKSH05  下郷          37.254  139.873    60    67    26            74     3.6
  GNM010  館林          36.234  139.533    68    45    33            71     3.5
  NIG006  寒川          38.450  139.496    66    55    17            71     3.8
  CHB003  白井          35.794  140.056    57    41    21            71     3.5
  FKS025  下郷          37.308  139.900    50    59    44            68     3.3
  YMTH02  山形          38.269  140.258    57    58    13            68     3.7
  NIG027  糸魚川        37.023  137.862    58    61    16            68     3.5
  NIGH17  妙高高原      36.857  138.097    67    52    39            67     4.1
  ISK002  正院          37.444  137.288    61    53    30            66     3.9
  TCGH11  今市          36.708  139.769    42    63    22            65     3.2
  NIGH04  関川          38.131  139.543    50    60    44            64     3.5
  YMTH07  米沢          37.896  140.028    47    52    14            64     3.5
  NGNH07  中野          36.743  138.376    56    50    39            64     3.6
  TCG004  湯元          36.806  139.420    47    48    36            64     3.5
  FKS023  会津若松      37.477  139.929    51    62    17            63     3.9
  CHB001  野田          35.959  139.873    53    52    19            63     3.6
  IBR004  大宮          36.527  140.409    60    46    12            63     3.4
  NIG011  新津          37.801  139.144    55    57    17            62     3.8
  FKSH01  西会津        37.757  139.715    49    59    17            61     3.0
  NIG008  中条          38.053  139.405    47    53    26            60     3.3
  FKS024  中野          37.396  140.132    40    53    31            59     3.9
  SITH11  飯能          35.864  139.273    59    37    17            59     3.5
  TCGH08  栗山東        36.883  139.646    51    43    28            58     3.2
  SIT001  本庄          36.243  139.194    35    46    10            57     3.5
  SITH06  川本          36.113  139.289    51    52    13            56     3.2
  SIT006  秩父          35.995  139.071    52    33    11            55     3.2
  IBRH17  霞ヶ浦        36.086  140.314    46    51    20            54     3.4
  GNM012  伊勢崎        36.315  139.192    26    50    19            52     3.1
  TCG003  藤原          36.814  139.715    47    52     5            52     3.4
  TCG014  茂木          36.545  140.174    32    50    12            52     3.3
  YMTH06  高畠          37.963  140.184    44    51    14            52     3.6
  NIG001  岩谷口        38.258  138.434    30    46    17            51     3.3
  YMT015  米沢          37.904  140.100    42    47    15            51     3.8
  TKY015  東白鬚        35.731  139.812    47    38    20            51     3.4
  FKSH10  西郷          37.162  140.093    45    44    21            50     3.2
  TCG010  足尾          36.635  139.438    45    45    37            49     3.0
  GNM006  吾妻          36.510  138.752    30    43    28            49     2.8
  FKS020  猪苗代        37.547  140.108    47    42    14            48     3.9
  SIT003  久喜          36.072  139.697    38    44    27            45     3.8
  IBR016  取手          35.911  140.049    29    36    18            44     3.0
  TCGH10  大田原        36.858  140.023    28    33    16            43     2.9
  IBR009  古河          36.185  139.704    29    35    13            43     3.6
  TCGH14  粟野          36.551  139.615    31    33    36            43     2.5
  YMT013  小国          38.062  139.757    29    42    16            43     3.1
  NIG002  両津          38.075  138.440    42    32    15            42     3.4
  IBR014  土浦          36.073  140.195    38    35    14            42     3.6
  NIG007  村上          38.230  139.486    42    39    17            42     3.1
  SIT002  熊谷          36.148  139.388    28    42    14            42     3.3
  TCGH12  氏家          36.696  139.984    38    33    27            42     3.2
  SIT011  川口          35.810  139.721    36    39    13            42     3.5
  IBRH07  江戸崎        35.952  140.330    39    25     7            41     4.2
  NIGH02  朝日          38.280  139.549    39    32    23            41     3.5
  IBRH12  大子          36.837  140.318    30    38    14            41     3.0
  TCG012  小山          36.286  139.805    40    23    12            41     3.5
  TCG002  塩原          36.990  139.803    23    38    16            40     3.2
  NGNH28  戸隠          36.708  138.096    32    26    11            40     3.5
  GNM016  万場          36.116  138.925    40    23     8            40     2.8
  NGNH26  上山田        36.466  138.147    39    28    24            40     3.1
  TKY023  八広          35.725  139.825    36    36    13            40     3.5
  SITH05  神泉          36.151  139.050    37    32    11            39     2.7
  NGN004  長野          36.649  138.194    26    30    14            38     3.0
  TCGH09  矢板          36.862  139.836    28    31    21            38     2.6
  FKS006  葛尾          37.503  140.759    36    22     8            38     3.1
  GNMH05  伊勢崎        36.314  139.185    32    26    17            38     3.2
  TKY003  青梅          35.797  139.291    23    31     6            37     3.3
  IBR012  石岡          36.190  140.287    29    29    13            37     3.6
  GNM008  前橋          36.348  139.137    33    31    14            36     3.4
  IBRH10  石下          36.111  139.989    22    36    17            36     3.5
  GNMH12  神流          36.144  138.913    29    29     5            36     3.0
  NIG005  松ヶ崎        37.920  138.498    28    33    16            36     3.0
  IBR019  北茨城        36.881  140.654    14    14    35            35     3.5
  NIGH03  荒川          38.133  139.429    32    25    11            35     3.1
  IBRH16  山方          36.641  140.398    22    30     7            35     2.7
  SIT005  小川          36.056  139.263    30    19     5            34     2.6
  IBRH15  御前山        36.557  140.301    34    32     8            34     2.7
  NIG009  新発田        37.951  139.338    34    28    20            34     3.2
  YMT005  肘折          38.607  140.162    29    24    17            34     3.0
  YMTH04  上山          38.081  140.298    26    30     8            34     2.4
  ISK005  穴水          37.231  136.904    21    33    12            33     3.3
  NIGH16  糸魚川        36.938  137.848    29    30    18            33     2.8
  YMT011  上山          38.150  140.267    32    28    15            33     3.3
  FKS014  矢祭          36.868  140.430    18    28     9            33     2.8
  YMT012  長井          38.107  140.043    27    26     7            33     2.9
  KNGH10  横浜          35.499  139.519    32    32    11            33     3.4
  TCGH16  芳賀          36.548  140.075    22    29     8            32     3.2
  IBR010  下妻          36.184  139.965    24    23     9            32     3.2
  IBR011  つくば        36.125  140.090    31    22     9            32     3.3
  YMT003  鶴岡          38.729  139.801    22    30    15            32     3.3
  SIT014  中津川        35.995  138.801    20    31     7            31     2.3
  IBR017  江戸崎        35.954  140.319    24    20    14            31     2.9
  YMTH15  西川東        38.426  140.125    21    27    10            31     3.2
  GNM004  草津          36.617  138.592    28    30    14            31     3.0
  TCGH13  馬頭          36.734  140.178    26    26    12            30     2.9
  YMTH14  西川西        38.386  139.992    28    28    18            30     3.4
  FKS008  船引          37.436  140.567    25    28     7            30     2.8
  CHB028  市川北        35.766  139.966    24    28    12            30     3.0
  IBR005  笠間          36.385  140.237    21    27    12            29     2.8
  FKS017  須賀川        37.284  140.369    24    26    13            29     3.2
  IBRH09  常北          36.439  140.356    24    28    13            29     2.6
  YMT008  中村          38.386  139.992    27    27    16            29     3.4
  SITH10  都幾川        35.996  139.219    23    20     8            29     2.3
  MYG015  岩沼          38.105  140.870    27    20    11            29     3.2
  CHB008  浦安          35.654  139.902    16    25    14            29     3.2
  TKY021  猿江          35.688  139.819    28    24    15            28     3.4
  ISKH05  穴水          37.222  136.969    21    24     4            28     2.5
  FKSH20  浪江          37.491  140.987    27    26     7            28     3.5
  TKY018  八枝          35.655  139.811    21    21    14            28     3.1
  GNMH10  下仁田        36.236  138.729    25    20     8            28     2.1
  FKSH18  三春          37.489  140.538    23    18    10            27     2.6
  CHB007  佐倉          35.723  140.227    22    27    10            27     2.9
  SITH08  小鹿野        36.027  138.969    24    15     5            27     2.4
  NGN007  杭瀬下        36.534  138.119    23    20     9            26     2.9
  KNGH18  藤野          35.644  139.128    10    25     5            26     2.8
  TCG006  小川          36.764  140.130    26    16    11            26     3.1
  GNMH09  高山          36.621  138.907    25    20     8            26     2.6
  FKS019  二本松        37.603  140.437    24    25     9            26     2.9
  ISK004  能都          37.308  137.147    19    21     9            26     3.0
  YMTH13  朝日          38.470  139.761    17    22     6            25     2.4
  TKY017  辰巳          35.647  139.809    22    21    14            25     3.0
  TKY013  砂町          35.660  139.834    24    18     9            25     3.1
  TKY025  篠崎          35.714  139.897    25    16     6            25     2.8
  ISK001  大谷          37.500  137.176    21    23    14            25     3.1
  TKY016  東雲          35.648  139.799    15    23    10            25     3.0
  SITH09  皆野          36.072  139.099    17    24    11            24     2.6
  TKY028  越中島        35.669  139.789    18    18    10            24     3.1
  IBRH11  岩瀬          36.370  140.140    23    23    11            24     3.0
  MYG017  角田          37.976  140.782    18    22     6            24     3.3
  FKS018  郡山          37.396  140.362    21    20    11            24     3.0
  FKSH11  矢吹          37.201  140.339    16    19     7            24     3.1
  FKSH19  都路          37.470  140.723    21    15    10            24     2.8
  TKY022  横網          35.687  139.796    19    22    11            23     3.2
  IBR003  日立          36.592  140.645    22    19     9            23     2.5
  NGNH27  信州新        36.577  138.048    23    16    12            23     3.2
  IBR001  大子          36.776  140.357    21    17    10            23     2.8
  CHBH04  下総          35.797  140.021    19    20     8            22     2.8
  YMTH05  小国          37.988  139.802    22    18    12            22     2.6
  FKSH09  郡山          37.353  140.426    16    15     7            22     2.1
  IBRH13  高萩          36.795  140.575    21    13     9            22     2.8
  FKSH08  長沼          37.282  140.214    19    20     8            22     2.4
  FKS010  広野          37.234  141.002    15    20    11            21     3.0
  GNMH11  富岡          36.286  138.921    20    20    10            21     2.5
  TKY024  奥戸          35.740  139.862    17    21    10            21     3.0
  IBRH08  大洋          36.119  140.562    19    20    10            21     2.8
  GNM014  坂本          36.350  138.718    18    18    10            21     2.5
  NGN015  諏訪          36.045  138.112    16    18     7            21     3.4
  TCG001  黒磯          36.942  140.083    17    18    13            21     2.7
  SITH07  名栗          35.912  139.149    20    14     5            21     2.3
  FKSH12  平田          37.217  140.570    20    14     8            21     2.6
  KNG008  相模原        35.575  139.327    17    17     6            20     2.4
  TCG008  鹿沼          36.560  139.768    20    20    12            20     2.9
  NGNH32  松本          36.258  137.990    18    18     9            20     2.7
  FKS016  白河          37.123  140.191    19    19     8            20     2.9
  NGN008  上田          36.402  138.249    19    12     7            20     2.7
  TKY005  町田          35.578  139.416    18    12     5            20     2.6
  MYG014  作並          38.318  140.636    16    16     6            19     2.8
  CHBH13  成田          35.831  140.298    19    15     8            19     2.5
  NGNH35  穂高          36.382  137.820    15    14     7            19     2.2
  TYM004  宇奈月        36.862  137.527    18    17     9            19     2.5
  SIT009  川越          35.903  139.484    17    16     9            19     2.7
  TYM002  氷見          36.866  136.975    19    16     7            19     2.9
  TKY004  八王子        35.628  139.403    11    17     5            19     2.7
  TKY014  亀戸          35.689  139.835    16    16     9            19     2.9
  TYM001  境            36.976  137.626     9    19     7            19     2.3
  IBR002  高萩          36.706  140.707    16    17    12            19     3.1
  CHBH10  千葉          35.546  140.242    13    17     6            19     2.3
  CHB009  千葉          35.608  140.102    16    15     7            19     2.8
  FKSH13  いわき西      36.995  140.585    12    18     4            18     2.0
  TCGH15  宇都宮        36.559  139.864    16    17    11            18     2.8
  GIF007  高根          36.038  137.486    18    14     5            18     2.4
  FKS012  勿来          36.907  140.793    16    18     6            18     3.1
  SIT012  飯能          35.840  139.321    12    18     8            18     2.4
  CHB014  姉崎          35.477  140.049    13    17     8            18     2.8
  NGNH36  白馬          36.698  137.848    11    17     7            18     2.7
  IBR006  水戸          36.369  140.453    17    15     8            18     2.7
  NGN006  大町          36.509  137.851    14    16     6            18     2.5
  GNM015  下仁田        36.229  138.758    10    16     8            18     1.8
  CHB012  東金          35.573  140.333    12    16     9            18     2.5
  NGNH18  開田          35.932  137.595    17    15     7            18     2.6
  FKS007  大熊          37.406  140.963    12    16     7            17     2.8
  CHB006  成田          35.780  140.307    16    16     8            17     2.5
  TKY007  新宿          35.711  139.686    15    15     6            17     2.7
  TCG011  葛生          36.387  139.614    17    13     9            17     2.4
  CHB024  稲毛          35.633  140.078    16    14     8            17     2.8
  FKSH14  いわき東      37.026  140.970    10    17     6            17     3.0
  TCG013  真岡          36.437  140.023    14    16     8            17     2.8
  NGN014  小海          36.096  138.484    17     8     5            17     2.0
  YMT009  寒河江        38.390  140.274    16    15     6            17     2.9
  TCGH06  真岡          36.446  139.951    13    13     7            17     3.1
  YMTH01  天童          38.384  140.381    14    16     5            16     2.8
  GNMH08  嬬恋          36.492  138.524    13    15     8            16     2.9
  NGN012  松本          36.256  137.978    16    12     5            16     2.5
  TKYH12  八王子        35.670  139.265    14    14    10            16     2.6
  IBRH18  ひたちなか    36.363  140.620    15    13     6            16     2.3
  KNG001  川崎          35.529  139.706    15    15    11            16     2.8
  SIT013  所沢          35.797  139.466    14    13     6            16     2.6
  CHB013  茂原          35.433  140.291    14    14     6            16     2.6
  TKY020  塩浜          35.666  139.809    15    14     6            16     2.9
  YMT007  東根          38.431  140.391    11    15     6            15     2.8
  MYGH01  仙台          38.240  140.997    14    11     2            15     2.8
  IBR008  下館          36.306  139.983    13    12     8            15     2.6
  CHB026  長南          35.387  140.237     8    13     7            15     2.2
  FKSH15  猪苗代        37.646  140.173    12    14     5            15     2.1
  IBR007  那珂湊        36.352  140.595    11    14     5            15     2.5
  NGNH33  生坂          36.460  137.964    11    14     5            15     2.3
  TYMH03  富山          36.729  137.263    15    14     7            15     2.9
  FKS013  古殿          37.090  140.556    15    12     5            15     2.5
  FKS001  相馬          37.795  140.920    14    12     5            15     2.7
  NGNH17  佐久          36.142  138.550    14    13     6            15     1.6
  YMT001  酒田          38.914  139.813    12    13     4            15     2.8
  FKS005  原町          37.639  140.985    14    10     6            14     2.6
  KNG009  厚木          35.442  139.362    13    11     4            14     2.7
  ISKH02  柳田          37.364  137.041    11     9     6            14     2.3
  TYM005  新湊          36.782  137.080    11    13     3            14     2.5
  CHB022  富津          35.308  139.860    13    13     3            14     2.3
  TCG007  宇都宮        36.569  139.886    12    14     9            14     2.8
  IBR018  鹿嶋          35.977  140.632    10    11     4            14     2.2
  YMT010  山形          38.260  140.349    13    13     9            14     2.8
  CHB004  佐原          35.901  140.490    14    13     6            14     2.5
  YMTH03  南陽          38.103  140.155     9    11     3            14     2.1
  YMT004  温海          38.628  139.589    13    12     7            14     2.4
  NGN005  白馬          36.698  137.854    13    12     6            14     2.7
  ISK008  羽咋          36.892  136.778    13    11     8            14     2.5
  ISK003  輪島          37.392  136.908    13    12     8            13     2.6
  MYG004  築館          38.729  141.022    11    12     4            13     2.3
  MYGH09  白石          38.009  140.603    11    11     7            13     2.8
  NGNH16  茅野          35.947  138.185     7    13     5            13     2.0
  FKS031  川内          37.336  140.813     7    11     4            13     2.1
  TYM008  大山          36.609  137.283     7    12     5            13     2.4
  KNGH11  厚木          35.404  139.354     9    12     3            13     2.7
  MYGH05  小野田        38.579  140.780     9    10     5            13     2.7
  MYG005  鳴子          38.799  140.651    12    12    10            13     2.9
  YMTH08  八幡          38.970  140.033    12    10     5            13     2.4
  AKTH05  鳥海          39.072  140.319    10     9     2            13     1.5
  FKS009  小野          37.278  140.635    11    11     4            12     2.1
  TKYH13  檜原南        35.702  139.127     8    12     6            12     1.8
  NGNH30  奈川          36.064  137.685    11    12     3            12     2.2
  CHB015  木更津        35.374  139.916    12    11     7            12     2.7
  TKY006  小金井        35.699  139.503    12    10     5            12     2.6
  NGN024  飯田          35.523  137.837     9     9     3            12     2.7
  ISKH08  津幡          36.738  136.791    10     7     2            12     1.9
  TYM009  八尾          36.586  137.141    10    11     4            12     2.5
  KNG013  小田原        35.264  139.152    11    10     5            12     2.9
  GNM005  嬬恋          36.513  138.518    11    10     7            12     2.5
  CHB017  市場          35.299  140.076    11    10     6            12     2.6
  NGNH37  御代田        36.331  138.497    10    10     7            12     2.5
  ISK007  七尾          37.043  136.968    12    11     5            12     2.7
  YMT016  清川          38.789  140.018     9    11     4            12     2.2
  SITH03  日高          35.899  139.384    11    11     5            12     2.6
  KNG002  横浜          35.437  139.634    10    11     6            11     2.6
  YMTH12  立川          38.636  140.006    10    10     8            11     2.6
  TYM011  芦弁          36.578  137.385     9     9     5            11     2.3
  MYGH10  山元          37.941  140.892     9     9     4            11     2.3
  SITH04  所沢          35.803  139.535    11     7     4            11     2.3
  KNG014  山北          35.361  139.083     9     7    10            11     2.1
  MYG010  石巻          38.428  141.281     9     9     3            11     2.8
  YMTH09  戸沢          38.750  140.178     9    10     2            11     2.1
  AKT011  宮田          39.813  140.580     7    10     2            11     1.8
  NGNH31  塩尻          36.118  137.939     8    10     3            10     2.3
  YMNH11  大月          35.625  138.978    10    10     3            10     2.3
  TKY002  桧原          35.730  139.145     8    10     5            10     2.0
  TYM006  小矢部        36.672  136.897     7     9     2            10     2.3
  MYG013  仙台          38.266  140.929     9     6     4            10     2.3
  CHB010  八日市場      35.708  140.568    10     6     3            10     2.0
  MYG016  白石          38.008  140.621     9     9     5            10     2.5
  NGN009  穂高          36.338  137.869     7     9     5            10     2.1
  MYGH08  岩沼          38.113  140.844     5    10     4            10     2.3
  NGNH09  武石          36.286  138.249     9     9     5            10     1.9
  TYM007  富山          36.669  137.211     7    10     3            10     2.2
  CHBH12  富津          35.344  139.855     7     7     3            10     2.1
  AICH17  豊根          35.184  137.727     9     6     1            10     1.8
  AKTH19  湯沢          39.191  140.471     8     8     2             9     2.0
  NGN017  楢川          35.975  137.826     8     6     4             9     2.0
  NGN013  安曇          36.183  137.785     9     6     3             9     2.0
  ISKH04  富来          37.190  136.718     9     7     4             9     2.3
  NGN016  富士見        35.915  138.242     6     9     3             9     1.9
  NGNH08  三郷          36.254  137.859     8     7     5             9     2.1
  AKTH04  東成瀬        39.174  140.713     6     6     2             9     1.7
  FKS004  飯舘          37.680  140.735     8     8     6             9     1.8
  GIFH15  高山          36.134  137.221     8     5     3             8     2.4
  CHB019  鋸南          35.111  139.835     8     8     3             8     2.7
  AKT015  本荘          39.383  140.050     6     8     2             8     2.2
  TKY001  氷川          35.803  139.096     7     8     4             8     2.0
  YMN009  六郷          35.496  138.463     8     7     2             8     2.2
  FKS011  いわき        37.091  140.904     7     8     6             8     2.6
  NGNH11  富士見        35.916  138.305     7     7     3             8     2.0
  TYMH01  氷見          36.887  136.928     6     8     3             8     1.8
  TYMH06  八尾          36.571  137.160     8     7     4             8     2.3
  NGNH19  川上          35.974  138.584     7     6     3             8     1.5
  CHB020  鴨川          35.115  140.102     5     8     2             8     2.4
  FKS003  福島          37.761  140.480     6     6     4             8     2.2
  CHBH14  銚子中        35.734  140.823     8     4     2             8     2.3
  CHB005  銚子          35.736  140.830     7     4     1             8     2.4
  YMN002  大月          35.613  138.947     8     6     3             8     1.7
  IBRH14  十王          36.692  140.548     7     6     3             8     1.9
  MYG012  塩竈          38.318  141.019     7     6     4             8     1.9
  YMNH08  西野原        35.690  138.734     8     5     3             8     1.8
  FKS015  棚倉          37.022  140.377     6     8     4             8     2.1
  KNG006  二俣川        35.454  139.539     8     7     3             8     2.1
  NGNH34  大町中        36.533  137.820     6     7     6             8     2.1
  NGN010  小諸          36.328  138.436     6     6     4             8     2.2
  NGNH12  南牧          35.970  138.480     7     7     3             7     1.9
  KNG011  藤野          35.615  139.155     7     4     3             7     1.7
  TYM003  魚津          36.816  137.419     6     6     5             7     2.0
  YMN001  丹波山        35.789  138.920     6     6     2             7     1.4
  AKTH06  雄勝          38.980  140.495     6     7     3             7     1.7
  NGN011  長門          36.256  138.267     5     7     2             7     1.7
  YMN005  甲府          35.655  138.568     7     5     2             7     2.1
  NGNH10  木祖          35.963  137.767     7     6     5             7     2.2
  ISKH06  志賀          37.053  136.821     6     6     5             7     2.4
  KNG010  平塚          35.336  139.350     6     7     3             7     2.5
  NGNH24  松川          35.615  137.880     6     5     2             7     2.1
  NGNH23  南木曽        35.606  137.611     7     4     2             7     1.5
  CHB011  蓮沼          35.602  140.501     5     6     2             7     2.1
  SZO010  御殿場        35.309  138.935     7     4     2             7     2.3
  AKT020  象潟          39.202  139.909     6     7     3             7     1.9
  NGN019  木曽福島      35.856  137.708     5     4     4             7     1.7
  YMN010  須玉          35.792  138.410     6     6     3             7     2.0
  FKSH17  川俣          37.664  140.597     7     6     3             7     1.8
  ISK009  七塚          36.732  136.699     5     6     3             7     2.0
  MYG009  大和          38.447  140.887     6     4     3             7     2.0
  GIF001  白川          36.274  136.898     5     5     2             7     1.8
  YMN004  塩山          35.702  138.727     6     5     3             7     1.9
  AKT016  大曲          39.454  140.476     6     6     2             7     2.1
  GIFH13  白川          36.274  136.898     5     6     3             6     1.8
  GIFH10  神岡          36.378  137.372     6     4     2             6     1.7
  NGN018  王滝          35.813  137.530     6     5     2             6     1.7
  AKTH03  矢島          39.222  140.128     5     6     3             6     2.0
  TYMH07  利賀          36.441  137.039     6     4     2             6     1.6
  CHB016  岬            35.300  140.387     6     6     3             6     2.3
  NGNH15  辰野          36.009  137.930     4     6     2             6     1.6
  MYGH02  鳴子          38.859  140.651     6     6     4             6     1.8
  NGNH13  喬木          35.514  137.877     4     5     2             6     1.7
  TYM012  利賀          36.441  137.035     5     5     1             6     1.6
  NGNH20  上松          35.787  137.717     3     6     2             6     1.5
  CHBH16  鴨川          35.138  139.965     5     5     3             6     2.3
  SZO013  清水          35.041  138.476     6     5     2             6     2.2
  FKS002  梁川          37.845  140.601     5     5     2             6     1.8
  YMT002  新庄          38.768  140.296     5     5     3             6     2.1
  NGN020  伊那          35.828  137.953     5     5     3             5     2.2
  ISK006  富来          37.160  136.690     4     5     2             5     1.5
  NGN022  南木曽        35.608  137.613     4     4     2             5     1.5
  GIFH28  中津川        35.457  137.471     5     5     3             5     2.1
  AKTH16  西仙北        39.545  140.348     4     5     2             5     1.5
  FKSH16  福島          37.764  140.377     4     4     2             5     1.9
  YMN003  富士吉田      35.465  138.813     5     4     2             5     2.0
  GIF023  土岐          35.388  137.216     5     4     1             5     1.7
  AICH16  設楽          35.154  137.535     2     5     1             5     1.6
  KNGH20  松田          35.366  139.126     4     4     3             5     2.1
  SZOH42  修善寺        34.976  138.913     3     4     2             5     1.7
  NGNH14  平谷          35.309  137.626     5     3     1             5     1.2
  GIF018  中津川        35.489  137.500     3     4     2             5     1.9
  NGN021  駒ヶ根        35.730  137.934     4     4     3             5     2.0
  NGN023  大鹿          35.579  138.034     3     5     1             5     1.0
  YMNH14  都留南        35.511  138.968     4     3     2             5     1.3
  AIC009  豊田          35.081  137.146     3     4     1             5     1.8
  GIF002  河合          36.273  137.025     4     3     2             4     1.3
  GIF010  下呂          35.803  137.245     4     4     2             4     1.7
  CHBH11  養老          35.287  140.153     4     3     2             4     1.8
  KNG012  秦野          35.379  139.205     4     4     2             4     1.8
  SZO008  沼津          35.096  138.866     4     4     1             4     1.9
  SZO011  富士宮        35.222  138.622     4     3     2             4     1.9
  AKTH12  五城目        39.916  140.222     4     2     1             4     1.0
  AKTH18  大森          39.355  140.387     4     3     2             4     1.4
  IWT020  藪川          39.784  141.329     3     4     1             4     1.7
  KNG004  三崎          35.144  139.622     4     4     1             4     1.6
  SZO022  佐久間        35.092  137.814     2     3     1             4     1.0
  AKT018  鳥海          39.194  140.190     4     3     2             4     1.4
  AKTH14  鹿角          40.062  140.808     4     3     1             4     1.0
  AKT017  横手          39.297  140.563     4     3     2             4     1.4
  AKTH02  西木南        39.663  140.572     3     3     1             4     1.3
  IWTH26  一関東        38.969  141.001     3     3     2             4     1.3
  TYMH05  井波          36.574  136.958     4     3     2             4     1.3
  KNG007  藤沢          35.339  139.490     4     3     2             4     1.8
  AKT009  男鹿          39.888  139.847     3     4     2             4     1.5
  AKTH13  阿仁          39.982  140.407     4     2     1             4     0.7
  TYM010  福光          36.560  136.887     4     3     2             4     1.6
  GIF014  付知          35.658  137.426     2     4     1             4     1.7
  SZOH37  芝川          35.203  138.566     4     2     1             4     1.2
  MYG001  気仙沼        38.901  141.568     3     2     1             4     1.1
  SZO018  榛原          34.740  138.224     3     3     1             4     1.9
  GIFH20  下呂北        35.799  137.253     3     3     1             4     1.6
  SZO016  焼津          34.857  138.311     4     3     1             4     2.0
  GIF004  栃尾          36.249  137.517     3     3     2             4     1.3
  ISK010  金沢          36.542  136.643     3     3     1             4     1.5
  AICH14  長久手        35.184  137.047     3     3     2             4     1.5
  AIC003  津島          35.173  136.740     3     3     1             4     1.9
  AIC010  作手          34.976  137.424     3     3     1             3     1.5
  AICH05  常滑          34.889  136.876     3     3     1             3     1.7
  KNG003  横須賀        35.273  139.658     3     3     1             3     1.5
  ISK014  加賀          36.303  136.315     3     3     1             3     1.5
  SZOH35  伊東中        34.947  139.085     3     3     1             3     1.6
  GIFH14  上宝          36.249  137.517     3     3     2             3     1.2
  AKT012  田沢湖        39.699  140.718     3     3     1             3     1.2
  IWTH02  玉山          39.825  141.383     2     3     0             3     0.8
  KNGH21  清川          35.463  139.215     3     3     2             3     1.2
  IWT012  北上          39.321  141.138     2     3     1             3     1.2
  IWT010  一関          38.933  141.117     3     2     2             3     1.6
  SZOH34  清水北        35.130  138.424     3     3     1             3     1.5
  GIF019  恵那          35.450  137.404     3     3     2             3     1.5
  IWTH20  花巻南        39.343  141.047     2     3     2             3     1.7
  ISKH07  金沢          36.515  136.636     3     2     2             3     1.4
  SZO009  裾野          35.197  138.913     2     3     1             3     1.9
  GIF003  神岡          36.332  137.301     2     3     2             3     1.2
  NGN025  天龍          35.281  137.857     3     2     1             3     1.1
  MYGH06  田尻          38.591  141.071     3     2     2             3     1.6
  AIC002  小牧          35.298  136.915     3     2     1             3     1.1
  GIF005  高山          36.154  137.251     2     3     2             3     1.4
  GIFH17  高鷲          35.951  136.873     3     2     1             3     1.1
  AKT013  協和          39.607  140.321     2     2     2             3     1.3
  SZO012  蒲原          35.127  138.621     2     2     1             3     1.5
  KNG005  鎌倉          35.319  139.546     3     2     2             3     1.5
  CHB018  勝浦          35.158  140.322     3     2     1             3     1.1
  GIFH04  古川          36.245  137.198     2     3     1             3     1.3
  SZOH26  袋井          34.795  137.903     2     3     1             3     1.5
  SZO025  湖西          34.719  137.531     2     2     1             3     1.4
  YMN006  本栖          35.468  138.607     2     2     2             3     1.4
  GIF024  明智          35.301  137.387     3     2     1             3     1.1
  YMNH15  上九一色      35.532  138.605     2     3     2             3     1.2
  AKT014  角館          39.595  140.555     3     2     1             3     1.0
  SZO024  浜松          34.710  137.720     2     2     1             3     1.5
  AKTH01  西木北        39.815  140.579     2     2     2             3     1.3
  IWTH15  矢巾          39.615  141.093     2     3     1             3     1.3
  AKT005  能代          40.203  140.029     3     2     1             3     1.3
  YMNH10  早川北        35.535  138.309     2     1     2             3     1.0
  AIC015  豊橋          34.755  137.405     3     2     1             3     1.6
  AIC016  美浜          34.779  136.909     2     2     1             3     1.5
  SZOH38  函南          35.085  138.978     2     2     1             2     1.3
  AKT002  大館          40.268  140.566     2     2     1             2     1.3
  CHB027  勝浦北        35.181  140.266     2     2     1             2     1.4
  IWTH16  雫石          39.644  140.946     2     2     1             2     1.3
  YMNH12  増穂          35.562  138.449     2     2     1             2     1.3
  AIC012  安城          34.912  137.045     2     2     1             2     1.3
  AKTH15  協和          39.688  140.407     2     2     1             2     0.6
  IWT014  石鳥谷        39.484  141.147     2     2     1             2     1.3
  CHBH17  勝浦東        35.171  140.340     2     2     1             2     1.2
  IWT015  川尻          39.318  140.779     2     2     1             2     1.1
  SZO005  松崎          34.755  138.784     2     2     1             2     1.4
  AICH09  豊橋          34.664  137.390     2     2     1             2     1.5
  AKTH08  藤里          40.319  140.234     2     2     1             2     0.9
  GIFH26  各務原        35.412  136.876     2     2     1             2     1.1
  KNGH19  山北中        35.417  139.044     2     2     1             2     1.2
  YMNH13  身延          35.351  138.420     1     2     1             2     1.2
  YMN007  南部          35.279  138.465     2     1     1             2     1.3
  FKI001  三国          36.216  136.157     2     2     0             2     0.5
  SZO023  天竜          34.874  137.816     2     1     1             2     1.1
  MYG008  北上          38.577  141.451     2     2     1             2     1.1
  GIFH09  羽島          35.277  136.700     2     2     1             2     1.5
  CHB025  千倉          34.971  139.946     2     2     1             2     1.5
  MYG002  歌津          38.726  141.511     2     2     1             2     0.7
  IWTH19  花巻北        39.456  141.000     1     2     1             2     0.8
  GIF008  小坂          35.952  137.260     2     1     1             2     1.0
  AICH15  足助          35.139  137.336     2     2     1             2     0.7
  SZO017  浜岡          34.637  138.128     2     2     1             2     1.4
  MIE003  四日市        34.970  136.636     2     1     1             2     1.2
  SZOH43  清水南        34.974  138.492     2     1     1             2     1.2
  AICH18  岡崎          34.964  137.238     1     2     1             2     0.8
  AOMH14  西目屋        40.549  140.273     2     2     0             2     0.7
  SZO015  梅ヶ島        35.243  138.341     1     2     1             2     0.8
  SIG007  近江八幡      35.134  136.096     2     2     1             2     1.3
  ISK012  鳥越          36.358  136.605     2     2     1             2     0.9
  GIF021  美濃加茂      35.443  137.000     2     2     1             2     0.8
  AIC005  藤岡          35.198  137.206     1     2     1             2     0.9
  GIFH24  東白川        35.640  137.319     2     1     1             2     0.7
  MYGH11  河北          38.516  141.342     1     2     1             2     0.7
  ISKH09  尾口          36.267  136.717     1     2     1             2     0.9
  AICH06  渥美          34.616  137.042     1     1     0             2     1.1
  SZO014  静岡          34.965  138.374     1     2     1             2     1.2
  AICH21  南知多        34.740  136.939     1     2     1             2     1.0
  SZOH25  新居          34.691  137.560     1     2     1             2     1.3
  SIG011  信楽          34.878  136.059     1     1     0             2     0.9
  IWTH25  一関西        39.009  140.864     1     2     1             2     0.7
  AIC017  田原          34.669  137.263     1     2     1             2     0.7
  IWTH04  住田          39.181  141.391     1     1     0             2     0.6
  FKIH03  和泉          35.941  136.699     1     1     1             2     1.0
  GIFH16  朝日北        36.094  137.344     1     1     1             2     0.9
  AIC014  蒲郡          34.826  137.220     1     2     1             2     0.8
  AOMH16  新郷          40.462  141.092     1     1     1             2     0.9
  GIF006  荘川          36.033  136.953     1     1     1             2     0.8
  YMN008  早川          35.432  138.332     1     1     1             2     0.8
  GIFH19  朝日南        36.022  137.391     1     1     1             2     0.9
  GIFH11  八百津        35.486  137.246     1     1     1             2     0.5
  NGNH22  長谷          35.795  138.082     1     1     1             2     0.9
  AKTH09  田代          40.276  140.460     1     1     1             2     0.8
  IWTH27  陸前高田      39.031  141.532     1     1     1             1     0.6
  AICH07  旭            35.219  137.404     1     1     1             1     0.9
  IWTH05  藤沢          38.865  141.351     1     1     1             1     0.6
  SZOH29  静岡北        35.307  138.197     1     1     1             1     0.6
  YMNH09  早川          35.433  138.333     1     1     1             1     0.8
  ISK013  白峰          36.181  136.625     1     1     1             1     0.7
  AOMH13  八戸          40.579  141.445     1     1     1             1     1.1
  GIFH18  馬瀬          35.899  137.149     1     1     1             1     0.9
  SZO019  掛川          34.770  137.998     1     1     1             1     1.0
  SZOH30  水窪北        35.223  137.918     1     1     0             1    <0.5
  SZOH39  西伊豆西      34.799  138.772     1     1     1             1     0.7
  NGNH25  南信濃        35.299  137.927     1     1     1             1     0.7
  MYG003  東和          38.735  141.311     1     1     1             1     0.5
  FKIH01  永平寺        36.096  136.362     1     1     0             1    <0.5
  MIEH10  芸濃          34.822  136.424     1     1     0             1     0.8
  GIFH29  上石津        35.295  136.473     1     1     0             1     0.7
  MYGH12  志津川        38.642  141.443     1     1     1             1     0.6
  AICH10  鳳来          35.000  137.624     1     1     1             1     0.5
  IWTH22  東和          39.334  141.302     1     1     0             1    <0.5
  AICH20  新城          34.898  137.488     1     1     1             1    <0.5
  AICH22  豊橋北        34.785  137.439     1     1     1             1     0.6
  SZOH33  静岡南        35.015  138.353     1     1     1             1     0.8
  GIFH27  美濃加茂      35.453  137.004     1     1     1             1    <0.5
  IWTH12  九戸          40.153  141.424     1     1     0             1    <0.5
  MYGH04  東和          38.786  141.325     1     1     1             1    <0.5
  AKTH10  大館          40.300  140.581     1     1     0             1     0.5
  MYGH03  唐桑          38.921  141.638     1     1     0             1    <0.5
  AKTH07  小坂          40.456  140.839     1     1     0             1     0.6
  SZOH32  龍山東        35.009  137.841     1     1     1             1    <0.5
  IWTH01  二戸東        40.238  141.342     1     1     0             1    <0.5
  IWTH21  山田          39.473  141.934     1     1     0             1    <0.5
  AOMH08  鰺ヶ沢        40.762  140.312     1     1     0             1    <0.5
  GIFH08  大和          35.832  136.962     1     1     1             1     0.5
  MIEH07  志摩          34.254  136.822     1     1     1             1     0.8
  SZOH36  藤枝          34.914  138.201     1     1     1             1     0.5
  MIEH01  四日市        34.985  136.456     1     1     0             1    <0.5
  SZOH41  南伊豆        34.675  138.834     1     1     0             1     0.6
  AICH19  作手          34.951  137.411     1     1     1             1     0.5
  SZOH31  川根          34.940  138.077     1     1     0             1    <0.5
  AOMH15  大鰐          40.484  140.556     1     1     0             1    <0.5
  IWTH03  岩泉          39.802  141.652     1     1     0             1    <0.5
  IWTH23  釜石          39.274  141.823     0     1     0             1    <0.5
  IWTH06  二戸西        40.261  141.171     1     1     0             1    <0.5
  AICH08  額田          34.919  137.299     1     1     1             1    <0.5
  SZOH40  河津          34.783  138.970     1     1     0             1    <0.5
  SZOH24  引佐          34.834  137.662     1     1     0             1    <0.5
  GIFH25  谷汲          35.521  136.613     1     1     0             1    <0.5
  AOMH12  十和田湖東    40.585  141.155     1     1     0             1    <0.5
  GIFH22  金山          35.668  137.105     0     1     0             1    <0.5
  GIFH21  美並          35.666  136.962     1     1     0             1    <0.5
  GIFH23  板取          35.724  136.785     0     0     0             1    <0.5
  AOMH10  黒石          40.609  140.665     1     1     0             1    <0.5
  IWTH18  川井南        39.463  141.678     1     0     0             1    <0.5
  IWTH14  田老          39.743  141.909     0     1     0             1    <0.5
  IWTH17  川井北        39.644  141.598     0     0     0             1    <0.5
  IWTH13  葛巻          39.940  141.549     0     1     0             1    <0.5
  SIGH01  多賀          35.238  136.360     0     0     0             1    <0.5
  IWTH11  一戸          40.081  141.191     0     0     0             1    <0.5
  MIEH02  大山田        34.766  136.284     0     0     0             1    <0.5
  NARH07  天理          34.584  135.854     0     0     0             1    <0.5
  WKYH08  那賀          34.323  135.448     0     0     0             0    <0.5
  SIGH04  日野          34.964  136.261     0     0     0             0    <0.5
  IWTH09  久慈南        40.086  141.712     0     0     0             0    <0.5
  MIEH04  度会          34.353  136.587     0     0     0             0    <0.5
  MIEH08  松阪          34.542  136.503     0     0     0             0    <0.5
  GIFH12  坂内          35.603  136.413     0     0     0             0    <0.5
  SIGH02  大津          35.248  135.867     0     0     0             0    <0.5
  IWTH07  軽米          40.270  141.571     0     0     0             0    <0.5