最大加速度リスト

地震発生時刻   2020/03/09-04:28:00.00
震央北緯       33.3°
震央東経       132.0°
震源深さ       59.0km
マグニチュード M4.7

  コード  観測点名      緯度    経度     最大加速度 (ガル) 三成分合成値 計測震度
　　　　　 　　         北緯    東経      N-S   E-W   U-D        (ガル)         
  EHM015  長浜          33.609  132.477    39    58    22            66     2.8
  OIT013  犬飼          33.073  131.593    38    43     4            55     2.2
  KOC015  宿毛          32.937  132.725    22    47    18            49     3.1
  OIT011  佐賀関        33.246  131.881    39    33    21            42     3.2
  EHMH08  柳谷          33.539  133.002    32    27     5            42     2.3
  YMGH16  上関          33.826  132.104    30    32    14            42     2.7
  OIT010  大分          33.232  131.593    31    27     8            40     2.7
  EHMH06  日吉          33.335  132.798    25    38    16            39     2.1
  EHMH12  宇和          33.427  132.506    39    26    11            39     2.7
  EHM013  三崎          33.392  132.114    34    37    32            39     2.3
  EHM012  宇和島        33.222  132.573    36    20     9            38     2.4
  EHMH05  砥部          33.711  132.803    36    17    11            36     2.3
  EHM014  西海          32.945  132.505    28    18     7            30     2.3
  EHMH11  大洲          33.581  132.601    18    26    11            27     2.2
  OITH05  野津原        33.153  131.542    18    24     3            27     1.7
  EHM010  肱川          33.451  132.688    23    19    10            25     2.4
  EHM011  八幡浜        33.450  132.434    17    24     9            24     2.0
  YMGH17  東和          33.929  132.405    14    21     8            23     2.2
  OITH07  三重          32.987  131.588    18    16    14            23     2.6
  OIT014  津久見        33.066  131.859    21    21     8            23     2.4
  OIT004  国東          33.567  131.738    13    19     6            20     2.1
  OITH02  山香          33.458  131.443    15    18     7            20     2.1
  OITH10  佐伯          32.928  131.869    15    14     5            18     1.7
  KOCH05  池川          33.647  133.144    15    16     7            17     1.5
  EHMH09  伊方          33.472  132.307    14    14    10            17     2.3
  MYZ002  北川          32.698  131.683    13    12     5            17     2.1
  OIT007  杵築          33.417  131.614     9    15     6            16     2.2
  HRS014  大野          34.287  132.277    13    11     6            16     2.1
  YMG016  岩国          34.170  132.177    11    12     4            15     2.4
  YMG017  柳井          33.965  132.101    10    15     4            15     2.6
  YMG018  東和          33.909  132.356    13    14     6            15     2.3
  EHM009  広田          33.632  132.796    11    14     5            15     1.7
  KMMH05  波野          32.955  131.221    13    11     6            15     2.3
  EHMH07  河辺          33.502  132.748     9    13     4            14     1.1
  OIT001  国見          33.678  131.594    14     9     5            14     1.9
  KMM007  高森          32.827  131.123     9    14     8            14     2.4
  YMG013  防府          34.031  131.535    13    10     4            14     2.3
  EHMH02  西条          33.865  133.184    11     8     6            13     1.2
  YMG019  上関          33.846  132.120    11    11     5            12     1.6
  EHMH13  三崎          33.372  132.116    10     9     9            12     1.6
  KOC012  大正          33.197  132.976    11    10     4            12     1.6
  OIT016  佐伯          32.975  131.903     9    11     6            12     2.2
  KOC003  安芸          33.501  133.907    12     7     3            12     1.2
  OIT003  豊後高田      33.557  131.446     6    12     3            12     1.8
  OITH04  庄内          33.131  131.347    10     9     4            11     1.9
  EHM007  北条          33.962  132.772    10     9     3            11     1.9
  HRSH03  御調          34.518  133.137     8     9     4            11     1.5
  HRS019  呉            34.253  132.562    10     7     4            11     1.6
  KOC008  本川          33.776  133.346     7    10     2            11     0.7
  EHM008  松山          33.820  132.728     9     9     3            10     1.8
  OIT006  院内          33.424  131.315    10     6     3            10     1.6
  OITH08  宇目西        32.839  131.536     9     5     3            10     0.9
  YMGH15  徳山          33.972  131.815     9     6     5            10     1.3
  HRS017  三原          34.404  133.083     6     9     2             9     1.0
  EHM016  伊予          33.765  132.709     6     9     4             9     1.5
  KMM004  一の宮        32.932  131.121     7     8     9             9     1.9
  EHM006  美川          33.641  133.008     5     8     1             8     0.8
  HRS008  向原          34.603  132.720     7     6     3             8     1.3
  HRSH07  呉            34.288  132.641     8     7     5             8     1.6
  KOC010  須崎          33.392  133.290     7     5     2             8     0.9
  OIT012  直入          33.066  131.373     8     7     3             8     1.2
  HRSH01  三原          34.374  133.024     7     7     4             8     0.9
  OITH03  安岐          33.474  131.686     6     8     5             8     1.8
  OIT005  耶馬渓        33.455  131.114     7     5     3             8     1.2
  EHMH10  宮窪          34.192  133.058     7     7     4             8     1.2
  KOC011  檮原          33.398  132.896     6     8     4             8     1.5
  YMGH04  周東          34.027  132.063     4     8     3             8     1.4
  YMG015  玖珂          34.097  132.076     7     5     4             8     1.5
  KGWH02  三野          34.198  133.708     7     8     3             8     1.4
  EHM002  新居浜        33.922  133.307     7     6     2             8    <0.5
  OIT015  竹田          32.972  131.397     7     6     3             8     1.4
  KOCH07  須崎          33.392  133.287     7     6     4             8     1.3
  KOC013  佐賀          33.080  133.101     6     7     4             7     1.7
  OIT018  蒲江          32.797  131.925     6     5     2             7     1.3
  KOCH03  大正          33.268  132.989     7     6     3             7     1.3
  FKO004  行橋          33.739  131.010     7     5     3             7     1.6
  OIT002  中津          33.569  131.268     5     6     3             7     1.6
  TKSH05  海南          33.663  134.316     5     5     2             7     0.8
  MYZ003  延岡          32.566  131.660     6     3     4             7     1.5
  MYZ001  高千穂        32.705  131.309     6     6     3             7     1.4
  FKO005  飯塚          33.652  130.696     5     5     1             7     1.6
  YMG014  徳山          34.054  131.808     4     6     2             6     1.4
  KOCH13  本山          33.754  133.576     6     5     2             6     0.8
  HRSH15  倉橋          34.116  132.505     5     4     3             6     1.0
  HRS013  広島          34.377  132.451     5     6     3             6     1.2
  EHM005  川内          33.797  132.914     4     6     3             6     1.2
  FKOH08  小石原        33.465  130.828     4     6     2             6     1.1
  KOCH08  土佐清水      32.780  132.972     5     6     4             6     0.8
  HRSH14  沖美          34.209  132.406     3     5     2             6     0.6
  KOC014  中村          32.989  132.938     5     5     3             5     1.6
  KOC002  室戸          33.290  134.168     3     4     1             5     1.2
  MYZH15  日向          32.365  131.589     5     5     2             5     1.0
  YMG010  美川          34.230  131.982     5     5     3             5     0.9
  KGW005  観音寺        34.114  133.635     4     5     2             5     0.7
  OIT017  宇目          32.858  131.659     5     4     2             5     0.9
  OKY014  下津井        34.446  133.788     5     4     2             5     0.9
  HRS009  湯来          34.493  132.279     4     4     2             5     1.1
  KOC006  土佐          33.495  133.417     3     4     3             5     1.5
  OIT009  湯布院        33.257  131.344     4     5     2             5     1.5
  KOC004  物部          33.697  133.877     4     4     2             5     0.9
  YMG012  宇部          33.994  131.218     2     5     2             5     1.6
  OITH09  宇目東        32.849  131.679     4     3     2             5     0.9
  HRS005  油木          34.777  133.281     3     5     2             5     0.8
  HRSH02  大和          34.548  132.948     3     4     2             5     0.5
  HRSH10  芸北          34.747  132.379     3     4     1             5     1.1
  KGWH01  綾上          34.219  133.949     3     4     3             4     0.7
  TKS006  牟岐          33.669  134.419     4     3     1             4     0.6
  KMM009  矢部          32.686  130.989     3     4     3             4     0.8
  HRSH18  東広島        34.457  132.792     4     3     2             4     0.8
  KOCH02  吾北          33.708  133.364     4     3     1             4    <0.5
  KOCH04  大月          32.841  132.707     3     3     2             4     0.7
  HRS010  世羅          34.587  133.049     3     4     1             4     0.6
  FKO015  柳川          33.163  130.405     3     4     1             4     1.6
  KGW003  丸亀          34.264  133.790     4     4     1             4    <0.5
  SMN008  瑞穂          34.852  132.531     4     2     2             4    <0.5
  HRS018  竹原          34.341  132.907     3     3     2             4     1.0
  FKO003  北九州        33.832  130.901     4     4     2             4     1.0
  KOC009  吾川          33.574  133.172     3     3     2             4     0.6
  YMG004  長門          34.363  131.186     3     4     1             4     1.0
  KOC016  土佐清水      32.736  132.975     3     3     2             4     0.5
  EHM004  今治          34.062  132.998     3     4     1             4     1.1
  KMMH18  阿蘇2         33.003  131.007     3     3     2             4     1.1
  YMG011  下関          34.064  131.021     3     3     2             4     1.3
  FKOH04  嘉穂          33.551  130.745     2     3     1             3     0.8
  KOC005  土佐山田      33.593  133.692     3     3     1             3    <0.5
  FKOH01  北九州        33.885  130.980     3     2     1             3     0.7
  TKS008  木屋平        33.934  134.212     2     3     1             3    <0.5
  KGW004  高松          34.347  134.037     2     3     1             3    <0.5
  HRS020  因島          34.294  133.178     3     3     1             3     0.7
  OKY005  落合          35.010  133.732     3     2     1             3     0.6
  EHMH03  新宮          33.915  133.650     3     2     1             3    <0.5
  YMG008  山口          34.012  131.404     3     3     2             3     0.8
  FKO002  中間          33.826  130.705     3     2     2             3     1.3
  MYZ008  西都          32.106  131.393     3     3     1             3     0.7
  FKO008  添田          33.572  130.854     2     2     1             3     1.0
  MYZ006  都農          32.257  131.561     3     2     1             3     0.8
  MYZH01  五ヶ瀬        32.654  131.226     2     2     2             3     1.1
  TKS004  由岐          33.775  134.591     2     3     2             3     0.8
  TKSH02  貞光          34.011  134.092     2     2     1             3    <0.5
  KMM002  山鹿          33.019  130.685     3     2     2             3     1.1
  MYZH04  諸塚          32.518  131.335     2     2     1             3     0.6
  KMM011  砥用          32.617  130.865     2     2     1             3     0.8
  HRSH09  吉舎          34.702  132.952     1     2     1             3    <0.5
  HRS006  豊平          34.666  132.408     2     2     1             2    <0.5
  SMN016  掛合          35.196  132.815     2     2     0             2    <0.5
  YMG006  豊浦          34.149  130.930     2     2     1             2     0.5
  YMGH07  菊川          34.115  131.051     1     2     1             2     0.6
  HRS021  西城          34.953  133.117     2     2     1             2    <0.5
  YMG009  鹿野          34.232  131.817     2     2     1             2    <0.5
  HRS003  三次          34.814  132.842     2     2     1             2    <0.5
  HRS004  芸北          34.726  132.277     2     2     1             2    <0.5
  FKO007  前原          33.561  130.202     2     1     1             2     0.8
  FKO010  甘木          33.423  130.669     1     2     1             2    <0.5
  KOC007  高知          33.561  133.527     2     2     1             2     1.0
  KMMH09  泉            32.490  130.905     2     2     1             2     0.5
  KMMH06  白水          32.811  131.101     1     2     1             2     0.6
  OKY013  笠岡          34.510  133.510     2     2     1             2    <0.5
  OKY001  湯原          35.170  133.731     2     2     1             2    <0.5
  KOCH01  北川          33.542  134.120     2     2     1             2    <0.5
  FKOH07  大刀洗        33.368  130.635     2     1     1             2    <0.5
  FKO001  玄海          33.843  130.509     2     2     1             2     0.8
  KMM003  玉名          32.934  130.548     2     2     0             2     0.8
  SMN012  六日市        34.353  131.935     2     2     1             2    <0.5
  KOCH12  芸西          33.529  133.819     1     1     1             2    <0.5
  OKY009  吉井          34.918  134.092     2     1     0             2    <0.5
  KMMH02  小国          33.122  131.063     2     2     1             2    <0.5
  YMG007  美祢          34.166  131.206     1     1     1             2    <0.5
  KMMH14  豊野          32.635  130.752     2     1     1             2     0.6
  HRSH06  口和          34.914  132.912     2     2     1             2     0.5
  TKS005  上勝          33.879  134.389     2     1     0             2    <0.5
  TKS012  池田          34.032  133.809     1     2     1             2    <0.5
  FKOH05  犀川          33.529  130.950     2     1     1             2    <0.5
  MYZH16  延岡          32.506  131.696     1     2     1             2    <0.5
  KMMH17  玉名          32.987  130.561     1     2     1             2    <0.5
  MYZ020  椎葉          32.455  131.147     1     2     1             2     0.5
  KMMH03  菊池          32.998  130.830     2     1     1             2     0.6
  FKOH03  宇美          33.561  130.550     2     1     1             2    <0.5
  FKO009  筑紫野        33.495  130.516     2     2     0             2     0.6
  SMN014  津和野        34.467  131.775     2     1     1             2     0.5
  HRSH11  神石          34.822  133.167     1     2     1             2    <0.5
  TKS010  貞光          34.038  134.061     1     2     1             2    <0.5
  OKYH08  哲多          34.910  133.405     1     1     0             2    <0.5
  KGW002  内海          34.473  134.314     1     1     1             2    <0.5
  SMNH09  匹見          34.572  132.012     1     1     1             2    <0.5
  FKO013  八女          33.225  130.561     1     1     1             2    <0.5
  OKY007  高梁          34.781  133.612     1     1     1             2    <0.5
  SMNH07  美都          34.694  132.040     1     1     1             1    <0.5
  HRSH17  戸河内        34.572  132.233     1     1     1             1    <0.5
  KOC001  東洋          33.528  134.281     1     1     1             1    <0.5
  SAGH03  富士          33.410  130.233     1     1     0             1    <0.5
  FKOH10  浮羽          33.289  130.817     1     1     1             1    <0.5
  KMMH08  矢部          32.650  131.025     1     1     1             1    <0.5
  TKSH06  井川          34.000  133.893     1     1     1             1    <0.5
  KOCH10  伊野          33.531  133.439     1     1     1             1    <0.5
  MYZH10  国富          32.022  131.290     1     1     0             1    <0.5
  OKYH03  岡山          34.778  133.789     1     1     1             1    <0.5
  KOCH11  室戸          33.287  134.160     1     1     0             1    <0.5
  SAGH04  東脊振        33.365  130.405     1     1     0             1    <0.5
  MYZH03  椎葉          32.475  131.104     1     1     0             1    <0.5
  KGWH03  三木          34.270  134.148     1     1     0             1    <0.5
  KMMH01  鹿北          33.109  130.695     1     1     1             1    <0.5
  YMGH10  むつみ        34.484  131.633     1     1     1             1    <0.5
  YMGH06  宇部          33.989  131.301     1     1     0             1    <0.5
  HRSH04  沼隈          34.379  133.349     0     1     0             1    <0.5
  MYZH13  都城南        31.730  131.079     0     0     0             0    <0.5
  OKYH02  瀬戸          34.750  134.070     0     0     0             0    <0.5
  SAGH05  白石          33.181  130.105     0     0     0             0    <0.5
  NGSH03  佐世保南      33.126  129.810     0     0     0             0    <0.5