最大加速度リスト

地震発生時刻   2019/01/03-18:10:00.00
震央北緯       33.0°
震央東経       130.6°
震源深さ       10.0km
マグニチュード M5.1

  コード  観測点名      緯度    経度     最大加速度 (ガル) 三成分合成値 計測震度
　　　　　 　　         北緯    東経      N-S   E-W   U-D        (ガル)         
  KMMH17  玉名          32.987  130.561   328   365   101           417     4.3
  KMM003  玉名          32.934  130.548   212   142   101           214     4.4
  KMMH01  鹿北          33.109  130.695   192   119    65           200     3.8
  FKO016  大牟田        33.016  130.447   103   117    42           133     3.6
  KMM002  山鹿          33.019  130.685    68    56    86            96     3.5
  FKO015  柳川          33.163  130.405    59    75    32            75     3.8
  KMMH03  菊池          32.998  130.830    31    45    63            71     3.1
  KMMH02  小国          33.122  131.063    58    52    22            68     3.4
  FKO014  矢部          33.149  130.818    38    59    13            62     2.8
  KMMH16  益城          32.797  130.820    56    30    21            61     3.3
  FKO013  八女          33.225  130.561    51    42    22            51     3.0
  NGS012  島原          32.788  130.346    31    32    21            45     2.8
  FKO010  甘木          33.423  130.669    16    42    14            43     2.7
  FKOH08  小石原        33.465  130.828    27    39     8            39     2.7
  KMM008  宇土          32.688  130.658    24    29    13            36     2.6
  KMMH05  波野          32.955  131.221    31    24    16            35     3.0
  KMM005  大津          32.876  130.877    31    32    28            35     2.9
  NGS014  口之津        32.611  130.185    28    33    19            33     2.7
  SAGH04  東脊振        33.365  130.405    32    21     8            33     2.4
  KMMH07  三角          32.623  130.558    23    28    17            33     2.3
  SAG007  佐賀          33.263  130.300    24    31    18            32     3.1
  KMM009  矢部          32.686  130.989    28    20    17            29     2.7
  NGS008  小長井        32.923  130.184    25    29    12            29     2.4
  KMMH14  豊野          32.635  130.752    23    20    28            28     2.7
  KMMH09  泉            32.490  130.905    24    19     9            27     2.7
  KMM012  八代          32.508  130.602    26    18     7            26     2.4
  OITH11  九重          33.284  131.212    26    14     8            26     2.4
  KMM001  小国          33.121  131.069    20    21    10            26     2.3
  FKO011  久留米        33.324  130.512    25    14    11            26     2.6
  NGS010  長崎          32.735  129.876    25    17    10            26     2.1
  KMMH10  新和          32.315  130.181    24    13    12            25     2.2
  SAG005  厳木          33.321  130.064    24    19     9            25     1.9
  KMM007  高森          32.827  131.123    17    22    11            23     2.6
  KMM006  熊本          32.793  130.777    20    13    16            23     2.8
  KMMH12  人吉          32.205  130.737    22    14     6            23     2.2
  OIT005  耶馬渓        33.455  131.114    20    21     4            22     1.8
  KMM011  砥用          32.617  130.865    22    15     8            22     2.5
  KMM014  五木          32.396  130.827    19    15     7            21     1.9
  NGS009  諫早          32.846  130.022    18    18     6            20     2.3
  FKOH03  宇美          33.561  130.550    15    18     5            20     1.7
  OIT008  天瀬          33.255  131.020    16    16     7            19     1.9
  FKOH07  大刀洗        33.368  130.635    17    14    13            19     2.3
  OITH02  山香          33.458  131.443     9    16     6            17     1.7
  NGS019  大村          32.900  129.958    14    15     5            17     2.0
  SAG004  伊万里        33.265  129.881     9    16     6            16     2.0
  SAG006  武雄          33.192  130.034    15     7     6            16     2.7
  MYZ002  北川          32.698  131.683    15    12     4            16     2.3
  FKO005  飯塚          33.652  130.696    12    10     4            15     1.9
  FKO004  行橋          33.739  131.010    15    12     5            15     1.9
  FKOH10  浮羽          33.289  130.817    12    14     8            15     2.0
  MYZH04  諸塚          32.518  131.335    12    14     8            15     2.3
  KMM004  一の宮        32.932  131.121    15    12     9            15     2.3
  MYZ020  椎葉          32.455  131.147    13    14     5            15     2.1
  KGS001  東            32.195  130.176    14    11     4            15     1.8
  MYZH11  佐土原        32.021  131.470    11    11     5            15     2.3
  SAG002  唐津          33.425  129.919     8    14     8            14     2.0
  MYZ008  西都          32.106  131.393    13    11     5            13     2.0
  MYZH01  五ヶ瀬        32.654  131.226    10    10     7            13     2.4
  FKO012  浮羽          33.332  130.794    11     9     7            13     2.1
  SAG003  富士          33.373  130.207    12    12     6            13     1.8
  OITH07  三重          32.987  131.588     9    12     4            12     2.2
  MYZH08  川南          32.213  131.531    12     9     3            12     1.8
  MYZH03  椎葉          32.475  131.104    11     9     4            12     1.8
  NGSH06  長崎          32.700  129.863    12     5     4            12     1.7
  OIT016  佐伯          32.975  131.903     9     8     5            12     2.2
  OIT002  中津          33.569  131.268    10    10     4            11     1.9
  KMMH08  矢部          32.650  131.025     8     8     4            11     2.0
  OIT003  豊後高田      33.557  131.446    10    10     3            11     1.6
  NGS003  志々伎        33.202  129.413    10     8     2            11     1.9
  KMM017  多良木        32.256  130.926    11     9     4            11     1.7
  MYZ006  都農          32.257  131.561     9     9     3            11     1.8
  SAG008  鹿島          33.104  130.100     6     9     3            10     1.7
  MYZ001  高千穂        32.705  131.309    10     7     4            10     1.9
  MYZH15  日向          32.365  131.589     7     9     2            10     1.6
  KMM018  龍ヶ岳        32.394  130.388     9    10     4            10     1.3
  NGS011  千々石        32.784  130.202     9     8     5            10     1.8
  MYZ003  延岡          32.566  131.660     9     8     6            10     2.2
  OIT012  直入          33.066  131.373     7     8     2            10     1.2
  YMG013  防府          34.031  131.535     9     4     3             9     2.0
  KMM010  三角          32.614  130.487     7     8     7             9     1.9
  KMM016  人吉          32.197  130.776     6     7     5             9     1.9
  OIT015  竹田          32.972  131.397     9     7     4             9     1.7
  KGS003  大口          32.056  130.587     8     8     3             9     1.6
  FKOH06  豊前          33.593  131.135     7     7     4             9     1.5
  FKO007  前原          33.561  130.202     7     8     5             8     1.6
  SAGH01  鎮西          33.508  129.888     7     8     3             8     1.2
  MYZH12  都城北        31.864  130.945     4     8     2             8     1.6
  FKO008  添田          33.572  130.854     7     6     5             8     1.5
  MYZ004  南郷          32.389  131.334     5     7     2             8     1.6
  FKO009  筑紫野        33.495  130.516     7     7     3             8     1.5
  KMMH06  白水          32.811  131.101     4     7     4             8     1.4
  NGS007  琴海          32.906  129.780     5     7     2             7     1.1
  KGS006  横川          31.906  130.702     7     6     2             7     1.6
  MYZ007  西米良        32.235  131.116     6     6     2             7     1.0
  KMM015  水俣          32.216  130.405     5     6     3             7     1.6
  NGS002  松浦          33.344  129.705     6     5     2             7     1.9
  NGS001  平戸          33.362  129.538     5     5     2             7     1.4
  OIT009  湯布院        33.257  131.344     6     5     3             7     1.6
  KMM019  本渡          32.455  130.181     3     7     1             7     0.7
  OITH04  庄内          33.131  131.347     6     6     3             7     1.5
  MYZH10  国富          32.022  131.290     6     6     2             6     1.3
  NGSH03  佐世保南      33.126  129.810     6     5     2             6     1.1
  OIT006  院内          33.424  131.315     6     6     2             6     1.1
  NGSH01  平戸          33.212  129.435     5     5     3             6     1.3
  NGS023  郷ノ浦        33.750  129.690     6     5     6             6     1.3
  MYZ012  高崎          31.872  131.069     5     5     5             6     1.7
  MYZ011  綾            31.995  131.256     4     6     2             6     1.3
  FKOH01  北九州        33.885  130.980     5     5     3             6     1.0
  KMM013  田浦          32.365  130.510     5     5     3             6     1.2
  KMM022  牛深          32.194  130.026     5     4     3             5     1.3
  NGS004  佐世保        33.181  129.718     3     4     2             5     0.8
  KMM020  新和          32.364  130.181     5     5     2             5     1.0
  OITH08  宇目西        32.839  131.536     5     4     1             5     0.6
  NGS005  東彼杵        33.037  129.917     3     5     3             5     1.0
  MYZ013  宮崎          31.909  131.419     5     4     3             5     1.7
  MYZH13  都城南        31.730  131.079     4     5     2             5     1.2
  OIT011  佐賀関        33.246  131.881     5     3     1             5     1.4
  KMMH11  芦北          32.292  130.578     4     4     2             5     0.9
  FKO006  福岡          33.597  130.399     4     4     2             5     1.4
  KGS005  宮之城        31.901  130.451     4     3     1             4     1.0
  YMG011  下関          34.064  131.021     3     4     1             4     1.3
  SAGH05  白石          33.181  130.105     4     3     2             4     1.0
  FKO003  北九州        33.832  130.901     4     4     2             4     1.1
  OIT001  国見          33.678  131.594     4     4     2             4     1.1
  YMG008  山口          34.012  131.404     4     3     1             4     0.8
  OIT004  国東          33.567  131.738     4     3     1             4     1.2
  MYZ019  北郷          32.501  131.444     4     3     2             4     1.1
  OITH10  佐伯          32.928  131.869     2     4     1             4     0.8
  FKO001  玄海          33.843  130.509     3     4     2             4     1.2
  OIT013  犬飼          33.073  131.593     4     3     1             4     0.5
  OIT014  津久見        33.066  131.859     3     3     1             4     1.2
  MYZH02  北川          32.697  131.683     4     3     2             4     1.1
  MYZ015  都城          31.718  131.062     4     3     2             4     0.9
  MYZH16  延岡          32.506  131.696     3     3     1             4     1.1
  NGS006  大瀬戸        32.933  129.643     3     4     1             4     0.5
  MYZ014  田野          31.845  131.303     4     3     2             4     1.2
  OITH01  山国          33.412  131.033     3     2     3             4     1.0
  MYZ010  小林          31.997  130.972     3     3     2             4     1.3
  KGS004  阿久根        32.014  130.193     3     3     1             3     1.4
  KGS002  出水          32.092  130.352     2     3     1             3     0.6
  KGS007  川内          31.814  130.303     2     3     1             3     1.6
  YMG012  宇部          33.994  131.218     3     3     2             3     1.1
  KMM021  天草          32.379  130.000     2     3     1             3     1.2
  YMGH15  徳山          33.972  131.815     3     1     1             3     0.5
  KGSH01  長島          32.155  130.119     3     2     2             3     0.9
  KOC015  宿毛          32.937  132.725     3     3     2             3     1.1
  KGSH05  祁答院        31.870  130.496     2     3     1             3     0.9
  FKO002  中間          33.826  130.705     2     2     1             3     1.0
  YMGH07  菊川          34.115  131.051     2     2     1             3    <0.5
  YMGH14  萩            34.398  131.377     2     3     1             3     1.0
  EHM014  西海          32.945  132.505     3     1     1             3    <0.5
  KGSH07  姶良          31.714  130.615     3     2     1             3     1.3
  OIT007  杵築          33.417  131.614     2     2     1             3     0.8
  OIT018  蒲江          32.797  131.925     2     2     1             3     0.6
  SAG001  鎮西          33.527  129.877     2     2     2             3     0.9
  KGSH04  川内          31.837  130.360     2     2     1             3     0.9
  NGS013  野母崎        32.581  129.760     2     2     1             2    <0.5
  FKOH09  玄海          33.850  130.543     2     2     2             2     0.5
  KGS036  上甑          31.836  129.868     2     2     1             2     0.6
  KMMH15  水俣          32.170  130.365     2     2     1             2     0.6
  KGSH02  阿久根        31.994  130.208     1     2     1             2     0.7
  OITH03  安岐          33.474  131.686     1     2     1             2     0.6
  OIT017  宇目          32.858  131.659     2     2     1             2     0.5
  YMGH16  上関          33.826  132.104     1     2     1             2    <0.5
  NGS022  国分          34.203  129.287     2     2     0             2    <0.5
  YMG002  萩            34.407  131.399     2     2     1             2     0.9
  MYZ005  日向          32.429  131.601     2     2     1             2     0.6
  KOC014  中村          32.989  132.938     1     1     1             2     0.9
  YMG006  豊浦          34.149  130.930     2     2     0             2    <0.5
  KOC013  佐賀          33.080  133.101     1     2     1             2     0.8
  YMG007  美祢          34.166  131.206     1     1     0             2    <0.5
  NGS016  若松          32.888  129.021     1     2     1             2    <0.5
  KGSH03  宮之城        31.981  130.444     2     1     0             2    <0.5
  MYZH09  須木          32.042  131.062     2     1     1             2     0.6
  KGSH06  郡山          31.699  130.459     1     2     1             2    <0.5
  KGS010  串木野        31.712  130.274     2     1     1             2     0.8
  YMG018  東和          33.909  132.356     2     1     1             2     0.8
  KGS008  蒲生          31.762  130.570     1     1     1             2     1.0
  KGS009  国分          31.737  130.761     1     1     1             2     0.8
  YMGH08  豊浦          34.135  130.932     1     2     1             2    <0.5
  YMG017  柳井          33.965  132.101     2     1     0             2     0.8
  NGS015  宇久          33.256  129.125     1     1     0             2    <0.5
  HRS009  湯来          34.493  132.279     1     2     0             2    <0.5
  EHMH12  宇和          33.427  132.506     1     1     0             1    <0.5
  YMGH10  むつみ        34.484  131.633     1     1     0             1    <0.5
  HRSH07  呉            34.288  132.641     1     1     1             1    <0.5
  SMNH07  美都          34.694  132.040     1     1     0             1    <0.5
  YMGH06  宇部          33.989  131.301     1     1     0             1    <0.5
  EHMH08  柳谷          33.539  133.002     1     1     0             1    <0.5
  EHMH13  三崎          33.372  132.116     0     0     0             1    <0.5
  KOCH08  土佐清水      32.780  132.972     1     1     0             1    <0.5
  HRSH14  沖美          34.209  132.406     1     0     0             1    <0.5
  YMGH04  周東          34.027  132.063     0     1     0             1    <0.5
  SMNH06  金城          34.884  132.203     0     0     0             1    <0.5
  EHMH11  大洲          33.581  132.601     0     0     0             0    <0.5
  EHMH06  日吉          33.335  132.798     0     0     0             0    <0.5
  KOCH04  大月          32.841  132.707     0     0     0             0    <0.5
  KOCH03  大正          33.268  132.989     0     0     0             0    <0.5