最大加速度リスト

地震発生時刻   2018/04/14-15:13:00.00
震央北緯       34.8°
震央東経       137.1°
震源深さ       6.0km
マグニチュード M4.5

  コード  観測点名      緯度    経度     最大加速度 (ガル) 三成分合成値 計測震度
　　　　　 　　         北緯    東経      N-S   E-W   U-D        (ガル)         
  AIC014  蒲郡          34.826  137.220   128   194    96           240     3.2
  AICH12  幡豆          34.788  137.106   113   161   157           172     3.9
  AIC012  安城          34.912  137.045   142    97    56           155     3.1
  AIC016  美浜          34.779  136.909    60    39    30            63     2.9
  AICH18  岡崎          34.964  137.238    49    39    26            50     2.9
  AIC004  名古屋        35.063  136.974    45    16    18            46     2.5
  AICH15  足助          35.139  137.336    24    29    11            36     2.3
  AIC011  知多          34.996  136.864    23    32    17            35     2.5
  AIC009  豊田          35.081  137.146    21    32    14            32     2.5
  MIE004  亀山          34.857  136.449    25    19    13            30     2.2
  AIC005  藤岡          35.198  137.206    15    24     7            25     1.8
  MIE009  松阪          34.575  136.530    17    21     9            23     1.7
  AIC008  設楽          35.101  137.576    11    19     8            21     1.9
  GIF023  土岐          35.388  137.216    16    13     6            21     2.1
  AICH19  作手          34.951  137.411    17    17    11            19     1.9
  NARH06  山添          34.641  136.051    10    18     4            18     1.9
  MIE003  四日市        34.970  136.636    17    16     5            17     1.8
  MIE002  菰野          35.028  136.507    16    10     6            17     1.7
  AICH07  旭            35.219  137.404    13     8     3            16     1.4
  GIF024  明智          35.301  137.387    14    10     3            15     1.8
  AIC010  作手          34.980  137.430    14     9     8            14     2.0
  SIG012  甲賀          34.904  136.231    11    13     3            14     1.6
  MIE018  椿世          34.870  136.455    14     9     4            14     1.3
  MIE007  白山          34.644  136.337    13     7     5            14     1.4
  AIC015  豊橋          34.755  137.405    11    13     7            14     1.8
  MIE001  藤原          35.172  136.494    11    12     2            13     1.3
  AICH16  設楽          35.154  137.535    12     9     7            13     1.9
  MIEH08  松阪          34.542  136.503     9    12     6            13     1.0
  AICH22  豊橋北        34.785  137.439     8     8     6            12     1.4
  AICH17  豊根          35.184  137.727    10     7     5            12     1.5
  MIE008  名張          34.629  136.107     9     8     5            11     1.8
  MIEH02  大山田        34.766  136.284    10     8     3            11     0.8
  AIC018  渥美          34.622  137.108     6    10     4            11     1.1
  SIG002  今津          35.422  136.024    10     6     2            10     1.4
  GIF020  岐阜          35.425  136.757    10     8     2            10     1.5
  AIC017  田原          34.673  137.261     7    10     6            10     1.5
  SIG008  永源寺        35.070  136.295     7    10     4            10     1.5
  MIE006  津            34.718  136.504     9     6     7            10     1.5
  MIE005  上野          34.768  136.115     6     9     4             9     1.4
  GIFH26  各務原        35.412  136.876     7     9     5             9     1.7
  MIEH10  芸濃          34.822  136.424     8     8     6             9     1.3
  GIFH12  坂内          35.603  136.413     6     9     1             9     1.2
  MIEH03  嬉野          34.547  136.369     7     7     6             9     1.0
  GIFH03  根尾          35.633  136.613     7     6     2             9     1.3
  MIE010  伊勢          34.491  136.733     7     8     3             8     1.3
  GIF021  美濃加茂      35.443  137.000     5     7     2             8     1.0
  AIC002  小牧          35.298  136.915     7     7     4             8     1.2
  AIC003  津島          35.173  136.740     5     7     6             8     1.3
  AICH09  豊橋          34.664  137.390     7     6     6             8     1.6
  NGNH18  開田          35.932  137.595     5     7     2             8     1.7
  AIC013  長篠          34.934  137.576     7     5     3             8     1.0
  MIE017  宮川          34.362  136.335     6     7     2             8     0.9
  SZOH25  新居          34.691  137.560     6     7     3             8     1.1
  GIF016  七宗          35.542  137.119     6     5     1             7     0.5
  NGNH23  南木曽        35.606  137.611     5     6     2             7     1.0
  GIF013  金山          35.664  137.162     4     6     2             7     0.5
  GIFH11  八百津        35.486  137.246     6     5     2             7     0.9
  GIF007  高根          36.038  137.486     5     6     2             7     1.5
  SIG005  彦根          35.249  136.242     7     4     2             7     1.3
  GIF011  八幡          35.759  136.981     4     6     1             7     0.9
  SZO022  佐久間        35.092  137.814     3     6     3             6     1.5
  GIF018  中津川        35.489  137.500     4     5     2             6     1.1
  SIGH04  日野          34.964  136.261     6     5     2             6     1.0
  AIC001  尾西          35.298  136.750     6     3     3             6     1.0
  NAR008  上北山        34.135  136.005     5     4     3             6     0.7
  GIF012  東杉原        35.636  136.488     5     5     1             6     0.9
  NGNH03  阿智2         35.479  137.735     5     5     2             6     1.2
  MIE011  飯高          34.428  136.333     6     5     1             6     0.7
  MIEH01  四日市        34.985  136.456     5     5     3             6     0.9
  NGN024  飯田          35.523  137.837     5     4     2             6     1.2
  MIEH05  尾鷲          34.064  136.169     5     5     2             5     0.8
  AICH10  鳳来          35.000  137.624     5     4     2             5    <0.5
  GIFH24  東白川        35.640  137.319     3     5     1             5    <0.5
  SZO025  湖西          34.719  137.531     4     4     4             5     1.3
  GIFH27  美濃加茂      35.453  137.004     4     3     2             5     0.9
  GIF019  恵那          35.450  137.404     3     4     2             5     1.0
  KYTH07  久御山        34.898  135.746     4     3     1             5     1.1
  SIG009  甲西          35.005  136.085     4     3     2             4     0.9
  SIG011  信楽          34.878  136.059     3     4     2             4     1.2
  NAR004  榛原          34.528  135.951     4     3     1             4     0.7
  GIFH09  羽島          35.277  136.700     4     3     2             4     1.0
  FKIH04  三方          35.559  135.869     4     2     2             4     1.0
  NGN023  大鹿          35.579  138.034     3     3     1             4     0.6
  SZO023  天竜          34.874  137.816     3     3     2             4     1.4
  MIE014  尾鷲          34.064  136.169     3     3     1             4    <0.5
  GIFH28  中津川        35.457  137.471     4     3     2             4     0.9
  FKIH05  敦賀          35.639  136.030     3     3     2             4     1.2
  NGN025  天龍          35.286  137.857     4     2     1             4    <0.5
  NGN022  南木曽        35.608  137.613     3     3     1             4     0.5
  SZOH30  水窪北        35.223  137.918     3     3     1             4     0.6
  MIEH06  宮川          34.358  136.329     2     3     1             4    <0.5
  SZOH28  浜松          34.668  137.744     3     3     2             4     1.0
  NGN019  木曽福島      35.856  137.708     3     3     2             4     0.9
  GIF017  揖斐川        35.483  136.571     3     3     2             3     0.5
  NARH03  川上          34.292  136.002     3     2     2             3     0.5
  SZO026  春野          34.982  137.898     3     3     1             3     0.6
  SZO021  本川根        35.097  138.133     3     3     1             3    <0.5
  NAR001  生駒          34.715  135.727     3     2     2             3     0.7
  NGN018  王滝          35.813  137.530     3     3     1             3     1.1
  SIGH03  信楽          34.853  136.032     3     3     1             3     0.9
  GIF015  美濃          35.545  136.907     3     3     1             3    <0.5
  GIF026  美山          35.591  136.741     3     2     1             3    <0.5
  GIFH23  板取          35.724  136.785     3     2     1             3    <0.5
  GIF022  上石津        35.283  136.471     3     2     1             3     0.6
  GIF008  小坂          35.952  137.260     3     3     1             3     0.9
  FKI007  敦賀          35.645  136.058     2     2     2             3     0.8
  KYT014  南山城        34.773  135.992     1     3     1             3    <0.5
  NGN017  楢川          35.975  137.826     3     2     1             3     0.9
  GIF010  下呂          35.803  137.245     2     3     1             3     0.7
  OSK004  四條畷        34.740  135.639     2     2     1             3     0.6
  GIF014  付知          35.658  137.426     2     3     1             3     0.5
  SIG007  近江八幡      35.134  136.096     3     2     1             3     0.8
  MIE013  南島          34.278  136.500     2     3     1             3    <0.5
  SZO015  梅ヶ島        35.243  138.341     1     2     1             3    <0.5
  NAR006  川上          34.338  135.954     2     2     2             3     0.5
  SZO024  浜松          34.710  137.720     2     2     2             3     0.6
  NARH04  黒滝          34.306  135.837     3     2     1             3    <0.5
  GIFH18  馬瀬          35.899  137.149     3     2     1             3    <0.5
  NGNH25  南信濃        35.299  137.927     2     3     1             3    <0.5
  YMN009  六郷          35.496  138.463     2     2     0             3     0.9
  FKI005  武生          35.907  136.174     2     2     1             2     0.5
  MIE016  紀和          33.876  135.919     2     2     1             2    <0.5
  GIFH07  春日          35.418  136.435     1     2     1             2    <0.5
  NAR007  大塔          34.221  135.737     2     2     1             2    <0.5
  NAR003  大和高田      34.517  135.719     2     2     1             2     0.6
  FKI008  三方          35.548  135.908     2     2     1             2     1.0
  KYT012  京都          34.996  135.819     2     2     1             2    <0.5
  SZOH34  清水北        35.130  138.424     2     1     1             2     0.5
  SZOH24  引佐          34.834  137.662     1     2     1             2    <0.5
  GIF002  河合          36.273  137.025     2     2     0             2     0.5
  NAR002  奈良          34.668  135.835     2     2     1             2     0.7
  KYT013  宇治          34.878  135.805     2     2     1             2     0.5
  MIEH07  志摩          34.254  136.822     2     2     1             2    <0.5
  GIF005  高山          36.154  137.251     2     1     0             2    <0.5
  FKI011  和泉          35.910  136.668     1     2     1             2    <0.5
  SIG001  余呉          35.540  136.207     2     2     1             2     0.5
  NGNH54  飯田          35.449  138.006     2     1     1             2    <0.5
  GIFH19  朝日南        36.022  137.391     2     1     1             2    <0.5
  KYTH01  野田川        35.524  135.124     1     2     1             2    <0.5
  SIG010  大津          34.972  135.897     1     2     1             2    <0.5
  NGN015  諏訪          36.045  138.112     2     1     1             2     0.8
  SZO016  焼津          34.857  138.311     1     1     0             2     0.6
  FKIH01  永平寺        36.096  136.362     1     2     0             2    <0.5
  SZO018  榛原          34.740  138.224     1     1     1             2     0.8
  HYG015  三田          34.952  135.271     1     1     0             2    <0.5
  SZOH32  龍山東        35.009  137.841     1     1     1             1    <0.5
  FKI010  高浜          35.490  135.551     1     1     1             1     0.5
  NGNH30  奈川          36.064  137.685     1     1     0             1    <0.5
  FKI006  今庄          35.773  136.200     1     1     0             1    <0.5
  SZOH31  川根          34.940  138.077     1     1     1             1    <0.5
  FKI001  三国          36.219  136.156     1     1     1             1    <0.5
  SZOH36  藤枝          34.914  138.201     1     1     0             1    <0.5
  YMNH10  早川北        35.535  138.309     0     1     0             1    <0.5
  NGNH24  松川          35.615  137.880     1     1     1             1    <0.5
  MIEH09  紀宝          33.764  135.997     1     1     0             1    <0.5
  NGNH15  辰野          36.009  137.930     1     1     0             1    <0.5
  SZOH53  掛川3         34.877  138.017     1     1     0             1    <0.5
  NGNH31  塩尻          36.118  137.939     1     1     0             1    <0.5
  OSKH02  此花          34.663  135.390     1     0     0             1    <0.5
  YMNH12  増穂          35.562  138.449     0     1     0             1    <0.5
  YMNH16  甲府2         35.742  138.565     0     0     0             0    <0.5