最大加速度リスト

地震発生時刻   2011/04/24-12:25:00.00
震央北緯       36.1°
震央東経       139.9°
震源深さ       44.0km
マグニチュード M4.1

  コード  観測点名      緯度    経度     最大加速度 (ガル) 三成分合成値 計測震度
　　　　　 　　         北緯    東経      N-S   E-W   U-D        (ガル)         
  CHB001  野田          35.959  139.873    61    46    24            68     3.0
  IBR015  岩井          36.069  139.908    56    52    38            63     3.0
  CHB002  松戸          35.787  139.903    54    50    16            54     2.9
  IBRH10  石下          36.111  139.989    51    22    24            52     2.5
  IBR016  取手          35.911  140.049    42    47    17            49     2.5
  IBRH11  岩瀬          36.370  140.140    34    44    16            49     2.4
  SIT011  川口          35.810  139.721    30    32     8            41     2.4
  IBR014  土浦          36.073  140.195    34    26    12            39     2.1
  IBR005  笠間          36.385  140.237    28    18     8            32     2.2
  CHB007  佐倉          35.723  140.227    27    18     6            32     2.1
  TCGH11  今市          36.708  139.769    16    30     6            31     2.5
  CHB003  白井          35.794  140.056    30    20    12            30     2.5
  CHB028  市川北        35.766  139.966    17    27    15            29     2.3
  TCG008  鹿沼          36.560  139.768    17    25     9            27     2.6
  GNM010  館林          36.234  139.533    14    18    25            25     1.6
  IBR010  下妻          36.184  139.965    21    16     9            23     2.3
  TCG014  茂木          36.545  140.174    18    16     5            22     2.4
  TKY027  瑞江          35.693  139.891    14    17     5            20     1.8
  CHBH04  下総          35.797  140.021    14    14     9            20     1.7
  IBR013  鉾田          36.159  140.489    13    15    19            20     2.0
  TKY007  新宿          35.711  139.686    13    17     9            19     2.0
  TCGH14  粟野          36.551  139.615    12    19     5            19     1.4
  IBR011  つくば        36.125  140.090    17    11     9            19     1.9
  GNM009  桐生          36.411  139.325    18    16     9            19     1.4
  TKY021  猿江          35.688  139.819    10    17     3            18     1.9
  IBR008  下館          36.306  139.983    12    16     9            18     1.8
  TKY014  亀戸          35.689  139.835    12    15     4            17     1.5
  SIT008  春日部        35.974  139.753    16     7     4            17     1.8
  TKY013  砂町          35.660  139.834    11    12     6            16     1.5
  TCG009  今市          36.726  139.715    13    15     6            16     2.3
  TCG013  真岡          36.437  140.023    10    14     5            16     1.7
  IBR017  江戸崎        35.954  140.319    13    10     9            15     1.6
  TCG005  矢板          36.806  139.926    10    14     2            15     1.7
  IBR009  古河          36.185  139.704    11    11     5            15     1.7
  IBRH17  霞ヶ浦        36.086  140.314    14    13     9            14     1.7
  TCG011  葛生          36.387  139.614     7    14     5            14     1.6
  IBR004  大宮          36.552  140.410    13    12     5            14     1.5
  IBR012  石岡          36.190  140.287     8    11    10            13     1.4
  TKY015  東白鬚        35.731  139.812    11     8     6            13     1.5
  TCG012  小山          36.286  139.805     9    11     6            12     1.7
  CHB006  成田          35.780  140.307    12     6     4            12     1.3
  TCG007  宇都宮        36.569  139.886     8    11     5            12     1.4
  SIT003  久喜          36.072  139.697     6     8    12            12     1.6
  CHBH13  成田          35.831  140.298     7    10     7            11     1.3
  TKY025  篠崎          35.714  139.897     7    11     6            11     1.5
  IBRH19  つくば        36.214  140.089    10     6     4            10     1.2
  TKY026  宇喜田        35.670  139.863    10     6     4            10     1.3
  SIT004  長瀞          36.118  139.105     9     7     7            10     0.9
  TCGH12  氏家          36.696  139.984     9     7     3            10     1.5
  TKY023  八広          35.725  139.825     8     9     3            10     1.5
  IBRH15  御前山        36.557  140.301     8     9     3            10     1.4
  TCG003  藤原          36.814  139.715     7     6     3             9     1.6
  GNM001  片品          36.772  139.225     8     6     4             9     1.0
  SITH05  神泉          36.151  139.050     5     8     2             8     0.7
  TKY024  奥戸          35.740  139.862     7     8     4             8     1.4
  TCG004  湯元          36.806  139.420     4     8     3             8     1.2
  IBR006  水戸          36.369  140.453     5     7     6             8     1.1
  CHB008  浦安          35.654  139.902     5     8     4             8     1.2
  TCG010  足尾          36.635  139.438     7     5     6             8     1.1
  TCGH16  芳賀          36.548  140.075     6     8     2             8     1.7
  TKY022  横網          35.687  139.796     7     7     3             8     1.3
  SITH06  川本          36.113  139.289     7     7     5             7     1.2
  TCGH06  真岡          36.446  139.951     7     5     2             7     1.3
  CHB029  行徳          35.695  139.918     6     6     3             7     1.1
  TKY017  辰巳          35.647  139.809     7     7     5             7     1.3
  GNM011  太田          36.291  139.361     5     7     4             7     1.4
  TCGH09  矢板          36.862  139.836     6     6     2             7     0.9
  SITH01  岩槻          35.929  139.735     5     6     6             7     1.4
  TCG015  芹沼          36.749  139.714     6     6     4             6     1.5
  CHB024  稲毛          35.633  140.078     5     4     2             6     0.9
  KNGH10  横浜          35.499  139.519     5     6     3             6     1.7
  TKY018  八枝          35.655  139.811     5     4     4             6     1.2
  SITH10  都幾川        35.996  139.219     5     5     3             6     0.9
  SIT005  小川          36.056  139.263     4     5     5             6    <0.5
  GNM003  沼田          36.658  139.078     5     5     3             6     0.9
  SIT007  東松山        36.054  139.391     6     4     3             6     0.8
  SIT006  秩父          35.995  139.071     5     3     1             5     0.5
  SIT002  熊谷          36.148  139.388     2     2     5             5    <0.5
  GNMH14  みどり        36.493  139.322     5     4     2             5    <0.5
  TKYH11  江東          35.611  139.812     5     5     2             5     1.1
  GNM002  水上          36.782  138.970     5     3     1             5     0.7
  TCGH10  大田原        36.858  140.023     4     3     2             5     0.8
  CHBH10  千葉          35.546  140.242     3     3     1             5     0.5
  CHB009  千葉          35.608  140.102     3     4     2             4     0.7
  GNMH07  利根          36.700  139.210     3     4     2             4    <0.5
  SITH07  名栗          35.912  139.149     3     2     1             4    <0.5
  GNM016  万場          36.116  138.925     2     3     1             4    <0.5
  TKY003  青梅          35.797  139.291     3     3     1             3     1.0
  KNG206  平塚ST6       35.097  139.378     2     3     0             3     1.0
  TKY020  塩浜          35.666  139.809     3     2     2             3    <0.5
  KNG203  平塚ST3       34.798  139.643     2     3     0             3    <0.5
  TKYH02  府中          35.654  139.470     2     3     1             3     0.5
  TKYH12  八王子        35.670  139.265     2     3     2             3     0.6
  SITH09  皆野          36.072  139.099     2     3     2             3    <0.5
  TKY004  八王子        35.628  139.403     2     2     3             3     0.7
  IBRH07  江戸崎        35.952  140.330     2     1     3             3     0.7
  KNG205  平塚ST5       34.941  139.421     2     2     0             3     0.6
  SZO001  熱海          35.142  139.079     2     2     1             2    <0.5
  TCGH17  藤原2         36.985  139.692     1     2     0             2    <0.5
  GNMH05  伊勢崎        36.314  139.185     2     1     1             2    <0.5
  SITH04  所沢          35.803  139.535     1     1     1             1    <0.5
  SITH03  日高          35.899  139.384     1     1     1             1    <0.5
  SZOH42  修善寺        34.976  138.913     1     1     0             1    <0.5
  SZOH39  西伊豆西      34.799  138.772     0     1     0             1    <0.5