最大加速度リスト

地震発生時刻   2008/06/18-16:55:00.00
震央北緯       39.0°
震央東経       140.9°
震源深さ       12.0km
マグニチュード M4.5

  コード  観測点名      緯度    経度     最大加速度 (ガル) 三成分合成値 計測震度
　　　　　 　　         北緯    東経      N-S   E-W   U-D        (ガル)         
  IWTH25  一関西        39.009  140.864   263   298   162           429     3.9
  AKTH04  東成瀬        39.174  140.713    33    47    13            48     3.1
  IWTH26  一関東        38.969  141.001    30    36    22            45     2.7
  AKT023  椿台          39.146  140.717    23    31    19            35     2.3
  MYG004  築館          38.729  141.022    21    23     8            27     2.2
  IWTH24  金ヶ崎        39.198  141.012    16    18    19            21     2.1
  IWT015  川尻          39.318  140.779     8    19     6            20     1.9
  MYG013  仙台          38.266  140.929     7    18     3            18     2.0
  IWT012  北上          39.321  141.138    12    17     8            17     2.0
  AKT017  横手          39.297  140.563    14     7     5            16     1.3
  AKTH13  阿仁          39.982  140.407    11    14     4            16     1.8
  IWTH22  東和          39.334  141.302     9    13     9            15     1.5
  MYG014  作並          38.318  140.636    11    12     6            15     1.8
  AKTH19  湯沢          39.191  140.471    15     8     3            15     1.8
  AKT019  雄勝          39.038  140.451    10    12     5            15     1.9
  AKTH06  雄勝          38.980  140.495    13     6     4            14     1.5
  MYG006  古川          38.580  140.965     7    12     5            14     1.7
  IWT009  大東          39.019  141.403    12    11     4            13     1.2
  IWT011  水沢          39.145  141.152    12     8     5            13     1.9
  IWTH20  花巻南        39.343  141.047     8    10     3            12     1.6
  YMTH04  上山          38.081  140.298     9    11     2            11     0.9
  AKT011  宮田          39.813  140.580    10     9     3            11     1.7
  IWT007  釜石          39.270  141.856     9     6     3            10     1.5
  IWTH14  田老          39.743  141.909     9     3     3             9     0.9
  MYG002  歌津          38.726  141.511     9     8     3             9     1.0
  MYGH10  山元          37.941  140.892     9     7     2             9     1.5
  IWT010  一関          38.933  141.117     6     8     7             9     1.3
  IWT013  遠野          39.337  141.538     8     6     4             8     1.3
  MYGH01  仙台          38.240  140.997     8     5     3             8     1.3
  MYG001  気仙沼        38.901  141.568     8     4     3             8     1.3
  IWTH04  住田          39.181  141.391     6     7     3             8     1.5
  IWTH18  川井南        39.463  141.678     7     5     4             8     0.8
  AKT022  玉川          39.774  140.667     7     6     2             8     1.2
  MYG005  鳴子          38.799  140.651     8     6     5             8     1.4
  IWTH05  藤沢          38.865  141.351     5     6     6             7     0.8
  IWT025  大志田        39.517  140.830     5     5     2             7     1.0
  FKS002  梁川          37.845  140.601     4     6     2             7     0.8
  MYG015  岩沼          38.105  140.870     6     5     2             7     1.4
  AKTH12  五城目        39.916  140.222     5     4     1             7     0.9
  IWTH27  陸前高田      39.031  141.532     7     6     3             7     1.0
  IWTH19  花巻北        39.456  141.000     4     6     3             7     1.1
  IWT006  山田          39.481  141.965     4     6     3             7     1.3
  MYG009  大和          38.447  140.887     5     6     4             6     0.8
  AKTH05  鳥海          39.072  140.319     6     4     1             6     0.7
  FKSH11  矢吹          37.201  140.339     3     4     5             6    <0.5
  MYG016  白石          38.008  140.621     2     5     2             5     0.6
  MYG003  東和          38.735  141.311     5     4     3             5     0.8
  MYGH04  東和          38.786  141.325     5     5     3             5    <0.5
  AKTH02  西木南        39.663  140.572     4     4     2             5     1.0
  YMTH08  八幡          38.970  140.033     3     5     1             5     0.7
  MYGH02  鳴子          38.859  140.651     4     4     3             5     1.1
  MYG007  豊里          38.588  141.251     5     5     2             5     1.1
  YMT010  山形          38.260  140.349     2     5     2             5     0.5
  IWTH02  玉山          39.825  141.383     3     4     1             5     1.1
  IWT016  川井          39.600  141.679     4     3     3             5     0.7
  AKT012  田沢湖        39.699  140.718     3     4     2             4     0.8
  MYGH08  岩沼          38.113  140.844     3     4     1             4     0.8
  AKT016  大曲          39.454  140.476     3     4     2             4     1.2
  AKTH17  中仙          39.557  140.612     4     4     2             4     1.0
  AKTH03  矢島          39.222  140.128     3     3     1             4     0.6
  IWTH23  釜石          39.274  141.823     3     3     2             4     0.5
  AKT021  阿仁          39.995  140.403     2     4     1             4     0.6
  IWT021  西根          39.920  141.082     4     3     1             4     0.7
  MYGH11  河北          38.516  141.342     3     3     2             4     0.5
  AKTH08  藤里          40.319  140.234     3     4     1             4     0.6
  FKS019  二本松        37.603  140.437     4     3     1             4    <0.5
  IWTH15  矢巾          39.615  141.093     3     3     1             4     0.6
  YMTH06  高畠          37.963  140.184     2     4     1             4     0.6
  IWTH21  山田          39.473  141.934     4     3     1             4     0.9
  AKTH18  大森          39.355  140.387     4     3     3             4     0.9
  FKS004  飯舘          37.680  140.735     3     2     2             4    <0.5
  AKTH16  西仙北        39.545  140.348     3     3     2             4     0.8
  AKT014  角館          39.595  140.555     3     3     1             4     0.7
  FKSH18  三春          37.489  140.538     4     3     1             4     0.6
  FKSH17  川俣          37.664  140.597     2     3     2             4     0.7
  MYGH03  唐桑          38.921  141.638     3     3     2             3    <0.5
  FKS003  福島          37.761  140.480     3     3     1             3    <0.5
  MYG011  牡鹿          38.305  141.504     3     2     1             3    <0.5
  AKT018  鳥海          39.194  140.190     3     3     1             3     0.5
  IWT005  宮古          39.647  141.946     2     1     3             3     0.8
  MYGH12  志津川        38.642  141.443     2     2     2             3    <0.5
  MYG017  角田          37.976  140.782     3     3     1             3     0.9
  AKTH01  西木北        39.815  140.579     3     3     1             3     0.6
  AKTH15  協和          39.688  140.407     2     3     2             3    <0.5
  FKSH19  都路          37.470  140.723     2     3     1             3     0.5
  MYG010  石巻          38.428  141.281     3     3     1             3     0.7
  MYG008  北上          38.577  141.451     3     2     2             3     0.5
  IWTH17  川井北        39.644  141.598     2     2     1             3    <0.5
  IWT014  石鳥谷        39.484  141.147     2     3     2             3     0.8
  YMT007  東根          38.431  140.391     2     2     1             3    <0.5
  IWTH03  岩泉          39.802  141.652     3     2     1             3    <0.5
  MYGH09  白石          38.009  140.603     2     2     1             3    <0.5
  IWT008  大船渡        39.081  141.708     2     2     1             3    <0.5
  YMT011  上山          38.150  140.267     2     2     1             3    <0.5
  IWT020  藪川          39.784  141.329     2     2     2             3     0.8
  AKT020  象潟          39.202  139.909     2     2     1             2     0.7
  IWTH01  二戸東        40.238  141.342     2     2     1             2     0.6
  AKT010  秋田          39.722  140.100     2     2     1             2    <0.5
  IWT017  門馬          39.634  141.438     2     2     1             2    <0.5
  FKS001  相馬          37.795  140.920     2     1     1             2     0.5
  IWT019  岩泉          39.849  141.803     2     2     2             2     0.9
  FKS008  船引          37.436  140.567     2     2     1             2    <0.5
  IWTH12  九戸          40.153  141.424     2     2     1             2    <0.5
  YMTH02  山形          38.269  140.258     1     1     1             2    <0.5
  AKT003  藤里          40.278  140.263     1     2     0             2    <0.5
  YMT001  酒田          38.914  139.813     2     1     1             2    <0.5
  IWT003  普代          40.008  141.886     1     2     1             2     0.5
  FKS005  原町          37.639  140.985     1     2     1             2    <0.5
  IWT001  種市          40.410  141.719     1     1     0             2    <0.5
  MYGH06  田尻          38.591  141.071     2     1     1             2    <0.5
  IWTH16  雫石          39.644  140.946     1     2     1             2    <0.5
  YMTH07  米沢          37.896  140.028     1     1     0             2    <0.5
  IWTH13  葛巻          39.940  141.549     1     1     1             1    <0.5
  AOMH16  新郷          40.462  141.092     1     1     1             1    <0.5
  AOMH15  大鰐          40.484  140.556     1     1     0             1    <0.5
  AOMH14  西目屋        40.549  140.273     1     1     0             1    <0.5
  YMTH03  南陽          38.103  140.155     1     1     0             1    <0.5
  FKSH09  郡山          37.353  140.426     1     1     0             1    <0.5
  IWTH06  二戸西        40.261  141.171     1     1     1             1    <0.5
  AKTH09  田代          40.276  140.460     1     1     0             1    <0.5
  YMTH09  戸沢          38.750  140.178     1     1     1             1    <0.5
  FKSH20  浪江          37.491  140.987     1     1     0             1    <0.5
  AOMH17  名川          40.449  141.337     1     1     0             1    <0.5
  FKSH16  福島          37.764  140.377     1     1     0             1    <0.5
  IWTH07  軽米          40.270  141.571     1     1     0             1    <0.5
  IWTH11  一戸          40.081  141.191     1     1     1             1    <0.5
  AOMH12  十和田湖東    40.585  141.155     0     1     0             1    <0.5
  YMTH14  西川西        38.386  139.992     0     1     0             1    <0.5
  IWTH10  安代          40.139  140.953     1     0     0             1    <0.5
  YMTH12  立川          38.636  140.006     0     0     0             0    <0.5
  NIGH04  関川          38.131  139.543     0     0     0             0    <0.5
  AOMH13  八戸          40.579  141.445     0     0     0             0    <0.5
  NIGH02  朝日          38.280  139.549     0     0     0             0    <0.5