最大加速度リスト

地震発生時刻   2018/09/03-06:47:00.00
震央北緯       34.6°
震央東経       131.3°
震源深さ       16.0km
マグニチュード M4.6

  コード  観測点名      緯度    経度     最大加速度 (ガル) 三成分合成値 計測震度
　　　　　 　　         北緯    東経      N-S   E-W   U-D        (ガル)         
  YMG001  須佐          34.617  131.602    82    62    37            98     2.8
  YMG002  萩            34.407  131.399    24    34    14            41     2.9
  YMGH14  萩            34.398  131.377    26    38    12            38     2.6
  SMN014  津和野        34.467  131.775    16    16    10            22     1.8
  YMGH10  むつみ        34.484  131.633    16    20    10            21     2.0
  YMG013  防府          34.031  131.535    16    17     4            20     2.3
  YMG010  美川          34.230  131.982    12    18     7            20     1.2
  YMG003  生雲中        34.383  131.600    15    18     8            19     2.0
  SMN009  江津          35.011  132.223    13    15     5            16     2.0
  HRS008  向原          34.603  132.720    13    12     4            14     1.8
  YMGH15  徳山          33.972  131.815    11    12     5            13     1.0
  HRSH10  芸北          34.747  132.379     9     9     5            12     1.7
  FKO003  北九州        33.832  130.901    10    10     5            12     1.3
  FKOH01  北九州        33.885  130.980    10     5     4            11     1.0
  HRSH03  御調          34.518  133.137     8    11     4            11     1.5
  HRS004  芸北          34.726  132.277    10    10     2            11     1.5
  YMG014  徳山          34.054  131.808     7    10     3            11     2.1
  YMG004  長門          34.371  131.182     7    10     5            11     1.3
  YMG005  豊北          34.290  130.948     5    10     3            10     0.8
  SMN008  瑞穂          34.852  132.531     9     7     5            10     1.3
  YMG006  豊浦          34.149  130.930     6     9     4             9     1.4
  HRSH18  東広島        34.457  132.792     8     6     4             9     1.3
  YMGH16  上関          33.826  132.104     7     5     4             9     1.4
  HRSH16  吉田          34.663  132.669     6     7     4             9     1.3
  OITH02  山香          33.458  131.443     6     6     2             8     1.4
  SMN013  益田          34.669  131.846     8     5     3             8     1.0
  YMG017  柳井          33.965  132.101     6     8     3             8     1.9
  FKO005  飯塚          33.652  130.696     7     6     3             8     1.5
  OIT001  国見          33.678  131.594     5     7     2             7     1.2
  SMNH06  金城          34.884  132.203     6     7     3             7     1.4
  FKO004  行橋          33.739  131.010     7     7     3             7     1.1
  YMGH08  豊浦          34.135  130.932     5     7     3             7     1.2
  FKO001  玄海          33.843  130.509     4     7     3             7     1.8
  SMN007  邑智          35.081  132.591     7     6     4             7     1.1
  HRS019  呉            34.253  132.562     7     5     2             7     1.2
  HRS006  豊平          34.666  132.408     4     6     1             7     0.7
  HRS005  油木          34.777  133.281     6     5     4             7     1.3
  SMNH05  羽須美        34.870  132.640     6     6     2             6     0.8
  HRS009  湯来          34.493  132.279     5     5     2             6     1.2
  OIT003  豊後高田      33.557  131.446     6     6     2             6     1.2
  HRS003  三次          34.814  132.842     4     6     2             6     1.1
  YMG016  岩国          34.170  132.177     4     5     3             6     0.9
  SMN012  六日市        34.353  131.935     4     5     5             6     1.0
  FKO008  添田          33.572  130.854     3     5     2             5     0.9
  HRS001  高野          35.034  132.902     5     3     3             5     0.7
  HRS014  大野          34.287  132.277     5     4     3             5     1.1
  YMG009  鹿野          34.232  131.817     4     3     1             5     0.6
  SMN016  掛合          35.196  132.815     3     4     2             5     0.9
  FKO002  中間          33.826  130.705     4     5     3             5     1.7
  SMNH07  美都          34.694  132.040     5     4     2             5     1.1
  SMN011  匹見          34.572  132.014     3     4     1             5    <0.5
  YMG011  下関          34.064  131.021     3     4     3             4     1.3
  YMGH07  菊川          34.115  131.051     3     3     3             4     0.6
  FKOH08  小石原        33.465  130.828     3     4     2             4     0.6
  YMGH17  東和          33.929  132.405     4     4     2             4     1.3
  FKOH03  宇美          33.561  130.550     4     3     1             4     0.5
  HRSH17  戸河内        34.572  132.233     4     2     1             4    <0.5
  FKO009  筑紫野        33.495  130.516     4     4     1             4     1.2
  HRS021  西城          34.953  133.117     3     4     1             4    <0.5
  YMG018  東和          33.909  132.356     3     4     2             4     1.4
  HRSH02  大和          34.548  132.948     4     2     2             4     0.5
  SMN010  浜田          34.887  132.078     3     4     2             4    <0.5
  FKOH06  豊前          33.593  131.135     4     3     2             4    <0.5
  HRS013  広島          34.377  132.451     4     3     2             4     0.7
  OIT002  中津          33.569  131.268     3     3     3             4     0.9
  HRSH14  沖美          34.209  132.406     2     3     2             4    <0.5
  OIT004  国東          33.567  131.738     3     3     2             4     0.9
  SAG002  唐津          33.425  129.919     2     3     1             4     0.9
  HRSH07  呉            34.288  132.641     3     3     2             4     0.7
  FKO007  前原          33.561  130.202     3     3     1             4     1.0
  SMNH04  邑智          35.092  132.531     3     2     2             3     1.0
  HRSH01  三原          34.374  133.024     3     2     1             3     0.5
  SMN006  大田          35.194  132.498     2     3     1             3     1.0
  OKY001  湯原          35.170  133.731     3     2     1             3     0.9
  HRSH15  倉橋          34.116  132.505     2     3     2             3    <0.5
  OIT006  院内          33.424  131.315     2     3     1             3     0.7
  YMG007  美祢          34.166  131.206     2     3     2             3    <0.5
  FKO010  甘木          33.423  130.669     2     3     0             3     0.6
  NGS023  郷ノ浦        33.750  129.690     2     2     2             3    <0.5
  OIT009  湯布院        33.257  131.344     2     3     1             3     1.0
  HRS010  世羅          34.587  133.049     2     2     1             3    <0.5
  HRS018  竹原          34.341  132.907     2     3     2             3     0.7
  FKOH07  大刀洗        33.368  130.635     2     2     1             3     0.9
  YMG012  宇部          33.994  131.218     2     2     2             3     0.7
  EHM016  伊予          33.765  132.709     3     1     0             3     0.6
  OKY004  新見          34.958  133.502     2     2     1             3    <0.5
  SMN004  木次          35.288  132.900     2     2     1             2     0.6
  NGS002  松浦          33.344  129.705     2     2     1             2     1.1
  OKY005  落合          35.010  133.732     2     2     1             2     0.6
  FKO015  柳川          33.163  130.405     2     2     1             2     0.9
  HRSH11  神石          34.822  133.167     2     2     1             2    <0.5
  EHM007  北条          33.962  132.772     1     2     1             2    <0.5
  NGS022  国分          34.203  129.287     2     2     1             2    <0.5
  OKYH08  哲多          34.910  133.405     2     2     1             2    <0.5
  OIT011  佐賀関        33.246  131.881     2     2     1             2     0.7
  NGS021  豊玉          34.397  129.324     2     2     1             2    <0.5
  OIT007  杵築          33.417  131.614     2     1     1             2     0.5
  OITH03  安岐          33.474  131.686     1     2     1             2    <0.5
  OITH07  三重          32.987  131.588     2     2     1             2     0.5
  YMG019  上関          33.846  132.120     1     2     1             2     0.5
  YMGH04  周東          34.027  132.063     1     2     1             2    <0.5
  OITH11  九重          33.284  131.212     2     2     1             2    <0.5
  OKY007  高梁          34.781  133.612     2     1     0             2    <0.5
  TTRH02  日野          35.231  133.391     2     1     1             2    <0.5
  TTR007  江府          35.283  133.488     2     2     0             2     0.5
  SMNH03  佐田          35.224  132.722     2     1     0             2    <0.5
  HRS002  東城          34.895  133.275     2     1     1             2    <0.5
  NGS001  平戸          33.362  129.538     2     1     1             2    <0.5
  EHM008  松山          33.820  132.728     1     2     0             2    <0.5
  YMGH06  宇部          33.989  131.301     1     2     1             2    <0.5
  EHMH10  宮窪          34.192  133.058     1     1     1             1    <0.5
  FKO012  浮羽          33.332  130.794     1     1     1             1    <0.5
  EHMH11  大洲          33.581  132.601     1     1     0             1    <0.5
  TTR008  米子          35.426  133.330     1     1     1             1     0.5
  EHMH12  宇和          33.427  132.506     1     1     0             1    <0.5
  SAGH01  鎮西          33.508  129.888     1     1     0             1    <0.5
  SMNH02  仁多          35.224  133.086     1     1     0             1    <0.5
  KMMH02  小国          33.122  131.063     1     1     0             1    <0.5
  KOCH05  池川          33.647  133.144     1     1     0             1    <0.5
  OKYH06  美星          34.676  133.528     1     1     0             1    <0.5
  OITH01  山国          33.412  131.033     1     1     1             1    <0.5
  FKOH10  浮羽          33.289  130.817     1     1     0             1    <0.5
  OKYH03  岡山          34.778  133.789     1     1     1             1    <0.5
  EHMH13  三崎          33.372  132.116     0     0     0             1    <0.5
  HRSH04  沼隈          34.379  133.349     0     0     0             0    <0.5
  EHMH06  日吉          33.335  132.798     0     0     0             0    <0.5
  TTRH07  関金          35.365  133.749     0     0     0             0    <0.5
  EHMH07  河辺          33.502  132.748     0     0     0             0    <0.5
  SAGH05  白石          33.181  130.105     0     0     0             0    <0.5
  OKYH04  真備          34.643  133.686     0     0     0             0    <0.5
  KOCH10  伊野          33.531  133.439     0     0     0             0    <0.5
  KOCH03  大正          33.268  132.989     0     0     0             0    <0.5