最大加速度リスト

地震発生時刻   2020/04/07-14:12:00.00
震央北緯       32.5°
震央東経       132.1°
震源深さ       33.0km
マグニチュード M4.7

  コード  観測点名      緯度    経度     最大加速度 (ガル) 三成分合成値 計測震度
　　　　　 　　         北緯    東経      N-S   E-W   U-D        (ガル)         
  OITH07  三重          32.987  131.588    37    34    21            43     3.4
  OIT014  津久見        33.066  131.859    20    24     5            27     2.8
  MYZ002  北川          32.698  131.683    17    20     9            25     2.5
  OITH10  佐伯          32.928  131.869    10    16     9            17     1.8
  EHM014  西海          32.945  132.505    13    11     6            15     1.9
  OIT018  蒲江          32.797  131.925    11    10    14            14     1.5
  MYZH15  日向          32.365  131.589    11    10     5            14     1.5
  OIT017  宇目          32.858  131.659    12    10     4            14     1.9
  KMMH05  波野          32.955  131.221    11    11     5            14     2.4
  OIT016  佐伯          32.975  131.903    10    11     7            13     2.1
  KMM007  高森          32.827  131.123    11    13     7            13     2.3
  MYZ003  延岡          32.566  131.660    13     9     9            13     2.2
  MYZ006  都農          32.257  131.561    12     9     4            12     1.9
  MYZH02  北川          32.697  131.683    10    11    11            12     1.5
  MYZ001  高千穂        32.705  131.309     9     9     4            11     2.0
  MYZH08  川南          32.213  131.531    10     8     3            10     1.6
  OIT013  犬飼          33.073  131.593     7    10     2            10     1.5
  OITH08  宇目西        32.839  131.536     8     7     6            10     1.4
  OIT011  佐賀関        33.246  131.881     7     7     2            10     1.8
  OIT015  竹田          32.972  131.397     7     8     5             9     2.0
  KOC015  宿毛          32.937  132.725     7     8     5             9     1.9
  KMM004  一の宮        32.932  131.121     5     8     4             8     1.6
  OITH09  宇目東        32.849  131.679     6     8     4             8     1.6
  OIT010  大分          33.232  131.593     6     7     3             7     2.0
  MYZ008  西都          32.106  131.393     7     5     2             7     1.3
  MYZ019  北郷          32.501  131.444     6     6     3             7     1.3
  MYZH01  五ヶ瀬        32.654  131.226     6     4     5             7     1.8
  MYZH16  延岡          32.506  131.696     5     5     3             6     1.2
  KMM009  矢部          32.686  130.989     4     3     5             6     1.2
  EHM012  宇和島        33.222  132.573     4     4     1             6     1.0
  MYZH04  諸塚          32.518  131.335     4     5     4             5     1.2
  KMM011  砥用          32.617  130.865     5     2     1             5     1.6
  KMMH02  小国          33.122  131.063     3     4     1             4     0.9
  OITH04  庄内          33.131  131.347     4     3     2             4     1.4
  MYZ020  椎葉          32.455  131.147     4     4     1             4     1.5
  KOCH08  土佐清水      32.780  132.972     4     3     4             4     0.6
  KMMH14  豊野          32.635  130.752     3     3     3             4     1.1
  OITH05  野津原        33.153  131.542     4     4     2             4     1.3
  KMMH09  泉            32.490  130.905     4     3     1             4     1.2
  KOCH04  大月          32.841  132.707     3     3     2             4     0.5
  KMMH18  阿蘇2         33.003  131.007     2     4     2             4     1.3
  MYZ005  日向          32.429  131.601     3     3     2             3     0.7
  EHMH12  宇和          33.427  132.506     2     3     1             3     1.0
  KMM008  宇土          32.688  130.660     2     3     1             3     1.0
  OIT012  直入          33.066  131.373     3     2     2             3     0.9
  OIT009  湯布院        33.257  131.344     2     3     1             3     1.3
  EHM015  長浜          33.609  132.477     1     2     1             2     0.7
  OIT003  豊後高田      33.557  131.446     2     2     1             2     0.7
  EHM010  肱川          33.451  132.688     2     2     1             2     0.7
  EHMH11  大洲          33.581  132.601     1     2     0             2    <0.5
  MYZH10  国富          32.022  131.290     2     2     1             2     0.5
  KMMH08  矢部          32.650  131.025     2     2     2             2     0.9
  HRS019  呉            34.253  132.562     1     2     1             2     0.6
  MYZ014  田野          31.845  131.303     2     2     1             2     0.7
  KMMH16  益城          32.797  130.820     2     2     1             2     0.9
  OIT004  国東          33.567  131.738     2     2     1             2     0.7
  KOC014  中村          32.989  132.938     1     2     1             2     0.9
  KOC013  佐賀          33.080  133.101     2     2     1             2     0.8
  OITH02  山香          33.458  131.443     2     2     1             2    <0.5
  EHMH09  伊方          33.472  132.307     1     1     1             2     0.6
  EHMH06  日吉          33.335  132.798     1     2     1             2    <0.5
  YMG012  宇部          33.994  131.218     2     1     0             2     0.9
  MYZ004  南郷          32.389  131.334     1     2     1             2     0.5
  KOCH07  須崎          33.392  133.287     2     1     1             2    <0.5
  KOC012  大正          33.197  132.976     2     1     0             2    <0.5
  KMM016  人吉          32.197  130.776     1     1     1             2     0.6
  KMMH12  人吉          32.205  130.737     1     1     1             2     0.7
  HRSH07  呉            34.288  132.641     2     1     1             2    <0.5
  MYZH03  椎葉          32.475  131.104     1     1     1             2    <0.5
  KMMH03  菊池          32.998  130.830     1     2     1             2     0.5
  KMM014  五木          32.396  130.827     2     1     1             2     0.5
  FKO015  柳川          33.163  130.405     1     1     1             2     0.8
  OITH11  九重          33.284  131.212     1     1     1             2    <0.5
  OIT001  国見          33.678  131.594     1     1     1             1     0.5
  YMG013  防府          34.031  131.535     1     1     0             1     0.6
  MYZH13  都城南        31.730  131.079     1     1     1             1    <0.5
  KMMH01  鹿北          33.109  130.695     1     1     1             1    <0.5
  KMMH07  三角          32.623  130.558     1     1     1             1    <0.5
  YMGH16  上関          33.826  132.104     1     1     0             1    <0.5
  EHMH10  宮窪          34.192  133.058     1     1     0             1    <0.5
  KOCH05  池川          33.647  133.144     1     1     1             1    <0.5
  KOCH03  大正          33.268  132.989     1     1     0             1    <0.5
  FKOH08  小石原        33.465  130.828     1     0     1             1    <0.5
  HRSH15  倉橋          34.116  132.505     1     1     0             1    <0.5
  EHMH07  河辺          33.502  132.748     0     1     0             1    <0.5
  FKOH10  浮羽          33.289  130.817     0     0     0             1    <0.5
  YMGH15  徳山          33.972  131.815     0     0     0             1    <0.5
  KMMH15  水俣          32.170  130.365     0     0     0             0    <0.5
  YMGH04  周東          34.027  132.063     0     0     0             0    <0.5
  KMMH17  玉名          32.987  130.561     0     0     0             0    <0.5
  YMGH06  宇部          33.989  131.301     0     0     0             0    <0.5