最大加速度リスト

地震発生時刻   2011/04/12-08:08:00.00
震央北緯       35.5°
震央東経       140.9°
震源深さ       26.0km
マグニチュード M6.4

  コード  観測点名      緯度    経度     最大加速度 (ガル) 三成分合成値 計測震度
　　　　　 　　         北緯    東経      N-S   E-W   U-D        (ガル)         
  CHB011  蓮沼          35.602  140.501   153   189    74           203     4.4
  IBR018  鹿嶋          35.977  140.632   139   121    47           145     4.1
  CHB010  八日市場      35.708  140.568   129    85    51           139     4.0
  CHB004  佐原          35.901  140.490   102   120    79           131     3.9
  IBRH20  波崎2         35.828  140.732   118    91    34           127     4.4
  CHB012  東金          35.573  140.333   107   107    59           126     4.3
  CHB007  佐倉          35.723  140.227   125   116    51           126     4.2
  CHB003  白井          35.794  140.056   121   103    52           125     4.3
  CHB006  成田          35.780  140.307    99    97    51           121     4.0
  CHB005  銚子          35.736  140.830   112    84    48           120     4.3
  IBR017  江戸崎        35.954  140.319    78    99    56           115     3.8
  CHBH14  銚子中        35.734  140.823   101    90    49           107     4.4
  IBR013  鉾田          36.159  140.489   105    78    38           107     3.9
  CHBH13  成田          35.831  140.298    86    85    50            98     4.0
  IBRH17  霞ヶ浦        36.086  140.314    82    76    39            94     3.5
  CHB018  勝浦          35.158  140.322    84    45    21            90     3.5
  CHB001  野田          35.959  139.873    76    80    32            87     4.1
  IBR016  取手          35.911  140.049    61    77    34            79     3.7
  CHB014  姉崎          35.477  140.049    60    64    54            75     4.0
  IBR007  那珂湊        36.352  140.595    61    65    19            74     3.6
  CHB016  岬            35.300  140.387    66    55    35            73     4.2
  IBR015  岩井          36.069  139.908    69    38    17            70     3.6
  TCG014  茂木          36.545  140.174    39    65    22            68     3.6
  CHB028  市川北        35.766  139.966    58    55    30            66     3.7
  CHBH04  下総          35.797  140.021    54    54    22            66     3.6
  CHB026  長南          35.387  140.237    55    44    28            61     3.7
  TCGH16  芳賀          36.548  140.075    39    57     8            58     3.5
  CHBH10  千葉          35.546  140.242    53    43    29            57     3.5
  IBR005  笠間          36.385  140.237    46    35    26            57     3.3
  CHB009  千葉          35.608  140.102    44    55    30            55     3.6
  IBRH11  岩瀬          36.370  140.140    41    50    18            52     3.6
  SIT008  春日部        35.974  139.753    45    38    12            51     3.7
  CHB024  稲毛          35.633  140.078    48    50    16            51     3.5
  IBR003  日立          36.592  140.645    37    40    22            50     3.1
  IBRH18  ひたちなか    36.363  140.620    38    49    25            49     3.2
  IBRH10  石下          36.111  139.989    47    32    22            49     3.6
  IBR014  土浦          36.073  140.195    36    46    20            48     3.4
  CHB017  市場          35.299  140.076    31    47    17            47     3.6
  KNGH10  横浜          35.499  139.519    35    41    16            43     3.5
  CHB015  木更津        35.374  139.916    35    24    15            42     3.7
  IBRH07  江戸崎        35.952  140.330    36    37    23            41     3.8
  CHB013  茂原          35.433  140.291    40    36    23            40     3.5
  CHB002  松戸          35.787  139.903    34    38    16            39     3.2
  IBR011  つくば        36.125  140.090    38    27    11            39     3.1
  IBR012  石岡          36.190  140.287    26    36    20            38     3.2
  TCG009  今市          36.726  139.715    37    29     9            38     3.1
  CHB029  行徳          35.695  139.918    35    23    11            35     3.3
  TKY024  奥戸          35.740  139.862    35    33    13            35     3.2
  TKY013  砂町          35.660  139.834    33    17    18            35     3.3
  IBRH16  山方          36.641  140.398    25    33     7            34     2.7
  TKY027  瑞江          35.693  139.891    34    22    12            34     3.4
  TKY023  八広          35.725  139.825    25    30    13            34     3.3
  CHB008  浦安          35.654  139.902    29    25    16            32     3.4
  TKY025  篠崎          35.714  139.897    30    28     8            32     3.2
  SIT011  川口          35.810  139.721    30    23     9            32     3.3
  IBR006  水戸          36.369  140.453    26    25    24            31     2.8
  IBR010  下妻          36.184  139.965    28    21    13            30     3.1
  KNG201  平塚ST1       34.596  139.918    26    17     3            30     3.0
  TCGH13  馬頭          36.734  140.178    21    25     8            29     2.8
  TKY021  猿江          35.688  139.819    24    27    10            29     3.2
  TKY017  辰巳          35.647  139.809    26    18    17            28     3.3
  TKY003  青梅          35.797  139.291    26    16     5            27     3.1
  SIT003  久喜          36.072  139.697    22    23    13            27     3.3
  IBR009  古河          36.185  139.704    26    13     8            26     2.9
  CHBH11  養老          35.287  140.153    21    24    16            26     3.1
  IBR008  下館          36.306  139.983    23    22     9            26     2.7
  TKY015  東白鬚        35.731  139.812    18    24    18            25     3.1
  TKY022  横網          35.687  139.796    22    20    16            25     3.2
  CHBH12  富津          35.344  139.855    20    23     7            25     3.0
  CHBH17  勝浦東        35.171  140.340    18    20    13            25     2.7
  SITH11  飯能          35.864  139.273    23    23     5            25     2.9
  KNG001  川崎          35.529  139.706    19    20    13            24     3.1
  TKY018  八枝          35.655  139.811    21    20    20            24     3.3
  KNG002  横浜          35.437  139.634    16    23    11            24     3.2
  TCG013  真岡          36.437  140.023    22    22    11            24     2.9
  TKY026  宇喜田        35.670  139.863    22    18    10            24     3.3
  KNG206  平塚ST6       35.097  139.378    17    21     7            23     3.4
  TKY014  亀戸          35.689  139.835    19    23    11            23     3.0
  IBRH15  御前山        36.557  140.301    22    14     6            23     2.3
  CHB022  富津          35.308  139.860    18    21     7            23     2.8
  SITH01  岩槻          35.929  139.735    21    20     7            23     3.0
  CHB019  鋸南          35.111  139.835    18    17     6            23     3.3
  TCG008  鹿沼          36.560  139.768    20    22     8            22     2.8
  IBR004  大宮          36.552  140.410    22    19     9            22     2.4
  TKY007  新宿          35.711  139.686    22    18     8            22     2.8
  TCGH06  真岡          36.446  139.951    19    16     5            21     2.7
  CHB020  鴨川          35.115  140.102    20    15     8            20     3.2
  IBR002  高萩          36.706  140.707    15    17     6            19     2.5
  YMNH11  大月          35.625  138.978    15    16     6            18     2.8
  TCG012  小山          36.286  139.805    18    17     7            18     2.8
  FKSH12  平田          37.217  140.570    17    12     5            18     2.3
  SIT010  大宮          35.907  139.648    14    18     7            18     3.0
  TCGH11  今市          36.708  139.769    13    18     6            18     2.3
  GNM011  太田          36.291  139.361    10    17     4            18     2.5
  CHBH16  鴨川          35.138  139.965    14    15     6            18     3.0
  TKY005  町田          35.578  139.416    17    12     7            18     2.6
  IBRH13  高萩          36.795  140.575    17    13    10            17     2.4
  TCG003  藤原          36.814  139.715    12    16     5            17     2.2
  KNG009  厚木          35.442  139.362    16    14     7            17     2.8
  TKY016  東雲          35.648  139.799    15    15    13            17     3.0
  KNG013  小田原        35.264  139.152    14    12     7            17     3.1
  SIT009  川越          35.903  139.483    15    14     5            16     2.4
  FKSH10  西郷          37.162  140.093    13    13     6            16     2.2
  TCGH12  氏家          36.696  139.984    11    16     7            16     2.3
  CHB027  勝浦北        35.181  140.266    15    13    10            16     2.8
  IBR019  北茨城        36.881  140.654    11    15     6            16     2.1
  KNGH11  厚木          35.404  139.354    10    13     3            15     2.9
  KNG202  平塚ST2       34.740  139.839    11    15     4            15     2.7
  TKY020  塩浜          35.666  139.809    13    11     8            15     3.0
  KNG205  平塚ST5       34.941  139.421    13    11     3            14     2.7
  TCGH14  粟野          36.551  139.615    10    14     3            14     1.7
  TKY006  小金井        35.699  139.503    12     9     5            13     2.4
  TCG015  芹沼          36.749  139.714     9    10     6            13     2.3
  FKS016  白河          37.123  140.191    13     9     3            13     2.0
  TCG007  宇都宮        36.569  139.886    11    10     6            13     2.2
  TCGH10  大田原        36.858  140.023    11    12     5            13     2.0
  TKYH12  八王子        35.670  139.265    12     8     4            13     2.4
  KNG008  相模原        35.575  139.327     8    12     8            13     2.2
  GNMH12  神流          36.144  138.913    10    12     6            13     2.3
  TKY004  八王子        35.628  139.403    12    10     6            13     2.3
  IBRH19  つくば        36.214  140.089    10    11     6            12     2.0
  SIT007  東松山        36.054  139.391     8    12     3            12     2.2
  KNG203  平塚ST3       34.798  139.643     9    11     4            12     2.4
  FKS013  古殿          37.090  140.556    11     9     3            12     2.2
  FKS017  須賀川        37.284  140.369    10     9     4            12     2.3
  SITH06  川本          36.113  139.289    11     9     3            11     2.0
  KNG006  二俣川        35.454  139.539    10    11     4            11     2.4
  IBRH12  大子          36.837  140.318     9     9     3            10     1.8
  KNGH18  藤野          35.644  139.128     8     9     3            10     2.2
  TKYH02  府中          35.654  139.470     7    10     4            10     2.2
  IBR001  大子          36.776  140.357     9    10     4            10     2.1
  TCG016  北高岡        36.529  140.156     6     8     4            10     1.9
  FKS006  葛尾          37.503  140.759     8     8     3             9     1.9
  GNM009  桐生          36.411  139.325     8     8     4             9     2.2
  TCG005  矢板          36.806  139.926     9     8     2             9     1.9
  TCG006  小川          36.764  140.130     8     7     5             9     2.1
  FKSH11  矢吹          37.201  140.339     7     6     3             9     2.0
  FKS008  船引          37.436  140.567     6     8     2             9     1.8
  TKY008  岡田          34.785  139.391     8     7     5             9     1.8
  KNG010  平塚          35.336  139.350     6     8     3             9     2.5
  FKSH14  いわき東      37.026  140.970     6     6     2             9     2.0
  KNG004  三崎          35.144  139.622     7     8     3             9     2.1
  GNM010  館林          36.234  139.533     7     7     4             9     2.1
  IBRH14  十王          36.692  140.548     8     7     6             9     1.4
  SIT006  秩父          35.995  139.071     6     7     2             8     2.0
  KNG204  平塚ST4       34.893  139.571     7     7     3             8     2.5
  GNM003  沼田          36.658  139.078     6     8     3             8     1.9
  SIT002  熊谷          36.148  139.388     8     7     4             8     2.2
  SITH04  所沢          35.803  139.535     6     7     3             8     2.1
  SITH10  都幾川        35.996  139.219     6     6     2             8     1.4
  FKS018  郡山          37.396  140.362     7     6     3             7     2.0
  TCG010  足尾          36.635  139.438     6     7     3             7     1.5
  KNG007  藤沢          35.339  139.490     7     5     4             7     2.3
  FKSH19  都路          37.470  140.723     5     7     2             7     1.6
  SITH03  日高          35.899  139.384     6     7     3             7     2.2
  FKS019  二本松        37.603  140.437     5     7     2             7     1.6
  CHB025  千倉          34.971  139.946     7     7     4             7     2.4
  FKS023  会津若松      37.477  139.929     5     7     2             7     2.0
  FKS012  勿来          36.907  140.793     6     6     3             7     2.2
  SZO003  東伊豆        34.816  139.055     6     7     5             7     1.8
  KNG014  山北          35.361  139.083     4     7     2             7     1.9
  GNM013  高崎          36.318  139.018     6     7     2             7     2.1
  FKSH18  三春          37.489  140.538     6     6     3             7     1.6
  FKS024  中野          37.396  140.132     5     6     2             7     2.3
  GNM001  片品          36.772  139.225     6     5     3             7     1.2
  GNMH05  伊勢崎        36.314  139.185     6     4     2             7     1.9
  GNMH13  水上2         36.862  139.063     5     4     1             6     1.5
  YMN002  大月          35.613  138.947     4     6     2             6     1.6
  FKS014  矢祭          36.868  140.430     5     5     2             6     1.7
  CHB021  白浜          34.908  139.898     3     6     2             6     2.0
  FKSH09  郡山          37.353  140.426     5     5     1             6     0.9
  TKYH13  檜原南        35.702  139.127     6     4     4             6     1.4
  TCGH09  矢板          36.862  139.836     6     6     2             6     1.4
  FKS029  桧枝岐        37.016  139.380     5     5     1             6     0.8
  SITH08  小鹿野        36.027  138.969     5     6     2             6     1.6
  TCG004  湯元          36.806  139.420     5     5     2             6     1.8
  GNM002  水上          36.782  138.970     5     5     1             6     1.1
  SIT004  長瀞          36.118  139.105     5     5     2             6     1.3
  CHBH20  鴨川南        35.088  140.100     4     4     4             5     2.1
  TCG011  葛生          36.387  139.614     4     5     2             5     1.2
  TKY002  桧原          35.730  139.145     5     5     3             5     1.4
  SIT012  飯能          35.840  139.321     4     5     3             5     1.7
  KNG003  横須賀        35.273  139.658     5     4     3             5     1.9
  SZO010  御殿場        35.309  138.935     5     4     2             5     2.2
  KNGH20  松田          35.366  139.126     4     4     2             5     1.8
  SZO011  富士宮        35.213  138.602     4     4     1             5     1.6
  NGN015  諏訪          36.045  138.112     4     4     2             5     2.3
  MYG015  岩沼          38.105  140.870     5     5     2             5     1.8
  FKS020  猪苗代        37.547  140.108     4     5     1             5     2.1
  GNM016  万場          36.116  138.925     5     4     1             5     1.3
  SZOH35  伊東中        34.947  139.085     4     5     3             5     1.9
  FKS001  相馬          37.795  140.920     4     4     1             5     1.6
  KNG005  鎌倉          35.319  139.546     4     4     3             5     2.0
  KNGH23  葉山          35.262  139.611     4     4     3             5     1.8
  GNM007  渋川          36.462  139.010     4     5     1             5     1.6
  SIT005  小川          36.056  139.263     4     4     2             5     1.6
  FKS009  小野          37.278  140.635     5     4     2             5     1.1
  TKY001  氷川          35.803  139.096     4     3     4             5     1.5
  FKS011  いわき        37.091  140.904     4     3     2             4     1.6
  FKS015  棚倉          37.022  140.377     3     4     2             4     1.4
  YMN009  六郷          35.496  138.463     4     3     1             4     1.8
  FKS010  広野          37.234  141.002     3     4     2             4     1.3
  SITH07  名栗          35.912  139.149     3     4     2             4     1.2
  GNM006  吾妻          36.510  138.752     4     3     1             4     1.1
  TCG001  黒磯          36.942  140.083     3     4     2             4     1.5
  GNMH07  利根          36.700  139.210     3     4     2             4     1.1
  SITH05  神泉          36.151  139.050     3     4     2             4     1.2
  KNGH21  清川          35.463  139.215     3     3     3             4     1.4
  MYG017  角田          37.976  140.782     4     3     1             4     1.8
  YMN004  塩山          35.702  138.727     4     4     2             4     1.7
  SZO002  伊東          34.965  139.103     3     4     1             4     1.5
  TCGH07  栗山西        36.882  139.453     4     4     2             4     1.1
  YMN005  甲府          35.655  138.568     4     3     1             4     1.9
  FKS003  福島          37.761  140.480     3     3     2             4     1.6
  TKY009  波浮港        34.687  139.441     3     3     3             4     1.2
  MYG010  石巻          38.428  141.281     3     4     1             4     2.0
  SIT001  本庄          36.243  139.194     3     3     2             4     1.6
  YMNH08  西野原        35.690  138.734     3     3     1             4     1.8
  GNMH11  富岡          36.286  138.921     3     4     1             4     1.5
  GNM008  前橋          36.348  139.137     3     3     1             4     1.7
  KNG012  秦野          35.379  139.205     3     3     2             4     1.8
  TKY010  新島          34.378  139.257     3     3     2             4     1.4
  TCG002  塩原          36.990  139.803     3     3     1             3     1.1
  FKSH08  長沼          37.282  140.214     3     3     1             3     0.9
  KNG011  藤野          35.615  139.155     3     3     2             3     1.4
  YMN003  富士吉田      35.465  138.813     3     3     2             3     1.7
  FKS031  川内          37.336  140.813     3     3     1             3     1.0
  SZO013  清水          35.041  138.476     3     3     2             3     1.8
  SIT014  中津川        35.995  138.801     3     3     1             3     0.8
  SITH09  皆野          36.072  139.099     3     2     2             3     1.4
  NGN014  小海          36.096  138.484     3     2     1             3     0.8
  NIG022  塩沢          37.036  138.846     3     3     1             3     1.4
  MYGH10  山元          37.941  140.892     3     3     1             3     1.1
  GNMH08  嬬恋          36.492  138.524     2     3     1             3     1.5
  YMN001  丹波山        35.789  138.920     3     3     1             3     1.0
  SZOH42  修善寺        34.976  138.913     3     3     1             3     1.5
  CHBH15  館山西        34.959  139.788     2     3     2             3     1.8
  FKSH17  川俣          37.664  140.597     3     3     1             3     1.1
  NGNH11  富士見        35.916  138.305     2     3     1             3     1.3
  FKS028  只見          37.349  139.314     2     3     1             3     1.3
  NGN016  富士見        35.913  138.223     2     2     1             3     1.7
  GNMH14  みどり        36.493  139.322     2     3     1             3     0.7
  YMT011  上山          38.150  140.267     3     2     1             3     1.5
  MYG016  白石          38.008  140.621     3     2     2             3     1.5
  GNM014  坂本          36.350  138.718     2     2     1             3     1.4
  NGNH19  川上          35.974  138.584     2     2     1             3     1.0
  NIGH19  湯沢          36.811  138.785     2     2     1             3     0.9
  YMTH06  高畠          37.963  140.184     2     3     1             3     1.2
  YMN010  須玉          35.792  138.410     2     2     1             3     1.3
  MYGH09  白石          38.009  140.603     2     2     1             3     1.4
  YMNH14  都留南        35.511  138.968     2     2     1             2     0.9
  SZOH37  芝川          35.203  138.566     2     1     1             2     0.8
  NIG018  柏崎          37.372  138.558     2     2     1             2     1.5
  NGNH26  上山田        36.466  138.147     2     2     1             2     0.6
  FKSH06  伊南          37.172  139.520     2     2     1             2     0.5
  FKSH16  福島          37.764  140.377     2     2     1             2     1.0
  FKSH21  只見          37.342  139.315     2     2     1             2     0.9
  NGNH12  南牧          35.970  138.480     2     2     1             2     1.4
  NGN008  上田          36.402  138.249     2     2     1             2     1.5
  GNM015  下仁田        36.229  138.758     2     2     1             2     0.5
  GNM004  草津          36.617  138.592     2     2     1             2     1.1
  SZO009  裾野          35.197  138.913     2     1     1             2     1.4
  NGNH16  茅野          35.947  138.185     2     1     1             2     1.1
  NIGH14  塩沢          37.030  138.852     2     2     1             2     0.9
  FKSH04  会津高田      37.451  139.813     2     2     1             2     1.0
  NGNH21  伊那          35.831  137.924     2     1     1             2     1.2
  SZO028  川奈          34.952  139.138     2     2     1             2     1.0
  SZOH34  清水北        35.130  138.424     2     2     1             2     1.1
  NIGH01  長岡          37.427  138.888     2     2     1             2     1.1
  NIGH06  加茂          37.653  139.068     2     2     1             2     0.9
  SZO012  蒲原          35.127  138.621     2     2     1             2     1.1
  SZO001  熱海          35.142  139.079     1     2     1             2     0.5
  SZO005  松崎          34.755  138.784     1     2     1             2     1.3
  NGNH18  開田          35.932  137.595     2     2     1             2     0.8
  KNGH19  山北中        35.417  139.044     2     2     1             2     0.9
  NIG028  長岡支所      37.426  138.886     2     2     1             2     1.1
  NIG021  十日町        37.128  138.747     1     1     1             2     0.7
  NGN010  小諸          36.328  138.436     1     2     1             2     1.3
  YMN006  本栖          35.468  138.607     1     1     1             2     1.2
  FKSH03  高郷          37.608  139.753     2     1     1             2     1.2
  SZO018  榛原          34.740  138.224     1     1     1             2     1.1
  TKY029  三宅          34.075  139.479     1     2     1             2     0.9
  NIG019  小千谷        37.304  138.812     2     2     1             2     0.9
  SZO016  焼津          34.857  138.311     2     2     1             2     1.4
  NGN020  伊那          35.828  137.953     2     1     1             2     1.1
  YMTH02  山形          38.269  140.258     1     1     1             2     1.1
  TCGH17  藤原2         36.985  139.692     1     2     1             2    <0.5
  YMNH12  増穂          35.562  138.449     1     1     1             2     1.0
  MYGH08  岩沼          38.113  140.844     1     2     1             2     0.9
  NIGH08  津川          37.671  139.465     1     2     1             2     1.2
  SZOH38  函南          35.085  138.978     1     2     1             2     0.9
  NIG023  津南          37.015  138.653     2     2     1             2     0.7
  NIG013  巻            37.764  138.883     2     1     1             2     1.2
  GNMH09  高山          36.621  138.907     1     1     1             2     0.8
  NIG011  新津          37.801  139.144     1     2     1             2     1.1
  NGNH29  野沢温泉      36.910  138.441     1     1     1             2    <0.5
  GIFH28  中津川        35.457  137.471     1     1     1             2     1.1
  NGNH17  佐久          36.142  138.550     1     1     1             2    <0.5
  FKS026  南郷          37.266  139.539     1     1     1             1     0.6
  MYGH05  小野田        38.579  140.780     1     1     1             1     0.9
  YMNH15  上九一色      35.532  138.605     1     1     1             1     0.6
  NIGH11  川西          37.173  138.744     1     1     1             1     0.9
  NIGH15  六日          37.053  138.995     1     1     1             1     0.5
  SZOH40  河津          34.783  138.970     1     1     1             1    <0.5
  YMTH14  西川西        38.386  139.992     1     1     1             1     0.9
  NGNH24  松川          35.615  137.880     1     1     1             1     0.8
  YMNH16  甲府2         35.742  138.565     1     1     1             1     0.7
  NIGH12  湯之谷        37.224  138.982     1     1     0             1     0.5
  NIGH09  下田          37.539  139.128     1     1     0             1     0.8
  NGNH23  南木曽        35.606  137.611     1     1     1             1     0.5
  YMTH04  上山          38.081  140.298     1     1     0             1    <0.5
  YMTH15  西川東        38.426  140.125     1     1     0             1     0.8
  GIFH15  高山          36.134  137.221     1     1     1             1     0.5
  YMTH07  米沢          37.896  140.028     1     1     1             1     0.6
  AOMH13  八戸          40.579  141.445     1     1     0             1     0.7
  NGNH03  阿智2         35.479  137.735     1     1     0             1     0.6
  NGNH10  木祖          35.963  137.767     1     1     1             1     0.6
  GIFH20  下呂北        35.799  137.253     1     1     0             1     0.7
  NGNH27  信州新        36.577  138.048     1     1     0             1     0.6
  NIGH10  上川          37.544  139.365     1     1     0             1    <0.5
  SZOH39  西伊豆西      34.799  138.772     1     1     1             1    <0.5
  NGNH28  戸隠          36.708  138.096     1     1     0             1     0.6
  SZOH33  静岡南        35.015  138.353     1     1     1             1     0.5
  MYGH06  田尻          38.591  141.071     1     1     0             1     0.5
  NIGH18  妙高          36.943  138.259     1     1     0             1    <0.5
  NGNH34  大町中        36.533  137.820     1     1     0             1    <0.5
  YMNH13  身延          35.351  138.420     1     1     1             1     0.5
  NIGH02  朝日          38.280  139.549     1     1     1             1     0.6
  IWTH24  金ヶ崎        39.198  141.012     1     1     0             1     0.5
  NGNH22  長谷          35.795  138.082     1     1     0             1    <0.5
  SZOH41  南伊豆        34.675  138.834     1     1     0             1    <0.5
  YMTH12  立川          38.636  140.006     1     1     0             1     0.5
  NGNH30  奈川          36.064  137.685     0     1     0             1    <0.5
  YMNH09  早川          35.433  138.333     1     1     0             1    <0.5
  NGNH13  喬木          35.514  137.877     1     1     0             1    <0.5
  IWTH26  一関東        38.969  141.001     0     1     0             1    <0.5
  IWTH27  陸前高田      39.031  141.532     1     1     0             1    <0.5
  NGNH33  生坂          36.460  137.964     1     0     0             1    <0.5
  NGNH20  上松          35.787  137.717     0     1     0             1    <0.5
  YMTH08  八幡          38.970  140.033     0     1     0             1    <0.5
  YMNH10  早川北        35.535  138.309     1     1     0             1    <0.5
  AKTH06  雄勝          38.980  140.495     0     0     0             1    <0.5
  NGNH31  塩尻          36.118  137.939     1     0     0             1    <0.5
  AICH17  豊根          35.184  137.727     0     0     0             1    <0.5
  NIGH17  妙高高原      36.857  138.097     1     1     0             1    <0.5
  AICH16  設楽          35.154  137.535     0     1     0             1    <0.5
  SZOH25  新居          34.691  137.560     0     1     0             1    <0.5
  GIFH03  根尾          35.633  136.613     1     0     0             1    <0.5
  GIFH18  馬瀬          35.899  137.149     1     0     0             1    <0.5
  NGNH25  南信濃        35.299  137.927     0     0     0             1    <0.5
  TYMH06  八尾          36.571  137.160     0     0     0             0    <0.5
  AKTH16  西仙北        39.545  140.348     0     0     0             0    <0.5
  AKTH03  矢島          39.222  140.128     0     0     0             0    <0.5
  AKTH19  湯沢          39.191  140.471     0     0     0             0    <0.5
  FKSH01  西会津        37.757  139.715     0     0     0             0    <0.5
  NGNH54  飯田          35.449  138.006     0     0     0             0    <0.5
  GIFH08  大和          35.832  136.962     0     0     0             0    <0.5
  GIFH27  美濃加茂      35.453  137.004     0     0     0             0    <0.5
  SZOH32  龍山東        35.009  137.841     0     0     0             0    <0.5
  SZOH36  藤枝          34.914  138.201     0     0     0             0    <0.5
  NGNH35  穂高          36.382  137.820     0     0     0             0    <0.5
  NIGH07  村松          37.666  139.261     0     0     0             0    <0.5
  GIFH22  金山          35.668  137.105     0     0     0             0    <0.5
  AICH21  南知多        34.740  136.939     0     0     0             0    <0.5
  GIFH24  東白川        35.640  137.319     0     0     0             0    <0.5
  SZOH30  水窪北        35.223  137.918     0     0     0             0    <0.5
  MYGH03  唐桑          38.921  141.638     0     0     0             0    <0.5
  GIFH06  高富          35.504  136.794     0     0     0             0    <0.5
  GIFH25  谷汲          35.521  136.613     0     0     0             0    <0.5
  YMTH03  南陽          38.103  140.155     0     0     0             0    <0.5
  GIFH13  白川          36.274  136.898     0     0     0             0    <0.5
  AICH07  旭            35.219  137.404     0     0     0             0    <0.5
  GIFH11  八百津        35.486  137.246     0     0     0             0    <0.5
  YMTH13  朝日          38.470  139.761     0     0     0             0    <0.5
  GIFH16  朝日北        36.094  137.344     0     0     0             0    <0.5
  SZOH53  掛川3         34.877  138.017     0     0     0             0    <0.5
  MIEH10  芸濃          34.822  136.424     0     0     0             0    <0.5
  GIFH17  高鷲          35.951  136.873     0     0     0             0    <0.5
  MIEH01  四日市        34.985  136.456     0     0     0             0    <0.5
  AICH11  春日井        35.306  137.057     0     0     0             0    <0.5
  AICH15  足助          35.139  137.336     0     0     0             0    <0.5
  GIFH23  板取          35.724  136.785     0     0     0             0    <0.5
  GIFH14  上宝          36.249  137.517     0     0     0             0    <0.5
  GIFH12  坂内          35.603  136.413     0     0     0             0    <0.5
  AICH19  作手          34.951  137.411     0     0     0             0    <0.5
  TYMH07  利賀          36.441  137.039     0     0     0             0    <0.5
  SZOH24  引佐          34.834  137.662     0     0     0             0    <0.5