最大加速度リスト

地震発生時刻   2016/04/14-21:26:00.00
震央北緯       32.7°
震央東経       130.8°
震源深さ       11.0km
マグニチュード M6.5

  コード  観測点名      緯度    経度     最大加速度 (ガル) 三成分合成値 計測震度
　　　　　 　　         北緯    東経      N-S   E-W   U-D        (ガル)         
  KMMH16  益城          32.797  130.820   760   925  1399          1580     6.4
  KMM009  矢部          32.686  130.986   569   547    94           669     5.3
  KMM006  熊本          32.793  130.777   574   381   326           604     5.9
  KMM011  砥用          32.617  130.865   381   477    87           491     5.2
  KMMH14  豊野          32.635  130.752   328   219   228           357     5.4
  KMM008  宇土          32.688  130.658   263   304   199           339     5.5
  KMM005  大津          32.876  130.877   196   207   130           236     4.8
  KMM007  高森          32.827  131.123   150   206   110           215     4.5
  KMMH07  三角          32.623  130.558   166   151    91           173     4.4
  KMMH03  菊池          32.998  130.830   125   124   105           172     4.4
  KMM012  八代          32.508  130.602   145   116    65           165     4.6
  KMM002  山鹿          33.019  130.685    81   161    76           161     4.1
  KMMH09  泉            32.490  130.905   118   140    68           154     4.4
  KMMH02  小国          33.122  131.063   142   143    38           151     4.2
  KMMH01  鹿北          33.109  130.695   104    98    29           133     3.7
  MYZ001  高千穂        32.705  131.309    85    90    66           115     4.1
  KMM014  五木          32.396  130.827    90    59    37           107     3.5
  KMMH12  人吉          32.205  130.737    83    90    39           106     3.9
  MYZ020  椎葉          32.455  131.147    93    65    36            99     3.9
  FKO015  柳川          33.163  130.405    83    92    26            94     4.2
  MYZ002  北川          32.698  131.683    80    76    33            92     3.8
  MYZ008  西都          32.106  131.393    83    79    25            90     3.5
  KMMH06  白水          32.811  131.101    51    89    63            89     3.5
  KMM010  三角          32.614  130.487    61    68    31            89     4.2
  OITH11  九重          33.284  131.212    78    69    21            89     3.5
  KMM003  玉名          32.934  130.548    74    80    30            87     4.2
  MYZH05  南郷          32.347  131.267    53    75    27            85     3.4
  FKO016  大牟田        33.016  130.447    57    81    33            81     3.6
  MYZH15  日向          32.365  131.589    59    75    20            81     3.2
  FKO013  八女          33.225  130.561    71    60    19            77     3.7
  KMMH10  新和          32.315  130.181    71    72    28            76     3.9
  MYZH04  諸塚          32.518  131.335    63    74    44            75     3.6
  MYZH08  川南          32.213  131.531    69    71    21            73     3.4
  KGS006  横川          31.906  130.702    65    48    26            70     3.6
  KMM013  田浦          32.365  130.510    63    50    41            68     3.9
  NGS014  口之津        32.611  130.185    53    56    32            66     3.7
  MYZ006  都農          32.257  131.561    57    53    19            66     3.3
  FKO011  久留米        33.324  130.512    65    42    23            65     3.9
  SAGH04  東脊振        33.365  130.405    60    33    10            60     3.1
  KMM016  人吉          32.197  130.776    49    43    32            59     3.7
  MYZH12  都城北        31.864  130.945    31    52    34            59     3.4
  MYZ003  延岡          32.566  131.660    53    53    36            59     3.8
  KMM019  本渡          32.455  130.181    25    56    17            59     2.6
  FKO005  飯塚          33.652  130.696    42    56    17            57     3.5
  OIT016  佐伯          32.975  131.903    55    45    20            57     3.9
  KGS003  大口          32.056  130.587    45    52    17            57     3.5
  KMM022  牛深          32.194  130.026    52    36    19            56     3.4
  SAG007  佐賀          33.263  130.300    44    52    31            55     3.7
  FKO004  行橋          33.739  131.010    48    44    19            54     3.2
  KMM018  龍ヶ岳        32.394  130.388    48    51    19            54     3.1
  NGS010  長崎          32.735  129.876    44    52    17            53     2.9
  FKOH03  宇美          33.561  130.550    50    30    13            52     2.7
  KMM001  小国          33.121  131.069    34    49    19            51     3.3
  KGS001  東            32.195  130.176    48    42    16            51     3.4
  KMM017  多良木        32.256  130.926    47    39    28            50     3.5
  KMMH13  上            32.221  130.910    47    43    32            50     3.2
  KGS005  宮之城        31.901  130.451    44    28    13            50     3.2
  FKOH07  大刀洗        33.368  130.635    48    47    19            49     3.4
  FKO010  甘木          33.423  130.669    25    46    16            49     3.2
  OITH08  宇目西        32.839  131.536    45    27    17            49     2.6
  KGS004  阿久根        32.014  130.193    48    24    12            49     3.8
  KMMH11  芦北          32.292  130.578    41    29    24            48     3.4
  MYZ007  西米良        32.235  131.116    25    45    15            48     2.5
  MYZ004  南郷          32.389  131.334    26    43    14            46     3.1
  KMM015  水俣          32.216  130.405    40    40    20            45     3.7
  MYZH10  国富          32.022  131.290    42    31    13            45     2.9
  MYZ009  えびの        32.046  130.811    41    29    16            44     3.4
  KMM004  一の宮        32.932  131.121    35    37    35            44     3.5
  NGS019  大村          32.900  129.958    39    37    12            42     3.4
  FKOH08  小石原        33.465  130.828    34    37    13            41     2.9
  FKO014  矢部          33.149  130.818    39    39    23            41     3.1
  NGS012  島原          32.788  130.346    34    37    21            41     3.5
  FKO001  玄海          33.843  130.509    39    29    14            40     3.6
  KMM021  天草          32.379  130.000    32    40    17            40     3.4
  FKO008  添田          33.572  130.854    19    37    11            39     3.0
  OIT005  耶馬渓        33.455  131.114    36    25     9            37     2.4
  KGS007  川内          31.814  130.303    31    33    11            36     3.7
  MYZ010  小林          31.997  130.972    23    30    17            35     3.0
  SAG003  富士          33.373  130.207    32    26    11            34     2.9
  MYZ012  高崎          31.872  131.069    30    33    29            34     3.3
  MYZ011  綾            31.995  131.256    28    27     9            34     2.8
  KGS002  出水          32.092  130.352    20    29    10            32     3.4
  OIT015  竹田          32.972  131.397    31    18    17            32     2.7
  SAG002  唐津          33.425  129.919    27    30    12            32     3.0
  NGS009  諫早          32.846  130.022    26    31    12            31     3.1
  FKOH01  北九州        33.885  130.980    22    24     8            31     2.5
  MYZ019  北郷          32.501  131.444    23    30    16            31     2.8
  FKO009  筑紫野        33.495  130.516    24    29     7            31     3.1
  NGS002  松浦          33.344  129.705    22    22    10            31     3.2
  FKO006  福岡          33.597  130.399    18    25     8            30     3.1
  FKOH10  浮羽          33.289  130.817    22    27    13            29     2.8
  NGS008  小長井        32.923  130.184    26    23     9            29     2.7
  FKO002  中間          33.826  130.705    22    29     9            29     3.4
  OIT014  津久見        33.066  131.859    24    28     8            29     3.0
  MYZ015  都城          31.718  131.062    18    28    14            28     2.9
  KMM020  新和          32.364  130.181    25    23     9            28     2.8
  KGSH05  祁答院        31.870  130.496    24    23    11            28     3.1
  YMG011  下関          34.064  131.021    27    20    14            28     3.3
  MYZ013  宮崎          31.909  131.419    26    24    15            28     3.4
  KMMH15  水俣          32.170  130.365    28    26    11            28     3.3
  SAG004  伊万里        33.265  129.881    19    23     8            28     2.7
  NGS011  千々石        32.784  130.202    26    20    16            27     3.1
  OIT008  天瀬          33.255  131.020    19    25    14            26     2.6
  NGS003  志々伎        33.202  129.413    21    26     5            26     2.7
  OIT002  中津          33.569  131.268    18    24     9            26     2.9
  SAG008  鹿島          33.104  130.100    19    23    10            26     3.0
  SAGH02  伊万里        33.266  129.880    23    19     5            25     2.6
  NGS001  平戸          33.362  129.538    23    16     8            25     2.8
  YMG013  防府          34.031  131.535    21    24     7            24     2.9
  SAG005  厳木          33.321  130.064    22    17     9            24     2.3
  KOC015  宿毛          32.937  132.725    18    21    12            24     2.8
  FKOH06  豊前          33.593  131.135    17    21    14            24     2.6
  MYZH13  都城南        31.730  131.079    18    18    14            24     2.9
  KGSH04  川内          31.837  130.360    21    12     7            24     3.2
  KGS036  上甑          31.836  129.868    21    22     7            24     2.9
  FKO003  北九州        33.832  130.901    20    22    10            23     2.9
  OITH01  山国          33.412  131.033    22    17    12            23     2.8
  FKO012  浮羽          33.332  130.794    17    20    10            23     3.0
  KGSH01  長島          32.155  130.119    20    19     9            23     2.8
  YMG012  宇部          33.994  131.218    20    16     5            22     3.1
  MYZH16  延岡          32.506  131.696    20    17     8            22     2.4
  OITH10  佐伯          32.928  131.869    21    21     9            22     2.5
  MYZ014  田野          31.845  131.303    22    20    16            22     3.0
  KGSH07  姶良          31.714  130.615    19    21     8            22     3.2
  FKO007  前原          33.561  130.202    19    21    10            22     3.0
  KGS008  蒲生          31.762  130.570    20    17    11            21     3.1
  OIT010  大分          33.232  131.593    18    16     7            21     2.9
  KGS010  串木野        31.712  130.274    18    18     8            20     3.3
  NGSH03  佐世保南      33.126  129.810    18    16     7            20     2.6
  OIT006  院内          33.424  131.315    14    15     6            19     2.3
  OIT013  犬飼          33.073  131.593    18    19     4            19     1.9
  NGSH01  平戸          33.212  129.435    17    15     5            18     2.5
  OIT017  宇目          32.858  131.659    12    17     8            17     2.1
  OIT012  直入          33.066  131.373    17    15     6            17     2.2
  EHM014  西海          32.945  132.505    17     9     4            17     1.9
  NGS005  東彼杵        33.037  129.917    15    14     7            17     2.6
  SAGH01  鎮西          33.508  129.888    13    13     6            17     2.4
  OIT003  豊後高田      33.557  131.446    12    12     5            16     2.3
  NGSH04  琴海          32.955  129.803    15    16     5            16     2.6
  KGS009  国分          31.737  130.761    15    10     7            16     3.0
  OIT011  佐賀関        33.246  131.881    14    15     6            16     2.6
  YMG006  豊浦          34.149  130.930    15     8     4            15     2.3
  OIT018  蒲江          32.797  131.925    14     7     6            14     2.1
  SAG006  武雄          33.192  130.034    11    12     8            14     2.7
  NGSH06  長崎          32.700  129.863    12    12    10            14     2.2
  OIT009  湯布院        33.257  131.344    10    13     6            14     2.7
  NGS023  郷ノ浦        33.750  129.690     9     9     8            13     2.1
  KGS012  鹿児島        31.606  130.574    10    13     6            13     3.0
  KGSH06  郡山          31.699  130.459     9    12     6            13     2.3
  FKOH09  玄海          33.850  130.543     8    13     3            13     2.3
  KOC014  中村          32.989  132.938    12     9     5            13     3.0
  YMGH08  豊浦          34.135  130.932    10    11     5            13     2.3
  KGSH03  宮之城        31.981  130.444    10    12     6            12     2.4
  NGSH02  佐世保北      33.212  129.765     6    11     6            12     2.4
  NGS004  佐世保        33.181  129.718     8    11     5            12     2.2
  YMG001  須佐          34.617  131.602    11     6     2            12     2.5
  NGS007  琴海          32.906  129.780     9    11     5            11     1.9
  KGS011  日吉          31.590  130.349    10     9     3            11     2.3
  YMGH14  萩            34.398  131.377     9     8     4            11     2.2
  MYZ005  日向          32.428  131.600    11    10     6            11     2.3
  SAGH05  白石          33.181  130.105    10     9     5            11     2.5
  KOC013  佐賀          33.080  133.101     9     8     4            11     2.5
  MYZ017  串間          31.464  131.228     8     9     3            10     2.4
  YMG008  山口          34.012  131.404     9     9     2            10     1.7
  YMGH07  菊川          34.115  131.051     7     9     7            10     2.2
  NGS006  大瀬戸        32.933  129.643     9     9     3            10     2.0
  OIT001  国見          33.678  131.594    10     8     4            10     2.4
  MYZH09  須木          32.042  131.062     7     5     9            10     1.9
  OIT004  国東          33.567  131.738     8     8     4             9     2.0
  KGS018  喜入          31.376  130.545     8     8     6             9     2.3
  MYZ016  日南          31.613  131.374     7     9     3             9     2.3
  OITH05  野津原        33.153  131.542     5     9     3             9     1.6
  EHM012  宇和島        33.222  132.573     8     6     2             8     1.7
  NGS013  野母崎        32.581  129.760     8     6     4             8     1.8
  KGSH09  知覧          31.374  130.433     7     6     4             8     1.8
  EHM011  八幡浜        33.450  132.434     7     5     1             7     1.9
  KGS015  大崎          31.430  131.011     7     6     5             7     2.5
  KGS013  大隅          31.597  130.994     6     6     3             7     1.7
  YMG002  萩            34.407  131.399     7     5     2             7     2.0
  HRS014  大野          34.287  132.277     7     5     2             7     2.0
  SAG001  鎮西          33.527  129.877     6     6     6             7     2.2
  YMGH09  田万川        34.626  131.668     5     6     1             7     1.3
  EHMH12  宇和          33.427  132.506     5     4     2             6     1.6
  OIT007  杵築          33.417  131.614     6     5     2             6     1.8
  YMG018  東和          33.909  132.356     5     4     2             6     2.0
  KGS016  加世田        31.416  130.322     4     5     2             6     1.7
  HRS019  呉            34.253  132.562     4     5     1             5     1.7
  OITH03  安岐          33.474  131.686     4     5     2             5     1.8
  YMG017  柳井          33.965  132.101     5     4     1             5     2.0
  HRS018  竹原          34.341  132.907     5     5     1             5     2.1
  YMG007  美祢          34.166  131.206     5     4     2             5     1.5
  KGSH08  大隅          31.562  130.997     5     3     3             5     1.4
  EHM013  三崎          33.392  132.114     4     4     2             5     1.5
  YMG016  岩国          34.170  132.177     4     4     1             5     1.7
  NGS016  若松          32.888  129.021     3     4     1             5     1.2
  NGS022  国分          34.203  129.287     3     4     1             5     1.3
  KGS020  頴娃          31.240  130.492     4     4     2             5     1.8
  EHM010  肱川          33.451  132.688     4     4     1             5     1.4
  HRSH07  呉            34.288  132.641     4     4     3             5     1.6
  YMG005  豊北          34.290  130.948     4     4     3             5     1.6
  NGS015  宇久          33.256  129.125     3     4     2             5     1.6
  KOC007  高知          33.561  133.527     4     4     1             5     1.9
  MYZ018  都井岬        31.398  131.305     4     4     2             4     1.8
  HRSH10  芸北          34.747  132.379     3     3     1             4     1.2
  EHMH01  津島          33.056  132.555     4     4     2             4     1.1
  EHMH06  日吉          33.335  132.798     4     4     2             4     1.2
  KGS014  垂水          31.496  130.700     3     4     2             4     1.7
  KOC012  大正          33.197  132.976     4     3     1             4     1.4
  KGS019  枕崎          31.278  130.301     4     4     2             4     1.4
  YMGH17  東和          33.929  132.405     3     4     2             4     1.5
  EHM016  伊予          33.765  132.709     4     3     1             4     1.9
  KGS017  鹿屋          31.395  130.870     4     4     3             4     1.7
  KOCH08  土佐清水      32.780  132.972     4     3     2             4     1.4
  KOCH06  中村          33.075  132.952     4     2     2             4     1.3
  KGSH10  山川          31.207  130.618     3     3     2             4     1.4
  YMGH15  徳山          33.972  131.815     4     2     2             4     1.2
  EHMH08  柳谷          33.539  133.002     3     4     1             4     1.3
  EHMH13  三崎          33.372  132.116     3     2     2             4     1.4
  KGS021  指宿          31.253  130.632     4     3     2             4     1.7
  KOCH07  須崎          33.392  133.287     3     3     1             4     1.1
  SMN005  出雲          35.361  132.745     3     3     1             4     1.8
  SMN012  六日市        34.353  131.935     2     3     1             4     1.3
  EHM015  長浜          33.609  132.477     3     3     1             4     1.2
  HRS013  広島          34.377  132.451     3     3     1             4     1.7
  EHM008  松山          33.820  132.728     3     3     1             3     1.6
  HRS009  湯来          34.493  132.279     3     3     1             3     1.1
  YMG014  徳山          34.054  131.808     3     3     1             3     1.5
  YMGH01  防府          34.049  131.562     2     3     1             3     1.1
  YMGH16  上関          33.826  132.104     3     2     1             3     1.0
  YMG003  生雲中        34.383  131.600     2     3     2             3     1.3
  EHM005  川内          33.797  132.914     2     3     1             3     1.2
  EHM007  北条          33.962  132.772     3     3     1             3     1.4
  YMG015  玖珂          34.097  132.076     3     3     1             3     1.3
  YMG004  長門          34.371  131.182     2     3     2             3     1.2
  KGWH02  三野          34.198  133.708     3     2     1             3     1.3
  SMN014  津和野        34.467  131.775     3     3     1             3     1.2
  KGS023  田代          31.199  130.849     3     2     1             3     1.4
  NGS021  豊玉          34.397  129.324     3     3     1             3     1.1
  EHM004  今治          34.062  132.998     3     3     1             3     1.5
  KOC016  土佐清水      32.736  132.975     3     3     2             3     1.6
  TTR008  米子          35.426  133.330     3     2     1             3     1.5
  YMG010  美川          34.230  131.982     2     2     1             3     0.7
  KOC003  安芸          33.501  133.907     2     2     1             3     1.6
  SMN009  江津          35.011  132.223     3     2     1             3     0.7
  KOC011  檮原          33.398  132.896     2     2     2             3     1.2
  EHMH11  大洲          33.581  132.601     2     3     1             3     0.6
  HRSH13  広島南        34.412  132.391     2     3     1             3     0.8
  KGW005  観音寺        34.114  133.635     2     2     1             3     1.5
  KOCH04  大月          32.841  132.707     2     2     2             2     1.2
  YMGH10  むつみ        34.484  131.633     2     2     1             2     1.0
  YMG009  鹿野          34.232  131.817     2     2     1             2     0.8
  KGW004  高松          34.347  134.037     2     2     1             2     1.4
  SMNH07  美都          34.694  132.040     2     2     1             2     1.1
  NGS017  福江          32.666  128.843     2     2     2             2     1.2
  HRS012  東広島        34.428  132.742     2     2     1             2     0.8
  SMN013  益田          34.669  131.846     2     2     1             2     0.9
  EHMH05  砥部          33.711  132.803     2     1     1             2     0.5
  HRSH18  東広島        34.457  132.792     2     1     1             2     0.7
  NGS020  上対馬        34.661  129.459     2     1     1             2     0.8
  KOCH03  大正          33.268  132.989     2     2     1             2     1.0
  EHMH04  丹原          33.902  133.066     2     1     1             2     1.2
  KOC002  室戸          33.290  134.168     2     2     0             2     0.9
  KOCH05  池川          33.647  133.144     2     1     1             2     0.5
  EHM001  伊予三島      33.981  133.549     1     2     1             2     1.2
  HRS008  向原          34.603  132.720     2     2     1             2     0.9
  SMN006  大田          35.194  132.498     2     1     0             2     1.1
  KOC004  物部          33.697  133.877     2     1     1             2     1.0
  HRSH15  倉橋          34.116  132.505     1     1     1             2     0.6
  KGS022  内之浦        31.280  131.050     1     1     1             2     0.8
  KOC010  須崎          33.392  133.290     2     1     1             2     0.7
  EHM009  広田          33.632  132.796     1     1     1             2     0.8
  TTRH03  溝口          35.355  133.492     1     1     0             2     0.8
  KGSH12  内之浦        31.258  131.088     1     1     1             2     0.7
  SMN008  瑞穂          34.852  132.531     1     1     1             1     0.5
  EHMH10  宮窪          34.192  133.058     1     1     1             1     0.5
  YMGH04  周東          34.027  132.063     1     1     1             1     0.7
  KGW003  丸亀          34.264  133.790     1     1     0             1     0.8
  HRSH01  三原          34.374  133.024     1     1     1             1     0.7
  OKY012  倉敷          34.589  133.755     1     1     0             1     0.7
  SMNH04  邑智          35.092  132.531     1     1     0             1     0.5
  SMNH16  加茂          35.342  132.899     1     1     0             1     0.5
  EHMH07  河辺          33.502  132.748     1     1     1             1     0.6
  HRSH03  御調          34.518  133.137     1     1     1             1     0.5
  HRSH14  沖美          34.209  132.406     1     1     0             1     0.5
  HRSH16  吉田          34.663  132.669     1     1     1             1    <0.5
  KOCH10  伊野          33.531  133.439     1     1     1             1     0.8
  TKSH05  海南          33.663  134.316     1     1     0             1    <0.5
  KOCH12  芸西          33.529  133.819     1     1     1             1     0.6
  SMNH09  匹見          34.572  132.012     1     1     1             1     0.5
  KGSH11  佐多          31.090  130.699     1     1     0             1    <0.5
  HYGH01  三原          34.294  134.794     1     1     0             1     0.7
  HRSH17  戸河内        34.572  132.233     1     1     0             1    <0.5
  HYGH10  加古川        34.816  134.808     1     1     0             1    <0.5
  KOCH11  室戸          33.287  134.160     1     0     0             1    <0.5
  TKSH06  井川          34.000  133.893     1     1     0             1    <0.5
  YMGH03  岩国          34.189  132.126     1     1     1             1    <0.5
  TTRH02  日野          35.231  133.391     1     1     0             1    <0.5
  EHMH03  新宮          33.915  133.650     1     0     0             1    <0.5
  SMNH12  吉田          35.163  132.856     1     0     0             1    <0.5
  SMNH13  江津          35.009  132.307     1     1     0             1    <0.5
  TTRH07  関金          35.365  133.749     0     0     0             1    <0.5
  SMNH05  羽須美        34.870  132.640     0     1     0             1    <0.5
  KOCH02  吾北          33.708  133.364     1     0     1             1    <0.5
  SMNH11  平田          35.426  132.801     1     0     0             1    <0.5
  OKYH06  美星          34.676  133.528     1     0     0             1    <0.5
  OKYH08  哲多          34.910  133.405     0     0     0             1    <0.5
  OKYH04  真備          34.643  133.686     0     0     0             1    <0.5
  SMNH10  美保関        35.558  133.300     0     1     0             1    <0.5
  HRSH04  沼隈          34.379  133.349     0     0     0             1    <0.5
  KOCH01  北川          33.542  134.120     0     0     0             1    <0.5
  SMNH15  鹿島          35.523  133.023     0     0     0             0    <0.5
  OKYH03  岡山          34.778  133.789     0     0     0             0    <0.5
  HRSH11  神石          34.822  133.167     0     0     0             0    <0.5
  OKYH11  勝央          35.073  134.116     0     0     0             0    <0.5
  TKSH04  徳島          33.990  134.534     0     0     0             0    <0.5
  TKSH03  木屋平        33.878  134.129     0     0     0             0    <0.5
  SMNH02  仁多          35.224  133.086     0     0     0             0    <0.5
  TTRH06  河原          35.395  134.199     0     0     0             0    <0.5
  OKYH05  建部          34.868  133.853     0     0     0             0    <0.5
  SMNH01  伯太          35.296  133.260     0     0     0             0    <0.5
  KYTH02  伊根          35.710  135.250     0     0     0             0    <0.5
  OKYH09  湯原          35.181  133.677     0     0     0             0    <0.5
  KGWH03  三木          34.270  134.148     0     0     0             0    <0.5
  KYTH01  野田川        35.524  135.124     0     0     0             0    <0.5
  OKYH12  大原          35.100  134.319     0     0     0             0    <0.5
  WKYH10  印南          33.825  135.217     0     0     0             0    <0.5
  MIEH10  芸濃          34.822  136.424     0     0     0             0    <0.5
  HYGH02  南光          35.067  134.423     0     0     0             0    <0.5
  HYGH08  加美          35.101  134.904     0     0     0             0    <0.5
  HYGH12  新宮          34.931  134.542     0     0     0             0    <0.5
  HYGH06  相生          34.794  134.479     0     0     0             0    <0.5
  GNMH08  嬬恋          36.492  138.524     0     0     0             0    <0.5
  NGNH24  松川          35.615  137.880     0     0     0             0    <0.5
  HYGH14  出石          35.457  134.862     0     0     0             0    <0.5
  MIEH06  宮川          34.358  136.329     0     0     0             0    <0.5
  NARH03  川上          34.292  136.002     0     0     0             0    <0.5
  NGNH27  信州新        36.577  138.048     0     0     0             0    <0.5