最大加速度リスト

地震発生時刻   2020/09/12-11:44:00.00
震央北緯       38.7°
震央東経       142.4°
震源深さ       40.0km
マグニチュード M6.1

  コード  観測点名      緯度    経度     最大加速度 (ガル) 三成分合成値 計測震度
　　　　　 　　         北緯    東経      N-S   E-W   U-D        (ガル)         
  MYG002  歌津          38.726  141.511   173   230    50           270     4.0
  IWT007  釜石          39.270  141.856   239   159    93           241     3.9
  IWTH27  陸前高田      39.031  141.532   211   126    66           215     3.8
  IWTH05  藤沢          38.865  141.351    93   128    56           157     3.7
  MYG001  気仙沼        38.901  141.568    77   112    57           122     3.8
  MYG008  北上          38.568  141.427    97   107    39           109     3.5
  IWT009  大東          39.019  141.403   101    98    34           108     3.3
  IWTH04  住田          39.181  141.391    82    65    63           107     3.7
  IWTH02  玉山          39.825  141.383    71    93    16           106     3.7
  MYG003  東和          38.735  141.311    86    79    34            97     3.3
  MYG012  塩竈          38.329  141.013    48    82    19            96     3.3
  IWT026  相去          39.257  141.098    81    70    31            95     3.8
  IWTH23  釜石          39.274  141.823    77    83    31            87     3.0
  MYG007  豊里          38.588  141.251    80    70    39            85     3.6
  IWT012  北上          39.321  141.138    73    79    23            82     3.8
  MYGH03  唐桑          38.921  141.638    75    68    42            80     3.1
  MYGH07  川崎          38.180  140.641    62    68    23            79     3.2
  MYGH04  東和          38.786  141.325    69    58    29            79     2.9
  MYG011  牡鹿          38.305  141.504    71    69    30            77     3.1
  IWT013  遠野          39.329  141.564    52    64    23            72     3.6
  IWTH20  花巻南        39.343  141.047    41    61    22            71     3.5
  IWT010  一関          38.935  141.126    59    48    28            69     3.4
  MYG004  築館          38.732  141.027    51    56    25            67     3.6
  IWTH26  一関東        38.969  141.001    51    54    27            63     3.1
  MYG015  岩沼          38.105  140.870    61    47    17            62     3.6
  IWT017  門馬          39.634  141.438    37    59    24            60     3.0
  MYG018  伊里前        38.719  141.523    56    50    24            60     3.0
  IWTH21  山田          39.473  141.934    53    50    21            58     2.9
  MYGH10  山元          37.941  140.892    42    52    15            56     3.1
  IWT008  大船渡        39.081  141.708    38    38    16            52     2.8
  MYG019  鳴子温泉      38.751  140.723    33    46     9            48     2.9
  MYG010  石巻          38.429  141.282    47    43    15            48     3.6
  IWT020  藪川          39.784  141.329    31    38    16            47     3.5
  IWTH14  田老          39.743  141.909    44    46     8            47     2.7
  IWT006  山田          39.485  141.975    45    43    16            47     2.9
  MYGH14  利府          38.340  140.955    34    38    16            45     3.4
  IWTH19  花巻北        39.456  141.000    36    44    11            44     3.0
  IWT021  西根          39.920  141.082    39    31    11            44     3.1
  IWTH22  東和          39.334  141.302    39    30    14            43     2.9
  MYG006  古川          38.566  140.977    35    35    17            40     3.5
  IWT004  田老          39.736  141.967    30    39    23            40     3.2
  IWTH12  九戸          40.153  141.424    36    26    13            37     3.0
  MYG005  鳴子          38.799  140.651    26    33    16            37     3.1
  AKTH04  東成瀬        39.174  140.713    30    26     9            35     2.8
  IWT005  宮古          39.647  141.946    23    14    33            35     2.9
  IWTH28  一関西2       39.009  140.864    34    28    22            35     3.0
  IWTH03  岩泉          39.802  141.652    30    20    12            33     2.1
  IWT018  盛岡          39.695  141.148    24    29    10            33     2.6
  FKS006  葛尾          37.503  140.759    30    22    13            32     2.8
  MYGH05  小野田        38.579  140.780    29    29    10            32     3.1
  IWT001  種市          40.410  141.719    24    23     8            32     2.7
  IWT014  石鳥谷        39.484  141.147    29    27    11            31     3.0
  IWT016  川井          39.600  141.679    28    29    15            31     2.9
  MYG014  作並          38.318  140.636    29    23    11            30     2.9
  MYG009  大和          38.447  140.887    25    21    11            29     3.2
  IWT003  普代          40.008  141.886    16    25     8            28     2.8
  IWT025  大志田        39.517  140.830    23    26     6            28     2.5
  IWTH01  二戸東        40.238  141.342    22    25    11            28     3.0
  MYG013  仙台          38.266  140.929    26    28    12            28     3.1
  FKSH12  平田          37.217  140.570    16    26     5            26     2.7
  IWTH15  矢巾          39.615  141.093    24    23    15            26     3.0
  FKSH19  都路          37.470  140.723    23    22    10            25     2.8
  IWTH16  雫石          39.644  140.946    20    20    10            24     2.9
  FKS004  飯舘          37.680  140.735    23    18    13            23     2.3
  IWT011  水沢          39.145  141.152    15    22    11            23     2.9
  AOM012  八戸          40.514  141.481    17    20     7            22     2.6
  MYG017  角田          37.976  140.782    16    18     7            22     3.0
  IWT022  安代          40.101  141.052    20    15     5            21     2.4
  AOMH16  新郷          40.462  141.092    16    17     7            21     2.8
  MYGH06  田尻          38.591  141.071    17    18    13            20     2.5
  FKS002  梁川          37.845  140.601    16    13     7            19     2.3
  IWT023  葛巻          40.037  141.450    16    14     7            19     2.1
  MYGH08  岩沼          38.113  140.844    16    12     8            18     2.6
  FKS001  相馬          37.795  140.920    17    17    12            18     2.5
  FKSH18  三春          37.489  140.538    16    15     9            17     2.4
  IWTH17  川井北        39.644  141.598    15    15     9            17     2.0
  TCG014  茂木          36.545  140.174    13    14     3            17     2.2
  FKS003  福島          37.761  140.480    14    16     6            17     2.4
  AOM011  三沢          40.680  141.367    16    17     6            17     2.4
  MYG016  白石          38.008  140.621    13    16     6            17     2.4
  IWTH11  一戸          40.081  141.191    15    15     7            17     2.7
  AOMH12  十和田湖東    40.585  141.155    12    14     6            16     2.3
  FKS009  小野          37.278  140.635    14    13     4            16     1.9
  AKTH17  中仙          39.557  140.612    15    16     7            16     2.6
  IWTH09  久慈南        40.086  141.712    13    15     7            16     2.0
  YMT006  尾花沢        38.600  140.405    15    14     5            15     2.6
  FKS008  船引          37.436  140.567    15    13     4            15     2.1
  AKT011  宮田          39.813  140.580    14    13     6            15     2.4
  AOMH17  名川          40.449  141.337    13    10     9            15     2.3
  FKSH20  浪江          37.491  140.987    13    14     7            15     2.6
  FKS019  二本松        37.603  140.437    12    12     7            15     2.2
  AOMH18  田子          40.296  141.014    10    13     8            14     1.8
  IWT019  岩泉          39.803  141.658    13    12     6            14     1.8
  AKTH13  阿仁          39.982  140.407    14     7     3            14     1.8
  AKT023  椿台          39.146  140.717    11    12     7            14     2.4
  AOMH13  八戸          40.579  141.445    13    12     5            14     2.5
  FKS005  原町          37.639  140.985    12    12     7            14     2.3
  FKS013  古殿          37.090  140.556    13     9     3            14     2.3
  AKTH14  鹿角          40.062  140.808    14    12     5            14     2.2
  AOMH05  野辺地        40.856  141.103    10    12     3            14     2.2
  IWTH08  久慈北        40.269  141.783    12    11     8            13     2.2
  TCGH13  馬頭          36.734  140.178    13     9     3            13     2.2
  IBRH16  山方          36.641  140.398     8    12     3            13     1.9
  FKS016  白河          37.123  140.191    11    13     3            13     2.1
  FKS010  広野          37.234  141.002    12    10     5            13     2.0
  IWT015  川尻          39.318  140.779    12    13     6            13     2.3
  FKSH17  川俣          37.664  140.597    10    12     5            13     2.1
  IWT002  久慈          40.182  141.764    10    12     4            13     2.2
  AOM010  野辺地        40.872  141.142    10    11     4            12     2.3
  FKS018  郡山          37.396  140.362    11    10     5            12     2.5
  YMTH02  山形          38.269  140.258    12     8     4            12     2.3
  IBR003  日立          36.592  140.645     8    11     6            12     1.9
  TCG009  今市          36.726  139.715    10    11     3            12     2.2
  FKSH14  いわき東      37.026  140.970     9    10     5            12     2.2
  FKS017  須賀川        37.284  140.369     9    11     5            12     2.3
  AKT016  大曲          39.454  140.476    10    10     3            11     2.5
  YMT005  肘折          38.607  140.162     9     9     5            11     2.2
  IWTH07  軽米          40.270  141.571    11     7     4            11     1.8
  IBR001  大子          36.776  140.357    10     9     4            11     2.1
  IBRH06  北茨城2       36.881  140.655     9    11     3            11     1.7
  TCGH16  芳賀          36.548  140.075     9    10     3            11     2.1
  IBR013  鉾田          36.159  140.489     9     8     4            11     1.8
  IBR005  笠間          36.385  140.237    10     8     5            11     2.1
  AKT014  角館          39.595  140.555     8    10     3            11     2.0
  IWT024  二戸          40.261  141.291     9     7     5            10     2.1
  IBRH11  岩瀬          36.370  140.140     9    10     4            10     2.2
  AOM013  南部          40.412  141.280     9     9     3            10     1.9
  AKTH02  西木南        39.663  140.572     9     9     4            10     1.9
  FKSH09  郡山          37.353  140.426     9    10     2            10     1.5
  YMT015  米沢          37.904  140.100     9     8     3            10     2.3
  YMTH09  戸沢          38.750  140.178    10     9     2            10     2.2
  FKSH10  西郷          37.162  140.093     9     7     4            10     1.7
  IWTH10  安代          40.139  140.953     9     7     2            10     1.6
  AKTH16  西仙北        39.545  140.348     9     9     4            10     2.2
  IBRH12  大子          36.837  140.318    10     8     3            10     1.8
  FKSH11  矢吹          37.201  140.339     8     8     4            10     2.3
  AOM014  子ノ口        40.437  140.941     8     8     5             9     2.4
  AKT006  鹿角          40.215  140.787     6     9     2             9     1.9
  YMT007  東根          38.431  140.391     9     8     4             9     2.1
  AKTH19  湯沢          39.191  140.471     8     8     3             9     2.1
  IBRH13  高萩          36.795  140.575     9     7     3             9     2.0
  FKS024  中野          37.396  140.132     8     8     4             9     2.4
  AKT012  田沢湖        39.699  140.718     7     9     4             9     2.0
  YMTH11  最上          38.713  140.554     7     8     5             9     2.0
  YMTH06  高畠          37.963  140.184     7     8     3             9     2.0
  FKS007  大熊          37.406  140.963     8     7     5             8     1.8
  FKS020  猪苗代        37.547  140.108     7     6     2             8     2.3
  FKS012  勿来          36.907  140.793     8     6     3             8     2.0
  FKS031  川内          37.336  140.813     7     7     4             8     1.8
  IBR002  高萩          36.706  140.707     6     7     3             8     1.7
  CHB003  白井          35.794  140.056     6     5     5             8     1.7
  YMT008  中村          38.386  139.992     6     7     3             7     2.2
  IWTH13  葛巻          39.940  141.549     7     5     3             7     1.6
  IBRH07  江戸崎        35.952  140.330     6     7     3             7     2.3
  YMTH14  西川西        38.386  139.992     6     6     4             7     2.2
  IBRH10  石下          36.111  139.989     7     5     3             7     2.3
  IBRH18  ひたちなか    36.363  140.620     6     6     4             7     1.5
  FKS011  いわき        37.091  140.904     6     5     5             7     1.8
  IBRH15  御前山        36.557  140.301     6     6     2             7     1.3
  FKS014  矢祭          36.886  140.417     6     6     2             7     1.5
  YMTH07  米沢          37.896  140.028     6     6     2             7     1.9
  YMTH15  西川東        38.426  140.125     7     7     3             7     2.2
  IBR006  水戸          36.367  140.454     6     7     3             7     1.6
  FKS023  会津若松      37.477  139.929     7     6     2             7     1.9
  YMT011  上山          38.150  140.267     6     6     3             7     2.0
  IBR007  那珂湊        36.352  140.595     6     6     3             7     1.5
  AOMH11  十和田湖西    40.580  140.995     6     6     2             7     1.4
  AOM006  川内          41.198  140.997     5     6     2             6     1.7
  AKTH06  雄勝          38.980  140.495     5     6     3             6     1.5
  AKT022  玉川          39.774  140.667     6     5     3             6     1.6
  TCG008  鹿沼          36.560  139.768     5     5     3             6     1.6
  AOM008  横浜          41.084  141.255     6     6     2             6     1.7
  AOM021  十和田        40.615  141.208     6     6     3             6     2.0
  KNGH10  横浜          35.499  139.519     5     5     2             6     1.9
  YMT009  寒河江        38.390  140.274     6     5     3             6     1.8
  YMTH04  上山          38.081  140.298     6     5     2             6     0.9
  SITH11  飯能          35.864  139.273     4     6     1             6     1.6
  AOM024  蟹田          41.047  140.640     5     5     2             6     1.9
  IBR012  石岡          36.195  140.271     4     6     2             6     1.7
  AOM003  大畑          41.405  141.170     5     4     1             6     1.7
  AKT013  協和          39.607  140.321     4     6     2             6     1.7
  AKT019  雄勝          39.038  140.451     3     5     2             6     1.4
  IBR004  大宮          36.552  140.410     5     5     3             6     1.6
  AOM027  脇野沢        41.145  140.822     4     6     2             6     1.6
  AOMH06  六ヶ所        40.966  141.374     4     5     2             6     1.4
  CHB006  成田          35.780  140.307     5     3     3             6     1.8
  IBR014  土浦          36.073  140.195     5     5     2             5     1.7
  AOM005  むつ          41.295  141.197     4     5     1             5     1.7
  AKT001  小坂          40.328  140.743     4     5     1             5     1.2
  AKTH12  五城目        39.916  140.222     4     5     2             5     1.7
  SIT008  春日部        35.983  139.746     5     5     1             5     1.9
  YMT010  山形          38.260  140.349     5     5     3             5     1.8
  AKT015  本荘          39.383  140.050     4     4     2             5     1.9
  AOM007  南通          41.169  141.385     4     4     1             5     1.1
  IBRH17  霞ヶ浦        36.086  140.314     4     5     2             5     1.5
  YMT001  酒田          38.914  139.813     4     5     2             5     2.2
  CHB007  佐倉          35.723  140.227     5     4     1             5     1.6
  IBR015  岩井          36.069  139.908     4     5     2             5     1.7
  AKT017  横手          39.297  140.563     5     4     2             5     1.6
  IBR017  江戸崎        35.954  140.319     4     4     2             5     1.4
  KNG206  平塚ST6       35.097  139.378     4     5     1             5     2.0
  TCGH12  氏家          36.696  139.984     5     4     3             5     1.5
  AKT002  大館          40.268  140.566     3     4     1             5     1.8
  CHBH13  成田          35.831  140.298     4     4     2             5     1.5
  YMTH08  八幡          38.970  140.033     3     4     2             5     1.8
  IBR010  下妻          36.184  139.965     4     4     2             5     1.7
  YMT002  新庄          38.768  140.296     4     4     2             5     1.7
  YMT003  鶴岡          38.729  139.801     3     5     2             5     2.0
  AOM028  八甲田        40.700  140.919     5     4     3             5     1.8
  AKT018  鳥海          39.194  140.190     5     4     2             5     1.7
  IBRH14  十王          36.692  140.548     3     4     2             4     0.8
  AOM020  青森          40.819  140.750     3     4     1             4     2.0
  CHB029  行徳          35.695  139.918     4     3     1             4     1.6
  HKD159  戸井          41.716  141.002     4     4     1             4     1.3
  HKD158  椴法華        41.834  141.141     4     3     2             4     1.8
  IBR011  つくば        36.125  140.090     4     4     2             4     1.8
  FKSH08  長沼          37.282  140.214     4     4     1             4     1.2
  TCG012  小山          36.286  139.805     4     4     1             4     1.6
  TCGH10  大田原        36.858  140.023     4     3     1             4     1.4
  TKY022  横網          35.687  139.796     3     4     2             4     1.8
  TCG005  矢板          36.806  139.926     4     4     1             4     1.3
  YMT017  新庄支所      38.791  140.313     3     4     2             4     1.7
  IBR016  取手          35.911  140.049     3     4     2             4     1.4
  AKTH03  矢島          39.222  140.128     4     4     2             4     1.8
  SIT010  大宮          35.907  139.648     4     4     1             4     1.7
  CHB001  野田          35.959  139.873     4     4     1             4     1.5
  GNM011  太田          36.291  139.361     4     4     1             4     1.5
  FKSH05  下郷          37.254  139.873     4     4     1             4     1.1
  AKT020  象潟          39.202  139.909     3     4     2             4     1.7
  TKY027  瑞江          35.693  139.891     3     4     1             4     1.7
  IBR008  下館          36.306  139.983     2     3     1             4     1.3
  TKY021  猿江          35.688  139.819     3     3     2             4     1.7
  AOM009  六ヶ所        40.967  141.373     3     3     1             4     1.3
  FKS015  棚倉          37.022  140.377     3     3     1             4     1.4
  AOM019  五所川原      40.815  140.447     3     3     1             4     1.8
  AKT005  能代          40.203  140.029     3     3     1             4     1.9
  KSRH03  標茶北        43.385  144.628     3     2     1             4     0.6
  GNM009  桐生          36.411  139.325     3     3     1             4     1.4
  IBR018  鹿嶋          35.977  140.632     3     3     1             4     1.4
  SIT011  川口          35.810  139.721     3     3     1             4     1.7
  SIT003  久喜          36.072  139.697     3     3     1             4     1.7
  HKD161  木古内        41.680  140.433     4     3     1             4     1.5
  TKY026  宇喜田        35.670  139.863     3     3     1             4     1.7
  GNM010  館林          36.234  139.533     3     3     1             3     1.4
  NMRH02  標津南        43.677  144.962     3     3     1             3     0.7
  TKY023  八広          35.725  139.825     3     3     1             3     1.6
  FKS025  下郷          37.308  139.900     3     3     2             3     0.9
  TKY028  越中島        35.669  139.789     3     3     1             3     1.7
  TCGH11  今市          36.708  139.769     3     3     1             3     1.0
  TKY018  八枝          35.655  139.811     3     3     2             3     1.6
  AKT010  秋田          39.722  140.100     3     3     1             3     1.6
  NIG012  鹿瀬          37.686  139.477     3     3     1             3     1.6
  AKTH10  大館          40.300  140.581     3     2     1             3     1.3
  CHB004  佐原          35.901  140.490     3     3     1             3     1.2
  HDKH06  静内          42.350  142.357     2     2     1             3     1.5
  AOM002  福浦          41.328  140.813     3     3     1             3     0.9
  YMTH12  立川          38.636  140.006     2     3     2             3     1.5
  KNG013  小田原        35.264  139.152     3     2     2             3     1.7
  TKY015  東白鬚        35.731  139.812     2     3     1             3     1.4
  AOM023  中里          40.968  140.433     3     3     1             3     1.4
  TKY017  辰巳          35.647  139.809     3     3     1             3     1.6
  HKD128  早来          42.766  141.822     2     2     1             3     1.3
  FKSH02  熱塩加納      37.732  139.882     3     2     2             3     1.1
  KNG205  平塚ST5       34.941  139.421     3     3     0             3     1.4
  AOM016  弘前          40.602  140.499     3     3     2             3     1.6
  CHB002  松戸          35.787  139.903     3     2     1             3     1.2
  AKTH07  小坂          40.456  140.839     3     3     2             3     1.4
  YMNH11  大月          35.625  138.978     3     3     1             3     1.3
  CHB024  稲毛          35.633  140.078     3     3     1             3     1.4
  NIGH02  朝日          38.280  139.549     3     2     2             3     1.6
  TKY013  砂町          35.660  139.834     3     2     1             3     1.5
  TKY020  塩浜          35.666  139.809     2     2     1             3     1.5
  TKY016  東雲          35.648  139.799     2     2     2             3     1.3
  AOM022  東田沢        40.992  140.916     2     2     1             3     1.1
  KNG002  横浜          35.437  139.634     3     3     2             3     1.5
  GNMH12  神流          36.144  138.913     2     2     1             3     0.9
  CHB008  浦安          35.654  139.902     2     3     1             3     1.6
  AKTH09  田代          40.276  140.460     2     2     2             3     1.4
  TCG001  黒磯          36.942  140.083     3     3     2             3     1.4
  TCG013  真岡          36.437  140.023     2     3     2             3     1.3
  AOMH03  川内          41.234  140.990     3     2     2             3     1.2
  NIG011  新津          37.801  139.144     3     2     1             3     1.4
  AOMH14  西目屋        40.549  140.273     2     2     1             3     1.1
  TCGH14  粟野          36.551  139.615     2     3     1             3    <0.5
  AOM015  碇ヶ関        40.474  140.631     2     3     1             3     1.3
  NIGH04  関川          38.131  139.543     2     2     1             3     1.5
  CHB019  鋸南          35.111  139.835     3     2     1             3     1.6
  HKD110  様似          42.131  142.935     3     3     0             3     1.3
  IBR009  古河          36.185  139.704     2     2     1             3     1.2
  YMN009  六郷          35.496  138.463     3     2     1             3     1.4
  TCG015  芹沼          36.749  139.714     2     2     1             3     1.1
  NMRH05  別海西        43.390  144.802     2     3     1             3     0.5
  KSRH07  鶴居南        43.136  144.327     2     2     1             3     0.6
  KNG201  平塚ST1       34.596  139.918     1     3     0             3     1.1
  KNG202  平塚ST2       34.740  139.839     2     3     1             3     1.2
  CHB012  東金          35.573  140.333     2     3     1             3     1.2
  NIG007  村上          38.230  139.486     3     2     1             3     1.5
  YMT012  長井          38.107  140.043     2     2     1             3     1.0
  AKTH08  藤里          40.319  140.234     2     2     1             3     1.2
  AKT003  藤里          40.278  140.263     2     2     1             2     1.4
  YMT013  小国          38.062  139.757     2     2     1             2     1.2
  TKY024  奥戸          35.740  139.862     2     2     1             2     1.4
  CHB014  姉崎          35.477  140.049     2     2     1             2     1.2
  AKT021  阿仁          39.995  140.403     2     2     1             2     1.3
  HKD078  塘路          43.149  144.498     2     2     1             2     0.6
  TCGH06  真岡          36.446  139.951     2     2     1             2     1.1
  YMT016  清川          38.789  140.018     2     2     1             2     1.0
  YMT014  下屋地        37.921  139.870     2     2     1             2     1.2
  HKD066  標津          43.662  145.131     2     2     1             2     0.9
  CHBH04  下総          35.797  140.021     2     2     1             2     1.2
  TCG003  藤原          36.814  139.715     2     2     1             2     0.7
  CHB016  岬            35.300  140.387     2     2     1             2     1.3
  TKY007  新宿          35.711  139.686     2     2     1             2     1.1
  AOMH15  大鰐          40.484  140.556     2     2     1             2     0.9
  HKD074  納沙布        43.368  145.803     2     2     1             2    <0.5
  AKT009  男鹿          39.888  139.847     2     2     1             2     1.2
  SIT001  本庄          36.243  139.194     2     2     1             2     1.2
  SIT007  東松山        36.054  139.391     2     2     1             2     0.8
  CHBH19  蓮沼          35.594  140.511     2     2     1             2     1.2
  KNG010  平塚          35.334  139.345     2     2     2             2     1.4
  TKY025  篠崎          35.714  139.897     2     2     1             2     1.2
  TKY004  八王子        35.628  139.403     2     2     1             2     1.3
  CHB010  八日市場      35.708  140.568     2     1     1             2     1.0
  NIG014  三条          37.641  138.956     2     2     0             2     1.4
  TCG016  北高岡        36.529  140.156     2     2     1             2     0.9
  SIT002  熊谷          36.148  139.388     2     2     1             2     1.1
  NIG006  寒川          38.450  139.496     1     2     1             2     0.8
  NMRH04  別海東        43.398  145.122     1     2     1             2     0.6
  TKCH05  本別          43.121  143.618     2     2     0             2    <0.5
  TKY005  町田          35.580  139.414     2     2     1             2     1.2
  KNG007  藤沢          35.338  139.493     2     2     1             2     1.0
  YMTH03  南陽          38.103  140.155     2     2     1             2     0.6
  CHB017  市場          35.299  140.076     2     2     1             2     1.0
  KSRH09  白糠南        42.986  143.984     2     2     1             2     0.7
  TCG011  葛生          36.387  139.614     2     2     1             2     0.6
  CHB011  蓮沼          35.588  140.497     2     2     1             2     1.1
  YMTH13  朝日          38.470  139.761     2     1     1             2     0.7
  NMRH03  中標津        43.551  144.966     2     2     1             2     0.5
  HKD072  落石          43.195  145.521     2     2     0             2     0.5
  YMN004  塩山          35.702  138.727     1     2     1             2     1.1
  AOMH10  黒石          40.609  140.665     2     1     1             2     1.0
  TKYH12  八王子        35.670  139.265     2     1     1             2     0.9
  TCG007  宇都宮        36.569  139.886     1     2     1             2     0.8
  IBRH19  つくば        36.214  140.089     2     1     1             2     0.5
  AOM029  西目屋        40.576  140.297     2     1     1             2     1.1
  KSRH06  鶴居東        43.220  144.429     2     1     1             2    <0.5
  KNG004  三崎          35.144  139.622     1     1     1             2     0.7
  GNM008  前橋          36.348  139.137     1     1     1             2     1.1
  OSMH01  知内          41.598  140.421     2     1     1             2     1.1
  NIG009  新発田        37.951  139.338     2     2     1             2     1.2
  CHB020  鴨川          35.115  140.102     1     2     1             2     1.1
  NIGH06  加茂          37.653  139.068     1     2     1             2     1.1
  TCG002  塩原          36.990  139.803     1     2     0             2     0.6
  IBRH20  波崎2         35.828  140.732     1     2     1             2     0.9
  KNG204  平塚ST4       34.893  139.571     2     1     1             2     1.0
  KNGH18  藤野          35.644  139.128     1     2     1             2     0.8
  FKS026  南郷          37.266  139.539     1     1     1             2     0.6
  KNG203  平塚ST3       34.798  139.643     1     1     1             2     0.9
  KNG014  山北          35.361  139.083     1     2     1             2     0.7
  SZOH42  修善寺        34.976  138.913     2     1     0             2     0.8
  NGN016  富士見        35.913  138.223     1     1     0             2     1.0
  YMN002  大月          35.613  138.947     2     1     1             2     0.5
  AOM004  尻屋          41.409  141.449     1     1     1             2     0.6
  TCG010  足尾          36.635  139.438     1     2     1             2    <0.5
  NIGH05  聖籠          37.976  139.279     1     1     1             2     1.0
  FKS021  喜多方        37.654  139.863     1     1     1             2     1.0
  AKT007  琴丘          40.038  140.092     1     1     1             2     1.0
  SIT006  秩父          35.995  139.071     1     1     1             2     0.8
  HKD097  生花          42.618  143.421     1     1     0             2    <0.5
  HKD162  福島          41.486  140.247     1     1     0             2     0.6
  HDKH04  門別西        42.513  142.038     1     1     0             1     0.6
  HDKH07  様似          42.133  142.916     1     1     1             1     0.8
  YMTH05  小国          37.988  139.802     1     1     1             1     0.8
  NIG013  巻            37.764  138.883     1     1     0             1     1.1
  KSRH05  鶴居西        43.256  144.234     1     1     0             1    <0.5
  HKD135  壮瞥          42.553  140.887     1     1     0             1     0.8
  AOM018  鯵ヶ沢        40.778  140.198     1     1     1             1     1.1
  CHBH16  鴨川          35.138  139.965     1     1     1             1     1.0
  AOMH01  大間          41.527  140.913     1     1     1             1     0.7
  TCGH09  矢板          36.862  139.836     1     1     1             1     0.5
  AOMH08  鰺ヶ沢        40.762  140.312     1     1     1             1     1.0
  KSRH02  阿寒南        43.114  144.123     1     1     0             1    <0.5
  NGN015  諏訪          36.045  138.112     1     1     1             1     1.1
  HKD085  白糠          42.958  144.070     1     1     1             1     0.6
  GNM014  坂本          36.347  138.721     1     1     1             1     0.7
  HKD181  江別          43.116  141.546     1     1     1             1     0.6
  OSMH02  上磯          41.837  140.633     1     1     1             1     0.7
  IBUH07  大滝          42.648  141.064     1     1     0             1     0.7
  SITH07  名栗          35.912  139.149     1     1     0             1    <0.5
  IKRH03  千歳          42.888  141.640     1     1     0             1     0.5
  NGNH19  川上          35.974  138.584     1     1     0             1     0.5
  KSRH01  阿寒北        43.436  144.084     1     1     0             1     0.8
  HDKH03  門別東        42.593  142.352     1     1     0             1    <0.5
  NMRH01  標津北        43.785  145.025     1     1     0             1    <0.5
  SITH08  小鹿野        36.027  138.969     1     1     0             1    <0.5
  KNGH23  葉山          35.262  139.611     1     1     0             1    <0.5
  YMNH14  都留南        35.511  138.968     1     1     0             1    <0.5
  AOMH07  深浦          40.745  140.023     1     1     0             1    <0.5
  CHBH11  養老          35.287  140.153     1     1     1             1     0.6
  GNMH08  嬬恋          36.492  138.524     1     1     0             1     0.5
  GNMH11  富岡          36.286  138.921     1     1     0             1    <0.5
  TKYH13  檜原南        35.702  139.127     1     1     0             1    <0.5
  TKCH04  新得南        43.174  142.918     1     1     0             1    <0.5
  YMNH12  増穂          35.562  138.449     1     1     0             1     0.5
  TCGH08  栗山東        36.883  139.646     1     1     0             1    <0.5
  GNMH14  みどり        36.493  139.322     1     1     0             1    <0.5
  ABSH12  小清水        43.857  144.457     1     1     0             1    <0.5
  SZOH34  清水北        35.130  138.424     1     1     0             1    <0.5
  YMNH15  上九一色      35.532  138.605     0     1     0             1    <0.5
  ABSH13  留辺蘂        43.742  143.451     1     0     0             1    <0.5
  FKSH06  伊南          37.172  139.520     0     1     0             1    <0.5
  TKCH03  足寄西        43.271  143.432     1     1     0             1    <0.5
  NGNH18  開田          35.932  137.595     1     0     0             1    <0.5
  HDKH01  平取西        42.703  142.230     1     1     0             1    <0.5
  KSRH08  白糠北        43.160  143.894     1     0     0             1    <0.5
  KNGH21  清川          35.463  139.215     1     1     0             1    <0.5
  NGNH24  松川          35.615  137.880     1     0     0             1    <0.5
  CHBH17  勝浦東        35.171  140.340     1     0     0             1    <0.5
  SZOH37  芝川          35.203  138.566     1     1     0             1    <0.5
  GNMH07  利根          36.700  139.210     1     0     0             1    <0.5
  IBUH05  白老          42.563  141.350     1     0     0             1    <0.5
  NIGH07  村松          37.666  139.261     1     0     0             1    <0.5
  ABSH11  女満別        43.914  144.191     0     0     0             1    <0.5
  SZOH38  函南          35.085  138.978     0     0     0             1    <0.5
  YMNH16  甲府2         35.742  138.565     0     0     0             1    <0.5
  SZOH54  初島2         35.042  139.168     1     0     0             1    <0.5
  NIGH11  川西          37.173  138.744     0     0     0             1    <0.5
  YMNH10  早川北        35.535  138.309     0     0     0             1    <0.5
  SZOH39  西伊豆西      34.799  138.772     0     0     0             1    <0.5
  HYMH02  厚沢部        41.986  140.309     0     0     0             1    <0.5
  SRCH08  砂川          43.514  141.909     0     0     0             0    <0.5
  KNGH19  山北中        35.417  139.044     0     0     0             0    <0.5
  TKCH01  陸別          43.468  143.683     0     0     0             0    <0.5
  KKWH14  中富良野      43.384  142.524     0     0     0             0    <0.5
  GNMH09  高山          36.621  138.907     0     0     0             0    <0.5
  CHBH20  鴨川南        35.088  140.100     0     0     0             0    <0.5
  ABSH15  置戸東        43.635  143.510     0     0     0             0    <0.5
  NGNH54  飯田          35.449  138.006     0     0     0             0    <0.5
  HYMH01  北檜山        42.485  139.968     0     0     0             0    <0.5
  NGNH23  南木曽        35.606  137.611     0     0     0             0    <0.5
  IBUH02  穂別          42.871  142.129     0     0     0             0    <0.5
  ABSH07  白滝          43.849  143.086     0     0     0             0    <0.5
  ABSH14  美幌          43.723  144.184     0     0     0             0    <0.5
  ABSH06  湧別北        44.215  143.620     0     0     0             0    <0.5
  SBSH06  蘭越          42.831  140.483     0     0     0             0    <0.5
  SRCH06  深川南        43.695  142.078     0     0     0             0    <0.5
  NIGH19  湯沢          36.811  138.785     0     0     0             0    <0.5
  HDKH05  新冠          42.598  142.545     0     0     0             0    <0.5
  KKWH13  美瑛西        43.511  142.391     0     0     0             0    <0.5
  NGNH25  南信濃        35.299  137.927     0     0     0             0    <0.5
  NIGH15  六日          37.053  138.995     0     0     0             0    <0.5
  TCGH17  藤原2         36.985  139.692     0     0     0             0    <0.5
  NGNH27  信州新        36.577  138.048     0     0     0             0    <0.5
  SRCH10  夕張          42.993  142.008     0     0     0             0    <0.5
  TKCH10  新得北        43.334  142.945     0     0     0             0    <0.5
  KKWH12  美瑛東        43.504  142.601     0     0     0             0    <0.5
  NGNH14  平谷          35.309  137.626     0     0     0             0    <0.5