最大加速度リスト

地震発生時刻   2019/05/24-12:40:00.00
震央北緯       36.0°
震央東経       139.4°
震源深さ       106.0km
マグニチュード M4.1

  コード  観測点名      緯度    経度     最大加速度 (ガル) 三成分合成値 計測震度
　　　　　 　　         北緯    東経      N-S   E-W   U-D        (ガル)         
  SITH11  飯能          35.864  139.273     9    18     5            19     2.3
  GNM009  桐生          36.411  139.325    14    14     5            16     1.6
  TCGH16  芳賀          36.548  140.075    11    10     2            14     2.0
  SIT007  東松山        36.054  139.391     6    10     2            11     1.5
  CHB001  野田          35.959  139.873    11     9     2            11     1.8
  SIT004  長瀞          36.118  139.105    10     7     2            11     1.1
  IBR013  鉾田          36.159  140.489    10    10     4            11     1.6
  SITH06  川本          36.113  139.289     7    10     2            10     1.4
  IBRH11  岩瀬          36.370  140.140     7     9     4            10     1.9
  GNM003  沼田          36.658  139.078     8     9     2            10     1.4
  IBR006  水戸          36.367  140.454     7     7     2             9     1.4
  TCG008  鹿沼          36.560  139.768     4     9     4             9     1.6
  GNMH12  神流          36.144  138.913     7     8     4             9     1.7
  TCGH14  粟野          36.551  139.615     9     7     2             9     1.1
  TCG014  茂木          36.545  140.174     6     7     2             9     1.6
  IBR005  笠間          36.385  140.237     8     5     2             8     1.5
  IBRH16  山方          36.641  140.398     3     8     2             8     1.5
  IBR008  下館          36.306  139.983     5     8     2             8     1.5
  YMNH14  都留南        35.511  138.968     4     8     3             8     0.9
  TCGH13  馬頭          36.734  140.178     6     7     3             8     1.4
  SZO001  熱海          35.142  139.079     4     7     2             7     0.6
  GNM010  館林          36.234  139.533     6     7     3             7     1.2
  IBRH18  ひたちなか    36.363  140.620     4     7     1             7     1.4
  TCG013  真岡          36.437  140.023     6     7     3             7     1.5
  IBR010  下妻          36.184  139.965     6     4     2             7     1.4
  GNMH13  水上2         36.862  139.063     4     6     2             6     1.3
  CHB028  市川北        35.766  139.966     6     5     2             6     1.3
  SITH10  都幾川        35.996  139.219     4     5     2             6     1.1
  TCG009  今市          36.726  139.715     5     6     3             6     1.4
  TCGH11  今市          36.708  139.769     4     5     1             6     0.9
  TCGH12  氏家          36.696  139.984     5     5     1             6     1.1
  IBR004  大宮          36.552  140.410     5     5     2             6     1.0
  GNMH14  みどり        36.493  139.322     5     3     1             6     0.6
  IBR016  取手          35.911  140.049     4     5     3             6     1.2
  IBR014  土浦          36.073  140.195     5     4     2             5     1.2
  KNGH10  横浜          35.499  139.519     4     5     3             5     1.4
  KNG001  川崎          35.529  139.706     4     3     5             5     1.2
  YMNH08  西野原        35.690  138.734     5     3     2             5     0.8
  TCGH09  矢板          36.862  139.836     3     5     2             5     0.9
  TKY003  青梅          35.797  139.291     5     3     2             5     1.2
  TCG005  矢板          36.806  139.926     4     4     1             5     1.0
  IBR011  つくば        36.125  140.090     5     4     2             5     1.0
  YMN002  大月          35.613  138.947     4     4     2             5     0.7
  CHB002  松戸          35.787  139.903     5     3     2             5     0.8
  IBR001  大子          36.776  140.357     3     3     1             5     1.1
  CHB022  富津          35.308  139.860     4     4     1             5     1.2
  SIT005  小川          36.056  139.263     4     4     1             5     0.6
  SIT014  中津川        35.995  138.801     5     3     1             5     0.7
  GNM016  万場          36.116  138.925     4     3     1             5     1.0
  YMN004  塩山          35.702  138.727     4     3     2             5     0.6
  IBRH10  石下          36.111  139.989     4     4     2             5     1.0
  SITH05  神泉          36.151  139.050     4     4     1             5     0.7
  IBR009  古河          36.185  139.704     3     4     2             4     1.0
  TCG011  葛生          36.387  139.614     4     4     2             4     0.9
  IBRH17  霞ヶ浦        36.086  140.314     4     3     2             4     0.9
  SIT008  春日部        35.983  139.746     4     4     2             4     1.1
  IBRH12  大子          36.837  140.318     4     3     1             4     0.9
  YMNH11  大月          35.625  138.978     4     3     2             4     1.2
  TCG010  足尾          36.635  139.438     3     4     2             4     0.8
  IBRH15  御前山        36.557  140.301     4     4     1             4     0.8
  TCGH06  真岡          36.446  139.951     4     3     1             4     0.9
  TKY025  篠崎          35.714  139.897     2     4     1             4     0.7
  NGNH17  佐久          36.142  138.550     3     3     1             4     0.6
  YMN003  富士吉田      35.465  138.813     3     4     2             4    <0.5
  SIT003  久喜          36.072  139.697     4     3     3             4     1.1
  IBR012  石岡          36.195  140.271     3     4     2             4     0.8
  CHBH06  匝瑳          35.721  140.505     1     1     4             4    <0.5
  SIT002  熊谷          36.148  139.388     3     3     2             4     1.0
  TKY004  八王子        35.628  139.403     3     3     1             4     0.8
  IBR017  江戸崎        35.954  140.319     3     3     2             4     0.6
  FKSH12  平田          37.217  140.570     3     3     1             4     0.9
  TKY027  瑞江          35.693  139.891     3     3     1             3     0.9
  TCG007  宇都宮        36.569  139.886     3     3     1             3     0.7
  SIT010  大宮          35.907  139.648     3     2     2             3     1.1
  SIT006  秩父          35.995  139.071     3     3     1             3     0.5
  IBRH06  北茨城2       36.881  140.655     3     3     1             3     0.6
  TKY005  町田          35.580  139.414     3     2     2             3     0.7
  TCGH10  大田原        36.858  140.023     3     2     1             3     0.5
  GNM001  片品          36.772  139.225     2     2     3             3    <0.5
  IBR003  日立          36.592  140.645     3     2     2             3     0.7
  FKSH10  西郷          37.162  140.093     2     3     1             3     0.5
  GNM002  水上          36.782  138.970     2     2     0             3    <0.5
  TKY021  猿江          35.688  139.819     3     3     1             3     0.8
  GNM014  坂本          36.347  138.721     3     2     1             3     0.6
  FKS016  白河          37.123  140.191     3     2     1             3     0.6
  NGNH19  川上          35.974  138.584     3     2     1             3    <0.5
  CHB029  行徳          35.695  139.918     2     2     1             3     0.7
  GNM006  吾妻          36.510  138.752     3     2     1             3     0.5
  YMNH16  甲府2         35.742  138.565     1     2     1             3    <0.5
  SITH07  名栗          35.912  139.149     2     2     1             3    <0.5
  TCG015  芹沼          36.749  139.714     2     2     1             3     0.5
  SITH08  小鹿野        36.027  138.969     3     2     1             3     0.6
  IBRH13  高萩          36.795  140.575     3     2     1             3     0.7
  KNG012  秦野          35.379  139.205     2     2     1             3    <0.5
  CHBH04  下総          35.797  140.021     2     2     1             3    <0.5
  TKY013  砂町          35.660  139.834     2     2     1             3     0.5
  IBR007  那珂湊        36.352  140.595     2     2     1             3     0.6
  TCG006  小川          36.764  140.130     2     2     1             2     0.7
  TKY015  東白鬚        35.731  139.812     2     2     1             2     0.7
  YMN001  丹波山        35.789  138.920     2     2     1             2    <0.5
  TCG003  藤原          36.814  139.715     2     2     1             2     0.6
  FKS014  矢祭          36.886  140.417     2     2     0             2    <0.5
  KNGH21  清川          35.463  139.215     1     2     2             2    <0.5
  TKY001  氷川          35.803  139.096     2     2     1             2    <0.5
  GNM015  下仁田        36.229  138.758     2     2     0             2    <0.5
  IBRH07  江戸崎        35.952  140.330     2     1     2             2     0.6
  TKYH13  檜原南        35.702  139.127     2     2     1             2    <0.5
  FKS013  古殿          37.090  140.556     2     1     1             2    <0.5
  TKYH12  八王子        35.670  139.265     2     2     1             2    <0.5
  TKY026  宇喜田        35.670  139.863     2     2     1             2     0.5
  GNMH07  利根          36.700  139.210     2     2     1             2    <0.5
  GNM007  渋川          36.464  139.009     1     2     1             2    <0.5
  TKY023  八広          35.725  139.825     1     2     1             2     0.5
  GNMH11  富岡          36.286  138.921     2     1     1             2    <0.5
  IBRH19  つくば        36.214  140.089     1     2     1             2    <0.5
  NGN016  富士見        35.913  138.223     1     2     0             2    <0.5
  SITH04  所沢          35.803  139.535     1     1     1             2    <0.5
  TKY008  岡田          34.785  139.391     2     1     2             2    <0.5
  SIT012  飯能          35.840  139.321     2     1     1             2    <0.5
  TKY028  越中島        35.669  139.789     1     1     1             2     0.5
  CHB014  姉崎          35.477  140.049     1     2     1             2     0.5
  SZOH42  修善寺        34.976  138.913     2     1     1             2    <0.5
  KNGH11  厚木          35.404  139.354     1     1     1             1     0.6
  KNG004  三崎          35.144  139.622     1     1     1             1    <0.5
  SZO011  富士宮        35.213  138.602     1     1     0             1    <0.5
  GNMH05  伊勢崎        36.314  139.185     1     1     1             1    <0.5
  CHB019  鋸南          35.111  139.835     1     1     0             1    <0.5
  YMNH10  早川北        35.535  138.309     1     1     0             1    <0.5
  CHBH10  千葉          35.546  140.242     1     1     0             1    <0.5
  SZOH54  初島2         35.042  139.168     1     1     0             1    <0.5
  FKSH14  いわき東      37.026  140.970     1     1     0             1    <0.5
  YMNH12  増穂          35.562  138.449     1     1     0             1    <0.5
  NIGH15  六日          37.053  138.995     0     1     0             1    <0.5
  FKSH20  浪江          37.491  140.987     1     1     0             1    <0.5
  SZOH38  函南          35.085  138.978     1     1     0             1    <0.5
  NIGH19  湯沢          36.811  138.785     1     1     0             1    <0.5
  NGNH31  塩尻          36.118  137.939     1     0     0             1    <0.5
  GNMH09  高山          36.621  138.907     1     1     0             1    <0.5
  CHBH11  養老          35.287  140.153     1     0     0             1    <0.5
  TCGH17  藤原2         36.985  139.692     0     0     0             0    <0.5