最大加速度リスト

地震発生時刻   2018/10/04-00:15:00.00
震央北緯       35.8°
震央東経       141.0°
震源深さ       31.0km
マグニチュード M4.7

  コード  観測点名      緯度    経度     最大加速度 (ガル) 三成分合成値 計測震度
　　　　　 　　         北緯    東経      N-S   E-W   U-D        (ガル)         
  CHB005  銚子          35.736  140.830   102    87    21           116     3.7
  CHBH14  銚子中        35.734  140.823    84    47    15            87     3.3
  CHBH06  匝瑳          35.721  140.505    20    32    11            37     2.9
  CHB007  佐倉          35.723  140.227    30    13     6            30     2.8
  IBR017  江戸崎        35.954  140.319    20    18     9            25     2.2
  CHB010  八日市場      35.708  140.568    24    21     6            24     2.5
  IBR018  鹿嶋          35.977  140.632    21    22    13            22     2.3
  CHB004  佐原          35.901  140.490    18    16     6            19     2.2
  CHBH13  成田          35.831  140.298    13    12    12            15     2.2
  CHB006  成田          35.780  140.307    11     8     6            13     2.0
  CHB011  蓮沼          35.588  140.497    10     9     3            12     1.8
  IBR013  鉾田          36.159  140.489     8    10     5            12     1.8
  CHB012  東金          35.573  140.333    10     6     7            10     2.0
  CHB003  白井          35.794  140.056     7     9     4             9     1.8
  IBRH07  江戸崎        35.952  140.330     8     4     8             9     2.0
  IBRH17  霞ヶ浦        36.086  140.314     8     7     5             8     1.5
  IBRH18  ひたちなか    36.363  140.620     6     7     3             8     1.5
  IBR007  那珂湊        36.352  140.595     7     6     4             8     1.5
  CHB001  野田          35.959  139.873     6     6     2             7     1.5
  IBR005  笠間          36.385  140.237     7     4     3             7     1.5
  IBR014  土浦          36.073  140.195     6     6     3             7     1.2
  IBR003  日立          36.592  140.645     6     6     3             6     1.2
  IBRH11  岩瀬          36.370  140.140     5     5     2             6     1.4
  IBR016  取手          35.911  140.049     5     6     3             6     1.3
  CHB024  稲毛          35.633  140.078     3     5     2             5     1.1
  TCG014  茂木          36.545  140.174     4     5     1             5     1.3
  IBR006  水戸          36.369  140.453     5     3     3             5     1.1
  CHB014  姉崎          35.477  140.049     4     4     2             5     1.5
  IBR011  つくば        36.125  140.090     4     4     2             5     1.1
  IBRH13  高萩          36.795  140.575     3     3     2             4     0.9
  CHB009  千葉          35.608  140.102     4     4     2             4     1.1
  IBR010  下妻          36.184  139.965     4     3     1             4     1.3
  FKS013  古殿          37.090  140.556     4     2     1             4     0.9
  CHB002  松戸          35.787  139.903     4     3     2             4     0.8
  CHBH10  千葉          35.546  140.242     3     3     2             4     1.2
  IBR004  大宮          36.552  140.410     4     3     1             4     0.6
  IBRH10  石下          36.111  139.989     3     3     1             4     1.2
  IBRH15  御前山        36.557  140.301     3     3     1             4     0.6
  IBRH16  山方          36.641  140.398     3     3     1             4     0.8
  KNGH10  横浜          35.499  139.519     2     3     1             3     1.2
  IBR001  大子          36.776  140.357     3     3     1             3     0.9
  TKY027  瑞江          35.693  139.891     2     3     1             3     1.0
  FKSH12  平田          37.217  140.570     3     2     1             3     0.7
  FKSH18  三春          37.489  140.538     3     2     1             3     0.6
  FKSH10  西郷          37.162  140.093     2     3     1             3     0.5
  CHB029  行徳          35.695  139.918     2     3     2             3     1.0
  CHB013  茂原          35.433  140.291     3     2     1             3     0.9
  IBRH12  大子          36.837  140.318     2     2     1             3    <0.5
  TCG013  真岡          36.437  140.023     2     2     1             3     0.6
  TKY026  宇喜田        35.670  139.863     2     3     1             3     0.7
  FKSH19  都路          37.470  140.723     2     2     1             3     0.6
  TKY025  篠崎          35.714  139.897     2     2     1             3     0.9
  TCGH06  真岡          36.446  139.951     2     2     1             3     0.5
  IBRH19  つくば        36.214  140.089     2     2     1             3    <0.5
  CHBH04  下総          35.797  140.021     2     3     2             3     0.9
  CHB026  長南          35.387  140.237     2     2     1             2     0.8
  TKY015  東白鬚        35.731  139.812     2     2     2             2     0.7
  FKS008  船引          37.436  140.567     2     2     1             2    <0.5
  IBRH06  北茨城2       36.881  140.655     2     2     1             2    <0.5
  TKY021  猿江          35.688  139.819     2     2     1             2     0.6
  SIT003  久喜          36.072  139.697     2     2     1             2     0.7
  SIT008  春日部        35.983  139.746     2     2     1             2     0.9
  CHB016  岬            35.300  140.387     2     2     1             2     1.1
  SITH11  飯能          35.864  139.273     2     2     0             2     0.7
  TKY028  越中島        35.669  139.789     1     2     1             2     0.6
  TKY014  亀戸          35.689  139.835     1     2     1             2    <0.5
  CHB017  市場          35.299  140.076     2     2     1             2     0.8
  CHB018  勝浦          35.158  140.322     2     1     1             2    <0.5
  KNG206  平塚ST6       35.097  139.378     2     2     0             2     0.9
  IBRH14  十王          36.692  140.548     2     1     1             2    <0.5
  SITH01  岩槻          35.929  139.735     1     1     1             2     0.6
  FKS017  須賀川        37.284  140.369     1     1     1             2     0.6
  TKY013  砂町          35.660  139.834     1     1     1             1     0.5
  TKY017  辰巳          35.647  139.809     1     1     1             1     0.5
  SIT010  大宮          35.907  139.648     1     1     0             1     0.6
  FKSH11  矢吹          37.201  140.339     1     1     1             1    <0.5
  FKSH14  いわき東      37.026  140.970     1     1     0             1    <0.5
  FKSH09  郡山          37.353  140.426     1     1     0             1    <0.5
  FKSH20  浪江          37.491  140.987     1     1     1             1    <0.5
  TCGH10  大田原        36.858  140.023     1     1     1             1    <0.5
  TCGH12  氏家          36.696  139.984     1     1     1             1    <0.5
  CHBH11  養老          35.287  140.153     1     1     1             1    <0.5
  MYGH07  川崎          38.180  140.641     1     1     0             1    <0.5
  KNGH18  藤野          35.644  139.128     1     1     0             1    <0.5
  TCGH09  矢板          36.862  139.836     1     1     0             1    <0.5
  KNGH23  葉山          35.262  139.611     0     0     0             0    <0.5
  MYGH09  白石          38.009  140.603     0     0     0             0    <0.5