最大加速度リスト

地震発生時刻   2020/09/20-09:04:00.00
震央北緯       36.8°
震央東経       140.6°
震源深さ       10.0km
マグニチュード M4.4

  コード  観測点名      緯度    経度     最大加速度 (ガル) 三成分合成値 計測震度
　　　　　 　　         北緯    東経      N-S   E-W   U-D        (ガル)         
  IBRH13  高萩          36.795  140.575   156   228   102           230     3.6
  IBR003  日立          36.592  140.645    47    76    31            87     2.8
  IBRH06  北茨城2       36.881  140.655    61    62    30            77     2.8
  IBRH14  十王          36.692  140.548    47    32    26            57     2.2
  FKSH10  西郷          37.162  140.093    48    20    18            51     2.8
  FKS014  矢祭          36.886  140.417    22    39     7            40     2.1
  IBRH16  山方          36.641  140.398    36    31    15            40     2.7
  TCG009  今市          36.726  139.715    35    20     8            36     2.9
  IBR005  笠間          36.385  140.237    28    27    23            36     2.7
  IBR001  大子          36.776  140.357    24    35    15            35     2.9
  TCG014  茂木          36.545  140.174    31    29    10            32     2.9
  IBRH11  岩瀬          36.370  140.140    30    20     7            30     2.3
  IBR002  高萩          36.706  140.707    27    29    10            30     2.6
  IBR004  大宮          36.552  140.410    25    20    12            30     2.2
  IBRH15  御前山        36.557  140.301    27    18     9            28     2.2
  IBR013  鉾田          36.159  140.489    20    22    14            26     2.3
  TCGH16  芳賀          36.548  140.075    20    20     8            25     2.4
  IBRH12  大子          36.837  140.318    15    20    12            20     2.0
  FKS016  白河          37.123  140.191    12    15     6            17     1.9
  IBR006  水戸          36.367  140.454    12    14     8            16     1.6
  IBR016  取手          35.911  140.049    10    11     7            15     1.8
  IBR015  岩井          36.069  139.908    13    14     6            14     2.1
  IBR012  石岡          36.195  140.271    11    14     6            14     1.7
  IBR007  那珂湊        36.352  140.595    13    12     5            13     1.8
  IBR014  土浦          36.073  140.195    12    10     5            13     1.8
  IBR008  下館          36.306  139.983    10    10     4            12     1.6
  IBRH10  石下          36.111  139.989    11     8     7            12     2.0
  IBRH17  霞ヶ浦        36.086  140.314     8     9     7            12     1.4
  TCGH14  粟野          36.551  139.615     9    10     3            12     1.3
  IBR011  つくば        36.125  140.090    11     8     4            11     1.6
  TCGH11  今市          36.708  139.769     7     9     3            11     1.4
  TCG013  真岡          36.437  140.023     6    10     5            11     1.4
  IBR010  下妻          36.184  139.965     9     8     6            11     1.9
  TCGH12  氏家          36.696  139.984    10     9     7            11     1.5
  FKS012  勿来          36.907  140.793     6    10     5            10     1.6
  FKS015  棚倉          37.022  140.377    10     5     3            10     1.0
  IBRH18  ひたちなか    36.363  140.620    10     7     6            10     1.6
  IBR017  江戸崎        35.954  140.319     8     8     5             9     1.2
  TCG008  鹿沼          36.560  139.768     8     6     6             9     1.6
  TCGH10  大田原        36.858  140.023     8     8     5             9     1.3
  TCG016  北高岡        36.529  140.156     8     7     2             8     1.0
  CHB001  野田          35.959  139.873     6     6     3             8     1.4
  TCG012  小山          36.286  139.805     8     7     3             8     1.3
  FKS013  古殿          37.090  140.556     7     5     3             8     1.2
  FKSH08  長沼          37.282  140.214     3     7     2             7     0.8
  GNM009  桐生          36.411  139.325     7     6     2             7     1.3
  FKSH12  平田          37.217  140.570     6     5     3             7     1.4
  TCG006  小川          36.764  140.130     6     5     4             7     1.4
  GNM011  太田          36.291  139.361     6     6     2             7     1.4
  FKSH09  郡山          37.353  140.426     6     4     2             6     0.6
  SIT008  春日部        35.983  139.746     5     6     3             6     1.5
  FKS019  二本松        37.603  140.437     5     6     3             6     1.1
  TCG003  藤原          36.814  139.715     4     6     3             6     1.2
  SITH11  飯能          35.864  139.273     4     5     2             6     1.3
  TCG015  芹沼          36.749  139.714     4     5     3             6     0.9
  FKS008  船引          37.436  140.567     4     5     2             6     0.8
  FKS024  中野          37.396  140.132     4     5     2             6     1.1
  CHB007  佐倉          35.723  140.227     5     4     3             5     1.1
  TCG007  宇都宮        36.569  139.886     4     4     2             5     0.9
  GNMH12  神流          36.144  138.913     4     5     2             5     1.4
  FKS027  滝原          37.070  139.681     2     5     2             5    <0.5
  IBR018  鹿嶋          35.977  140.632     5     4     2             5     1.0
  FKS029  桧枝岐        37.016  139.380     4     4     1             5    <0.5
  IBRH19  つくば        36.214  140.089     4     4     3             5     0.9
  TCGH06  真岡          36.446  139.951     4     5     2             5     1.1
  FKS010  広野          37.234  141.002     5     4     2             5     1.0
  FKS011  いわき        37.091  140.904     3     3     5             5     0.8
  TCG001  黒磯          36.942  140.083     3     3     5             5     0.8
  TCG005  矢板          36.806  139.926     4     4     1             5     1.0
  FKSH11  矢吹          37.201  140.339     5     5     3             5     1.0
  FKSH19  都路          37.470  140.723     4     5     2             5     0.8
  GNM002  水上          36.782  138.970     4     3     1             5    <0.5
  SIT004  長瀞          36.118  139.105     4     4     1             5     0.6
  TCG011  葛生          36.387  139.614     4     4     2             5     0.8
  FKS023  会津若松      37.477  139.929     4     3     2             4     1.3
  IBR009  古河          36.185  139.704     4     3     1             4     0.7
  FKSH14  いわき東      37.026  140.970     3     4     2             4     1.2
  FKS025  下郷          37.308  139.900     3     4     2             4    <0.5
  CHB028  市川北        35.766  139.966     3     3     4             4     1.0
  TCGH09  矢板          36.862  139.836     3     4     2             4     0.5
  SIT003  久喜          36.072  139.697     3     3     3             4     1.0
  FKSH18  三春          37.489  140.538     3     3     3             4     0.8
  FKS009  小野          37.278  140.635     4     4     2             4     0.5
  SITH06  川本          36.113  139.289     3     4     1             4     0.8
  GNMH14  みどり        36.493  139.322     3     4     1             4    <0.5
  FKS004  飯舘          37.680  140.735     4     4     2             4    <0.5
  GNM003  沼田          36.658  139.078     4     2     1             4     0.7
  IBRH07  江戸崎        35.952  140.330     3     2     3             4     0.8
  FKS003  福島          37.761  140.480     3     4     1             4    <0.5
  CHB002  松戸          35.787  139.903     4     2     2             4     0.6
  GNM010  館林          36.234  139.533     3     3     2             4     0.9
  GNMH11  富岡          36.286  138.921     3     2     1             4     0.7
  CHBH04  下総          35.797  140.021     2     3     2             3     0.7
  SIT010  大宮          35.907  139.648     2     3     1             3     1.3
  CHB004  佐原          35.901  140.490     3     3     2             3     0.6
  CHBH06  匝瑳          35.721  140.505     3     3     1             3     0.8
  GNM014  坂本          36.347  138.721     2     2     1             3     0.6
  MYGH07  川崎          38.180  140.641     3     3     1             3     0.6
  CHBH13  成田          35.831  140.298     2     3     2             3     0.7
  GNM001  片品          36.772  139.225     3     2     2             3    <0.5
  FKS017  須賀川        37.284  140.369     3     2     2             3     1.0
  FKS007  大熊          37.406  140.963     2     2     1             3    <0.5
  TCG010  足尾          36.635  139.438     3     2     1             3     0.6
  SIT007  東松山        36.054  139.391     2     3     1             3    <0.5
  TCG002  塩原          36.990  139.803     2     2     1             3     0.6
  FKSH02  熱塩加納      37.732  139.882     3     2     1             3    <0.5
  SIT001  本庄          36.243  139.194     3     1     1             3     0.6
  SITH05  神泉          36.151  139.050     1     2     1             3    <0.5
  TCGH08  栗山東        36.883  139.646     2     3     2             3     0.5
  GNM006  吾妻          36.510  138.752     2     2     1             3     0.5
  TKY027  瑞江          35.693  139.891     2     3     1             3     0.6
  FKSH20  浪江          37.491  140.987     2     2     1             2     0.9
  TKY003  青梅          35.797  139.291     2     2     1             2     0.6
  SITH07  名栗          35.912  139.149     2     2     1             2    <0.5
  MYG015  岩沼          38.105  140.870     2     2     1             2     0.8
  CHB029  行徳          35.695  139.918     2     2     1             2     0.5
  GNM016  万場          36.116  138.925     2     1     1             2    <0.5
  MYGH10  山元          37.941  140.892     2     2     1             2    <0.5
  TKY026  宇喜田        35.670  139.863     2     2     1             2    <0.5
  FKSH17  川俣          37.664  140.597     2     1     1             2    <0.5
  CHB012  東金          35.573  140.333     2     2     1             2     0.7
  FKS002  梁川          37.845  140.601     2     2     0             2    <0.5
  GNM007  渋川          36.464  139.009     2     2     1             2     0.7
  FKS028  只見          37.304  139.362     2     2     1             2    <0.5
  TCG004  湯元          36.806  139.420     1     2     1             2    <0.5
  SIT006  秩父          35.995  139.071     2     2     1             2    <0.5
  TKY015  東白鬚        35.731  139.812     1     2     1             2    <0.5
  FKS026  南郷          37.266  139.539     2     2     1             2    <0.5
  TKY017  辰巳          35.647  139.809     2     1     1             2    <0.5
  MYG017  角田          37.976  140.782     2     1     1             2     0.8
  GNMH07  利根          36.700  139.210     2     1     1             2    <0.5
  TKY021  猿江          35.688  139.819     1     1     1             2    <0.5
  SIT005  小川          36.056  139.263     1     2     1             2    <0.5
  SIT014  中津川        35.995  138.801     2     1     0             2    <0.5
  GNM008  前橋          36.348  139.137     2     1     1             2    <0.5
  TKY024  奥戸          35.740  139.862     1     1     1             2    <0.5
  TKY007  新宿          35.711  139.686     2     2     1             2    <0.5
  FKSH05  下郷          37.254  139.873     1     1     1             2    <0.5
  YMT014  下屋地        37.921  139.870     1     1     0             1    <0.5
  KNG206  平塚ST6       35.097  139.378     1     1     0             1     0.5
  CHBH10  千葉          35.546  140.242     1     1     1             1    <0.5
  TKY028  越中島        35.669  139.789     1     1     1             1    <0.5
  CHBH19  蓮沼          35.594  140.511     1     1     1             1    <0.5
  YMTH04  上山          38.081  140.298     1     1     0             1    <0.5
  YMTH06  高畠          37.963  140.184     1     1     1             1    <0.5
  YMTH02  山形          38.269  140.258     1     1     0             1    <0.5
  NIGH04  関川          38.131  139.543     0     1     0             1    <0.5
  NIGH19  湯沢          36.811  138.785     0     1     0             1    <0.5
  GNMH09  高山          36.621  138.907     1     0     0             1    <0.5
  MYGH08  岩沼          38.113  140.844     1     0     0             1    <0.5
  TCGH17  藤原2         36.985  139.692     0     0     0             0    <0.5