最大加速度リスト

地震発生時刻   2019/05/10-07:43:00.00
震央北緯       31.8°
震央東経       132.0°
震源深さ       25.0km
マグニチュード M5.6

  コード  観測点名      緯度    経度     最大加速度 (ガル) 三成分合成値 計測震度
　　　　　 　　         北緯    東経      N-S   E-W   U-D        (ガル)         
  MYZ013  宮崎          31.909  131.419    24    24    14            29     3.2
  MYZ012  高崎          31.872  131.069    16    20    11            22     3.1
  KGS023  田代          31.199  130.849    15    16     7            19     2.8
  MYZH11  佐土原        32.021  131.470    16    16     6            17     2.7
  MYZH10  国富          32.022  131.290     7    16     6            17     2.1
  MYZ014  田野          31.845  131.303    11    13     6            16     2.5
  MYZ008  西都          32.106  131.393    15    12    10            16     2.2
  MYZ017  串間          31.464  131.228    13    15     5            16     2.7
  MYZ018  都井岬        31.398  131.305    15     8     6            15     2.6
  MYZH15  日向          32.365  131.589    13    12     7            14     2.1
  KGS015  大崎          31.430  131.011    12    12     7            14     2.4
  MYZH13  都城南        31.730  131.079     8    11     4            13     2.5
  MYZ011  綾            31.995  131.256     8    12     6            13     2.4
  MYZ015  都城          31.718  131.062    10    10     8            13     2.4
  MYZH08  川南          32.213  131.531    12    10     7            13     1.9
  MYZ006  都農          32.257  131.561    10    12     8            12     1.9
  MYZ016  日南          31.613  131.374    11    10     4            11     2.5
  KMMH05  波野          32.955  131.221     8    11     3            11     2.3
  OITH07  三重          32.987  131.588     6    10     2            10     2.3
  MYZ003  延岡          32.566  131.660     8     9     7            10     2.3
  KGS024  佐多          31.089  130.698     8     6     3            10     1.9
  KMM007  高森          32.827  131.123     9     9     2             9     2.2
  KGS018  喜入          31.376  130.545     7     9     7             9     2.3
  KGS014  垂水          31.496  130.700     8     5     3             9     2.1
  MYZH12  都城北        31.864  130.945     6     8     3             8     2.0
  KGS009  国分          31.737  130.761     7     7     3             8     2.5
  KGS017  鹿屋          31.395  130.870     6     8     5             8     2.1
  MYZ020  椎葉          32.455  131.147     6     5     2             7     1.9
  KGS008  蒲生          31.762  130.570     6     6     3             7     2.1
  KGS022  内之浦        31.280  131.050     4     6     2             7     1.6
  MYZ002  北川          32.698  131.683     5     5     3             7     1.6
  KMM011  砥用          32.617  130.865     7     5     2             7     1.9
  MYZH01  五ヶ瀬        32.654  131.226     6     3     2             6     1.7
  KMMH12  人吉          32.205  130.737     5     3     2             5     1.8
  KMMH09  泉            32.490  130.905     4     5     3             5     1.6
  MYZH04  諸塚          32.518  131.335     3     5     3             5     1.5
  KGSH12  内之浦        31.258  131.088     4     5     2             5     1.6
  KGSH07  姶良          31.714  130.615     4     4     2             5     2.1
  KGSH11  佐多          31.090  130.699     4     4     2             5     1.5
  OIT016  佐伯          32.975  131.903     4     4     2             5     1.7
  KGS013  大隅          31.597  130.994     4     5     2             5     1.6
  MYZ005  日向          32.429  131.601     3     4     3             5     1.3
  KMMH14  豊野          32.635  130.752     4     4     3             5     1.8
  KGSH05  祁答院        31.870  130.496     4     2     2             4     1.7
  MYZH03  椎葉          32.475  131.104     4     4     3             4     1.2
  OIT009  湯布院        33.257  131.344     4     4     1             4     1.8
  KMM014  五木          32.396  130.827     3     3     3             4     1.2
  KMM017  多良木        32.256  130.926     4     4     2             4     1.8
  MYZ010  小林          31.997  130.972     4     3     2             4     1.6
  KGS021  指宿          31.253  130.632     4     3     1             4     1.7
  KMM016  人吉          32.197  130.776     4     4     2             4     1.6
  NGS014  口之津        32.611  130.185     4     3     2             4     1.7
  MYZ001  高千穂        32.705  131.309     3     3     2             4     1.5
  KMM010  三角          32.614  130.487     4     3     1             4     1.8
  MYZH16  延岡          32.506  131.696     3     4     2             4     1.1
  OIT010  大分          33.232  131.593     3     3     1             4     1.6
  KMMH08  矢部          32.650  131.025     3     3     2             4     1.5
  KMM009  矢部          32.686  130.989     3     3     3             4     1.2
  KGS005  宮之城        31.901  130.451     3     2     2             3     1.4
  KMMH07  三角          32.623  130.558     2     3     1             3     1.0
  KGSH09  知覧          31.374  130.433     3     2     2             3     1.3
  KGSH08  大隅          31.562  130.997     3     2     2             3     1.4
  KGS020  頴娃          31.240  130.492     3     2     2             3     1.3
  KMMH06  白水          32.811  131.101     1     3     1             3     1.6
  KGS007  川内          31.814  130.303     3     2     1             3     1.5
  KMM004  一の宮        32.932  131.121     2     3     1             3     1.4
  FKO015  柳川          33.163  130.405     3     2     1             3     1.4
  MYZ019  北郷          32.501  131.444     2     2     1             3     1.1
  KGS006  横川          31.906  130.702     3     2     1             3     1.3
  MYZ004  南郷          32.389  131.334     2     3     1             3     1.1
  KGS003  大口          32.056  130.587     2     2     1             3     1.1
  KOC015  宿毛          32.937  132.725     2     2     1             3     0.9
  KGSH10  山川          31.207  130.618     2     2     1             3     1.2
  KMMH16  益城          32.797  130.820     2     2     1             3     1.3
  KGS010  串木野        31.712  130.274     2     2     1             3     1.3
  MYZ007  西米良        32.235  131.116     2     2     2             2     0.6
  OITH04  庄内          33.131  131.347     2     2     1             2     1.2
  OIT015  竹田          32.972  131.397     2     2     1             2     1.1
  MYZH09  須木          32.042  131.062     2     1     2             2     1.1
  OIT018  蒲江          32.797  131.925     1     2     1             2     0.7
  KGS004  阿久根        32.014  130.193     2     2     1             2     1.1
  KGSH04  川内          31.837  130.360     2     1     1             2     1.0
  OIT014  津久見        33.066  131.859     2     2     1             2     0.7
  KMM003  玉名          32.934  130.548     2     2     0             2     0.8
  KMM015  水俣          32.216  130.405     2     2     1             2     0.9
  OITH10  佐伯          32.928  131.869     2     1     1             2    <0.5
  KMMH10  新和          32.315  130.181     1     1     1             2     0.8
  KMM002  山鹿          33.019  130.685     1     1     1             2     1.0
  KOC014  中村          32.989  132.938     1     1     1             2     1.0
  OIT012  直入          33.066  131.373     1     1     1             1     1.0
  KMM021  天草          32.379  130.000     1     1     0             1     0.7
  OITH03  安岐          33.474  131.686     1     1     0             1     0.7
  KMMH15  水俣          32.170  130.365     1     1     1             1     0.7
  KMMH11  芦北          32.292  130.578     1     1     1             1     0.5
  FKOH07  大刀洗        33.368  130.635     1     1     1             1     0.8
  OITH08  宇目西        32.839  131.536     1     1     1             1    <0.5
  KGSH03  宮之城        31.981  130.444     1     1     1             1     0.7
  KGSH02  阿久根        31.994  130.208     1     1     1             1     0.6
  OITH11  九重          33.284  131.212     1     1     0             1     0.5
  HRSH07  呉            34.288  132.641     1     1     0             1    <0.5
  KGSH01  長島          32.155  130.119     1     0     0             1    <0.5
  KMMH01  鹿北          33.109  130.695     1     1     0             1    <0.5
  EHMH12  宇和          33.427  132.506     1     1     0             1    <0.5
  OITH05  野津原        33.153  131.542     1     1     0             1    <0.5
  KMMH17  玉名          32.987  130.561     1     0     0             1    <0.5
  KOCH04  大月          32.841  132.707     0     0     0             1    <0.5
  FKOH10  浮羽          33.289  130.817     0     0     0             1    <0.5
  KOCH08  土佐清水      32.780  132.972     0     0     0             1    <0.5
  FKOH08  小石原        33.465  130.828     0     0     0             0    <0.5
  SAGH05  白石          33.181  130.105     0     0     0             0    <0.5
  NGSH03  佐世保南      33.126  129.810     0     0     0             0    <0.5
  YMGH15  徳山          33.972  131.815     0     0     0             0    <0.5
  EHMH11  大洲          33.581  132.601     0     0     0             0    <0.5
  EHMH13  三崎          33.372  132.116     0     0     0             0    <0.5
  YMGH04  周東          34.027  132.063     0     0     0             0    <0.5
  KOCH03  大正          33.268  132.989     0     0     0             0    <0.5
  FKOH03  宇美          33.561  130.550     0     0     0             0    <0.5
  YMGH06  宇部          33.989  131.301     0     0     0             0    <0.5