最大加速度リスト

地震発生時刻   2018/04/09-01:32:00.00
震央北緯       35.2°
震央東経       132.6°
震源深さ       12.0km
マグニチュード M6.1

  コード  観測点名      緯度    経度     最大加速度 (ガル) 三成分合成値 計測震度
　　　　　 　　         北緯    東経      N-S   E-W   U-D        (ガル)         
  SMN006  大田          35.194  132.498   477   564   172           676     5.5
  SMNH04  邑智          35.092  132.531   552   182   289           582     5.3
  SMN007  邑智          35.081  132.591   429   397   263           494     5.1
  SMNH03  佐田          35.224  132.722   290   189    78           291     4.8
  SMN016  掛合          35.196  132.815   152   121    62           184     4.1
  HRS001  高野          35.034  132.902   177   101    64           183     3.8
  SMN004  木次          35.288  132.900   167   112    59           172     4.1
  SMNH16  加茂          35.342  132.899   153   130    62           170     4.7
  SMNH12  吉田          35.163  132.856   100    92    79           143     3.7
  HRSH10  芸北          34.747  132.379   128   108    37           137     4.1
  SMN005  出雲          35.361  132.745    67   127    43           137     4.3
  SMNH05  羽須美        34.870  132.640   117    93    31           117     3.3
  SMN009  江津          35.011  132.223   100    95    81           111     3.7
  HRS008  向原          34.603  132.720    79   101    31           110     3.8
  HRS021  西城          34.953  133.117   107   103    67           108     3.4
  SMN008  瑞穂          34.852  132.531    85    84    52           106     3.5
  HRS005  油木          34.777  133.281    79    94    35            95     3.5
  TTR009  日南          35.171  133.311    68    50    17            84     3.0
  HRSH03  御調          34.518  133.137    73    82    34            84     3.4
  SMN003  横田          35.179  133.093    53    71    20            73     2.6
  TTR008  米子          35.426  133.330    68    72    18            73     4.0
  HRS009  湯来          34.493  132.279    58    60    20            67     3.6
  TTR007  江府          35.283  133.488    66    33    15            67     3.5
  HRS014  大野          34.287  132.277    37    65    17            66     3.2
  HRS004  芸北          34.726  132.277    39    62    12            65     3.1
  SMN015  広瀬          35.364  133.170    31    57    11            65     3.1
  HRS002  東城          34.895  133.275    43    64    24            64     2.5
  SMNH07  美都          34.694  132.040    46    28    18            55     3.4
  OKY005  落合          35.010  133.732    52    42    19            54     3.2
  SMNH06  金城          34.884  132.203    34    51    22            54     3.5
  YMG001  須佐          34.617  131.602    39    47    24            52     3.6
  OKY001  湯原          35.170  133.731    41    36    14            50     3.1
  HRSH18  東広島        34.457  132.792    39    35    32            50     2.7
  EHMH10  宮窪          34.192  133.058    38    46    20            49     3.1
  SMN002  松江          35.471  133.068    35    35    13            48     3.4
  HRS019  呉            34.253  132.562    45    37    16            48     3.2
  YMG016  岩国          34.170  132.177    35    42    17            45     3.3
  HRS013  広島          34.377  132.451    35    41    17            45     2.8
  SMNH02  仁多          35.224  133.086    41    32    21            44     2.7
  HRSH01  三原          34.374  133.024    42    30    20            44     2.5
  TTRH02  日野          35.231  133.391    40    39    24            44     3.0
  HRS003  三次          34.814  132.842    41    33    18            44     3.0
  OKY004  新見          34.958  133.502    42    27    14            43     2.6
  OKYH09  湯原          35.181  133.677    26    36     6            41     2.5
  HRSH16  吉田          34.663  132.669    35    39    24            40     2.9
  HRS006  豊平          34.666  132.408    33    37    13            38     2.3
  SMNH15  鹿島          35.523  133.023    19    36    19            37     2.9
  TTRH03  溝口          35.355  133.492    28    35    15            35     3.4
  SMNH11  平田          35.426  132.801    28    27    21            34     2.9
  HRS012  東広島        34.428  132.742    16    34     8            34     3.0
  HRSH05  神辺          34.557  133.418    21    29     9            33     2.8
  SMN001  美保関        35.537  133.161    29    29    11            32     2.8
  HRS010  世羅          34.587  133.049    24    27    11            30     2.6
  HRSH17  戸河内        34.572  132.233    28    27     8            30     2.5
  HRS020  因島          34.294  133.178    19    28     9            30     2.6
  HRSH02  大和          34.548  132.948    19    24    15            29     2.5
  OKYH06  美星          34.676  133.528    26    23    11            29     2.4
  OKY009  吉井          34.918  134.092    21    25     6            29     2.3
  YMG010  美川          34.230  131.982    20    21     8            28     2.2
  OKY007  高梁          34.781  133.612    27    21    12            28     2.4
  HRSH07  呉            34.288  132.641    25    23    17            28     2.8
  OKYH08  哲多          34.910  133.405    26    26    10            27     2.1
  SMN011  匹見          34.572  132.014    19    27     7            27     2.6
  OKY012  倉敷          34.589  133.755    18    22     7            27     2.8
  YMG015  玖珂          34.097  132.076    24    24     8            27     2.9
  HRSH11  神石          34.822  133.167    25    23    14            27     2.2
  SMN012  六日市        34.353  131.935    19    22    13            26     2.7
  KGWH02  三野          34.198  133.708    25    16     9            26     2.9
  YMGH10  むつみ        34.484  131.633    26    17     4            26     2.3
  OKY013  笠岡          34.510  133.510    24    19     9            26     2.6
  YMG013  防府          34.031  131.535    21    24     5            26     3.1
  SMNH09  匹見          34.572  132.012    19    25     9            25     2.4
  SMN013  益田          34.669  131.846    22    19     9            25     2.8
  HRS017  三原          34.404  133.083    19    20     7            24     1.8
  OKY011  岡山          34.654  133.907    24    18     6            24     2.6
  TTR005  倉吉          35.429  133.825    22    15     6            22     2.3
  TTR003  用瀬          35.343  134.208    21    15     5            21     2.4
  TTR006  赤碕          35.511  133.630    20    18     6            21     2.4
  OKY008  建部          34.870  133.904    21    18     6            21     2.3
  OKY006  津山          35.068  134.005    13    19    10            20     2.2
  SMN010  浜田          34.887  132.078    12    19     9            19     2.2
  KGW004  高松          34.347  134.037    15    18     5            19     2.7
  SMN014  津和野        34.467  131.775    16    18    10            19     2.4
  TTR002  鳥取          35.485  134.220    12    17     7            19     2.6
  HRSH08  佐伯          34.394  132.161    16    17     8            19     1.9
  YMG017  柳井          33.965  132.101    13    18     4            18     2.8
  HRS007  甲奴          34.703  133.095    17    17     7            18     2.0
  OKY015  上斎原        35.279  133.926    17    17     7            18     2.4
  YMGH03  岩国          34.189  132.126     9    18     8            18     2.1
  HRS015  福山          34.485  133.362    15    17     8            18     2.5
  YMG009  鹿野          34.232  131.817    13    15     6            18     2.3
  EHM004  今治          34.062  132.998    14    15     5            17     2.4
  HYGH11  山東          35.292  134.907    14    14     5            17     2.4
  HRSH09  吉舎          34.702  132.952    13    16     9            17     1.9
  OKYH11  勝央          35.073  134.116    12    16     5            16     2.0
  YMGH17  東和          33.929  132.405    13    14     6            16     2.4
  OKY014  下津井        34.446  133.788    14    13     6            16     2.0
  YMGH14  萩            34.398  131.377    14    11     5            15     2.2
  OKYH05  建部          34.868  133.853     8    15     8            15     1.6
  YMG014  徳山          34.054  131.808    15    12     5            15     2.6
  OKYH03  岡山          34.778  133.789    15    12    13            15     2.1
  OKY002  加茂          35.179  134.050    11    15     5            15     2.0
  YMG018  東和          33.909  132.356    14    11     6            15     2.6
  HYGH13  香住          35.621  134.657    11    11     4            14     2.2
  HRS018  竹原          34.341  132.907    14    13    12            14     2.6
  TTR004  鹿野          35.461  134.055    14    10     6            14     2.5
  KGW005  観音寺        34.114  133.635    13    13     6            14     2.5
  OKYH12  大原          35.100  134.319    11    13     6            13     2.0
  HYG016  赤穂          34.755  134.390     9    12     6            13     2.5
  OKY010  備前          34.745  134.188    12     9     6            13     1.9
  KGW008  琴南          34.164  133.924    13     8     2            13     1.9
  OKY003  西粟倉        35.174  134.339    11    10     3            13     1.8
  EHM008  松山          33.820  132.728     8    13     3            13     2.4
  YMG008  山口          34.012  131.404    12    10     6            13     1.9
  EHM007  北条          33.962  132.772     8    12     4            13     2.3
  HRS011  府中          34.569  133.236    11    11     5            12     1.8
  HYGH03  波賀          35.219  134.524    12    11     3            12     1.6
  KOC007  高知          33.561  133.527     9    11     2            12     2.6
  OKYH07  神郷          35.049  133.317    10    12     5            12     1.5
  YMGH16  上関          33.826  132.104    11     8     4            12     2.1
  HYG011  上月          34.985  134.323    11     6     4            12     1.4
  YMGH15  徳山          33.972  131.815     9     8     4            11     1.6
  HYGH12  新宮          34.931  134.542     8     9     4            11     1.6
  SMN018  都万          36.193  133.233    10    10     5            11     1.9
  HYG005  和田山        35.341  134.862    11     6     3            11     1.8
  YMG002  萩            34.407  131.399    10    11     4            11     2.1
  HYG017  龍野          34.859  134.544     9    10     3            11     1.8
  YMG011  下関          34.064  131.021     7    11     3            11     2.4
  YMG012  宇部          33.994  131.218    10    10     2            11     2.5
  KGW002  内海          34.473  134.314     9     7     3            11     1.8
  HRS016  尾道          34.420  133.197     8    11     3            11     1.6
  OKYH04  真備          34.643  133.686     8     9     5            11     2.0
  KGW007  引田          34.227  134.401     8    10     2            11     2.4
  HRSH04  沼隈          34.379  133.349    10    10     4            10     1.8
  HRSH15  倉橋          34.116  132.505     8    10     6            10     1.8
  KGW003  丸亀          34.264  133.790    10     8     4            10     2.1
  FKO005  飯塚          33.652  130.696     7     7     2            10     1.8
  HYG008  生野          35.148  134.788     8     5     4            10     1.6
  YMGH04  周東          34.027  132.063     6     9     4             9     1.8
  EHM003  東予          33.927  133.084     8     7     2             9     2.0
  YMG003  生雲中        34.383  131.600     8     7     4             9     2.0
  SMNH10  美保関        35.558  133.300     7     7     6             9     1.9
  SMN020  下宇部尾      35.535  133.165     8     9     6             9     1.9
  SMN017  西ノ島        36.093  132.984     8     8     5             9     1.6
  EHM016  伊予          33.765  132.709     6     9     3             9     2.2
  HRSH14  沖美          34.209  132.406     7     8     4             9     1.8
  TTRH07  関金          35.365  133.749     8     8     5             9     1.9
  HYG012  山崎          34.996  134.552     5     8     3             9     1.7
  KOCH05  池川          33.647  133.144     7     8     3             8     1.3
  EHMH12  宇和          33.427  132.506     7     8     2             8     2.0
  HYG013  市川          34.989  134.763     8     7     2             8     1.6
  KGW001  土庄          34.545  134.280     7     7     3             8     1.5
  EHMH08  柳谷          33.539  133.002     8     4     2             8     1.7
  HYG007  波賀          35.164  134.546     7     5     3             8     1.4
  FKO004  行橋          33.739  131.010     6     6     2             8     1.6
  EHMH02  西条          33.865  133.184     8     4     3             8     1.1
  YMG007  美祢          34.166  131.206     7     7     3             8     1.5
  TKS001  鳴門          34.203  134.610     7     6     3             8     2.3
  OIT001  国見          33.678  131.594     6     7     2             8     1.8
  FKOH01  北九州        33.885  130.980     7     3     2             8     1.2
  EHM011  八幡浜        33.450  132.434     5     7     1             7     1.7
  FKO002  中間          33.826  130.705     7     5     3             7     2.2
  HYGH14  出石          35.457  134.862     6     6     3             7     1.6
  KOC013  佐賀          33.080  133.101     6     7     2             7     2.2
  TKS007  市場          34.090  134.285     4     7     2             7     2.2
  HYGH07  夢前          35.032  134.670     7     4     2             7     1.1
  FKIH06  高浜          35.491  135.484     5     6     2             7     1.7
  EHM001  伊予三島      33.979  133.549     6     6     2             7     2.3
  KOC006  土佐          33.495  133.417     6     4     3             7     1.8
  KYT006  福知山        35.276  135.183     4     5     3             7     1.6
  HYG009  黒井          35.169  135.104     6     6     2             7     1.6
  OITH07  三重          32.987  131.588     6     5     1             7     1.8
  KYTH01  野田川        35.524  135.124     5     6     4             7     1.5
  HYG002  香住          35.641  134.628     5     5     2             7     1.9
  HYGH06  相生          34.794  134.479     5     6     3             7     1.0
  EHMH11  大洲          33.581  132.601     3     6     1             7     1.2
  SMN019  布施          36.293  133.356     5     5     2             6     1.1
  HYGH08  加美          35.101  134.904     5     5     1             6     1.6
  KYTH03  福知山        35.313  135.133     6     4     2             6     1.4
  HYG003  出石          35.462  134.876     6     6     2             6     1.7
  KYT002  久美浜        35.604  134.894     6     5     2             6     1.9
  HYGH15  村岡          35.470  134.595     5     5     1             6     1.2
  YMG006  豊浦          34.149  130.930     4     6     2             6     1.4
  HYG019  加古川        34.832  134.824     4     6     3             6     1.5
  KGW006  長尾          34.250  134.186     5     5     2             6     1.7
  HYGH10  加古川        34.816  134.808     5     6     3             6     1.8
  HYG001  浜坂          35.619  134.450     5     5     2             6     1.4
  HYG010  丹南          35.059  135.178     6     4     2             6     1.6
  TKS010  貞光          34.038  134.061     5     5     3             6     1.6
  KOC003  安芸          33.501  133.907     6     4     3             6     2.0
  HYG018  姫路          34.814  134.687     5     5     5             6     1.6
  HYGH02  南光          35.067  134.423     5     4     2             6     1.3
  YMGH08  豊浦          34.135  130.932     4     5     2             6     1.4
  HYGH09  東条          34.908  135.084     6     4     2             6     1.5
  TKS012  池田          34.032  133.809     4     5     2             5     1.9
  KGWH05  内海          34.457  134.324     5     3     3             5     1.3
  OIT004  国東          33.567  131.738     5     5     2             5     1.6
  YMGH07  菊川          34.115  131.051     4     4     2             5     1.4
  HYG006  大屋          35.333  134.665     4     5     2             5     1.2
  FKO003  北九州        33.832  130.901     4     4     2             5     1.4
  OSK001  能勢          34.971  135.390     5     4     2             5     1.5
  YMG019  上関          33.846  132.120     4     5     1             5     1.4
  OITH02  山香          33.458  131.443     3     4     1             5     1.1
  TKSH06  井川          34.000  133.893     3     4     2             5     1.4
  TTR001  若桜          35.342  134.398     4     5     2             5     1.0
  HYG015  三田          34.952  135.271     5     3     1             5     1.1
  HYGH04  篠山          35.071  135.281     4     4     1             5     1.1
  KYT004  宮津          35.535  135.196     4     4     2             5     1.6
  OIT009  湯布院        33.257  131.344     3     5     1             5     1.7
  KOC008  本川          33.776  133.346     4     4     1             4     1.0
  OKYH13  日生          34.728  134.274     3     4     3             4     1.1
  OIT007  杵築          33.417  131.614     4     3     2             4     1.4
  OIT002  中津          33.569  131.268     4     3     2             4     1.3
  OIT003  豊後高田      33.557  131.446     3     4     2             4     1.3
  EHM010  肱川          33.451  132.688     3     3     1             4     1.3
  KOC002  室戸          33.290  134.168     3     3     1             4     1.4
  OIT011  佐賀関        33.246  131.881     3     3     1             4     1.4
  TKS008  木屋平        33.934  134.212     4     3     1             4     0.9
  KOC015  宿毛          32.937  132.725     3     4     2             4     1.3
  FKO001  玄海          33.843  130.509     3     3     2             4     1.5
  KOCH13  本山          33.754  133.576     3     3     1             4     1.1
  EHM005  川内          33.797  132.914     3     3     2             4     1.6
  HYG023  明石          34.644  135.000     3     3     1             4     1.4
  KOCH07  須崎          33.392  133.287     3     3     1             4     1.1
  YMG004  長門          34.371  131.182     3     3     2             4     0.9
  EHMH03  新宮          33.915  133.650     3     3     1             4     0.9
  KOC009  吾川          33.574  133.172     3     3     1             4     1.0
  KYTH02  伊根          35.710  135.250     3     2     1             4     1.0
  TKSH03  木屋平        33.878  134.129     3     3     1             3     0.9
  KOC004  物部          33.697  133.877     2     3     1             3     1.3
  EHM009  広田          33.632  132.796     3     3     1             3     1.0
  EHM006  美川          33.641  133.008     3     3     1             3     1.0
  KOC014  中村          32.989  132.938     2     3     2             3     1.6
  EHM015  長浜          33.609  132.477     3     3     1             3     1.0
  HYG020  三木          34.798  134.990     3     3     1             3     1.1
  OIT010  大分          33.232  131.593     3     3     1             3     1.4
  EHMH05  砥部          33.711  132.803     3     3     1             3     0.8
  FKIH05  敦賀          35.639  136.030     3     2     1             3     1.4
  OIT016  佐伯          32.975  131.903     2     3     2             3     1.4
  KOC017  大豊          33.784  133.730     2     3     1             3     1.2
  HYG004  村岡          35.458  134.575     3     3     1             3     0.8
  TKS004  由岐          33.775  134.591     3     2     1             3     1.1
  OITH03  安岐          33.474  131.686     3     3     1             3     1.2
  FKO008  添田          33.572  130.854     2     3     1             3     1.2
  KOCH09  香北          33.675  133.824     2     2     1             3     1.1
  YMG005  豊北          34.290  130.948     2     3     1             3     0.8
  OIT005  耶馬渓        33.455  131.114     2     2     1             3     0.5
  OSK002  高槻          34.857  135.596     2     2     1             3     1.5
  TKS006  牟岐          33.669  134.419     2     2     1             3     1.1
  FKOH06  豊前          33.593  131.135     2     2     1             3     0.9
  EHM012  宇和島        33.222  132.573     2     3     1             3     0.8
  HYG024  東浦          34.533  134.990     3     2     2             3     1.3
  KYT011  亀岡          35.017  135.564     2     2     1             3     1.3
  FKI010  高浜          35.490  135.551     2     2     1             3     1.3
  TKSH05  海南          33.663  134.316     2     3     1             3     1.0
  NGS002  松浦          33.344  129.705     2     2     1             3     1.3
  FKOH08  小石原        33.465  130.828     2     2     1             3     0.8
  SIG007  近江八幡      35.134  136.096     2     2     1             3     1.2
  TKS003  阿南          33.872  134.604     2     2     0             3     0.9
  OIT006  院内          33.424  131.315     2     2     1             2     0.8
  HYG014  西脇          35.002  135.000     2     2     2             2     0.8
  KOCH12  芸西          33.529  133.819     2     1     1             2     0.9
  KOC011  檮原          33.398  132.896     2     2     1             2     1.2
  KYT003  伊根          35.677  135.292     2     2     1             2     0.7
  EHM002  新居浜        33.922  133.307     2     2     1             2     0.6
  KYTH07  久御山        34.898  135.746     2     2     1             2     1.3
  KOCH10  伊野          33.531  133.439     2     2     1             2     1.1
  HYG021  神戸          34.690  135.158     1     2     1             2     0.9
  EHM013  三崎          33.392  132.114     1     2     1             2     0.7
  KOCH02  吾北          33.708  133.364     2     2     1             2     0.9
  HYG026  五色          34.415  134.792     2     2     1             2    <0.5
  FKO012  浮羽          33.332  130.794     2     2     1             2     1.2
  FKOH03  宇美          33.561  130.550     2     2     1             2    <0.5
  HYG022  西宮          34.746  135.350     2     2     1             2     1.0
  OITH11  九重          33.284  131.212     2     2     1             2     0.8
  SIG009  甲西          35.005  136.085     2     2     1             2     1.0
  OSK004  四條畷        34.740  135.639     2     2     1             2     1.0
  FKO009  筑紫野        33.495  130.516     2     2     1             2     0.8
  FKO015  柳川          33.163  130.405     2     2     1             2     1.3
  FKIH04  三方          35.559  135.869     2     2     1             2     1.2
  EHMH07  河辺          33.502  132.748     2     2     1             2     0.5
  TKS009  木頭          33.772  134.200     1     2     1             2     0.7
  KOC005  土佐山田      33.593  133.692     2     2     1             2     0.9
  GIFH26  各務原        35.412  136.876     2     2     0             2     0.8
  KGWH03  三木          34.270  134.148     2     2     1             2     0.7
  OSK003  豊中          34.767  135.468     2     2     1             2     1.2
  SIG005  彦根          35.249  136.242     2     1     1             2     0.8
  KOC010  須崎          33.392  133.290     2     2     1             2     0.8
  OIT014  津久見        33.066  131.859     1     2     1             2     0.7
  KMMH05  波野          32.955  131.221     2     2     1             2     0.9
  KOC012  大正          33.197  132.976     2     2     0             2     0.5
  YMGH06  宇部          33.989  131.301     2     2     1             2     1.0
  HYGH01  三原          34.294  134.794     2     2     1             2     1.0
  KOC001  東洋          33.528  134.281     1     2     1             2     0.7
  WKY008  田辺          33.729  135.377     1     2     1             2     1.1
  EHM014  西海          32.945  132.505     2     2     1             2    <0.5
  KYTH04  美山          35.269  135.551     1     1     1             2     0.6
  OSKH02  此花          34.663  135.390     2     1     1             2     1.0
  EHMH06  日吉          33.335  132.798     1     2     1             2     0.5
  AIC003  津島          35.173  136.740     1     1     1             2     1.2
  WKY006  御坊          33.891  135.152     1     1     0             2     0.8
  TKSH04  徳島          33.990  134.534     2     1     1             2     0.5
  KOCH03  大正          33.268  132.989     1     2     1             2     0.6
  OSKH01  田尻          34.398  135.284     1     1     1             2     0.9
  AIC002  小牧          35.298  136.915     2     1     0             2     0.7
  KYT008  本庄          35.261  135.397     1     1     1             2     0.5
  SIG010  大津          34.972  135.897     1     1     1             2     1.0
  SIG008  永源寺        35.070  136.295     1     1     1             2     0.8
  TKS011  東祖谷山      33.875  133.922     1     1     1             2     0.8
  GIF020  岐阜          35.425  136.757     1     1     0             2     0.8
  KYT005  舞鶴          35.476  135.389     1     1     1             1     0.5
  FKO010  甘木          33.423  130.669     1     1     1             1    <0.5
  MYZ003  延岡          32.566  131.660     1     1     1             1     0.6
  EHMH13  三崎          33.372  132.116     1     1     1             1     0.5
  NGNH03  阿智2         35.479  137.735     1     1     0             1     0.6
  FKI008  三方          35.548  135.908     1     1     1             1     0.8
  GIFH28  中津川        35.457  137.471     1     1     1             1     1.0
  SAG002  唐津          33.425  129.919     1     1     0             1    <0.5
  MYZH01  五ヶ瀬        32.654  131.226     1     1     0             1    <0.5
  OITH01  山国          33.412  131.033     1     1     1             1     0.6
  SIGH03  信楽          34.853  136.032     1     1     0             1     0.5
  OITH04  庄内          33.131  131.347     1     1     0             1    <0.5
  GIFH09  羽島          35.277  136.700     1     1     0             1     1.0
  OSKH05  大阪          34.716  135.520     1     1     1             1     0.6
  FKIH02  織田          35.948  136.056     1     1     0             1    <0.5
  SAGH04  東脊振        33.365  130.405     1     1     0             1    <0.5
  KMMH02  小国          33.122  131.063     1     1     1             1    <0.5
  KMMH03  菊池          32.998  130.830     1     1     1             1    <0.5
  GIFH03  根尾          35.633  136.613     1     1     0             1    <0.5
  AICH15  足助          35.139  137.336     1     1     0             1    <0.5
  NARH06  山添          34.641  136.051     0     1     0             1    <0.5
  KMMH14  豊野          32.635  130.752     1     1     0             1    <0.5
  WKYH07  上富田        33.689  135.440     1     1     0             1    <0.5
  KOCH01  北川          33.542  134.120     1     1     0             1    <0.5
  AICH16  設楽          35.154  137.535     1     1     0             1    <0.5
  KOCH11  室戸          33.287  134.160     1     1     0             1    <0.5
  GIFH12  坂内          35.603  136.413     1     1     0             1    <0.5
  MIEH10  芸濃          34.822  136.424     1     1     0             1    <0.5
  GIFH06  高富          35.504  136.794     1     1     0             1    <0.5
  MYZH08  川南          32.213  131.531     1     1     0             1    <0.5
  KOCH08  土佐清水      32.780  132.972     1     1     0             1    <0.5
  WKYH10  印南          33.825  135.217     1     0     0             1    <0.5
  GIFH27  美濃加茂      35.453  137.004     1     0     0             1    <0.5
  KMMH09  泉            32.490  130.905     1     1     0             1    <0.5
  NGNH24  松川          35.615  137.880     1     1     0             1    <0.5
  OITH10  佐伯          32.928  131.869     1     1     0             1    <0.5
  GIFH07  春日          35.418  136.435     0     1     0             1    <0.5
  FKOH10  浮羽          33.289  130.817     1     1     0             1    <0.5
  WKYH09  和歌山        34.287  135.071     0     1     0             1    <0.5
  AICH18  岡崎          34.964  137.238     1     0     0             1    <0.5
  KMMH08  矢部          32.650  131.025     0     1     0             1    <0.5
  OITH08  宇目西        32.839  131.536     1     0     0             1    <0.5
  MYZH04  諸塚          32.518  131.335     0     0     0             1    <0.5
  SAGH05  白石          33.181  130.105     0     0     0             1    <0.5
  KOCH04  大月          32.841  132.707     0     0     0             0    <0.5
  MYZH13  都城南        31.730  131.079     0     0     0             0    <0.5
  MIEH02  大山田        34.766  136.284     0     0     0             0    <0.5
  KMMH01  鹿北          33.109  130.695     0     0     0             0    <0.5
  SAGH01  鎮西          33.508  129.888     0     0     0             0    <0.5
  KMMH17  玉名          32.987  130.561     0     0     0             0    <0.5
  MYZH15  日向          32.365  131.589     0     0     0             0    <0.5
  WKYH03  野上          34.131  135.324     0     0     0             0    <0.5
  MYZH10  国富          32.022  131.290     0     0     0             0    <0.5
  NGSH03  佐世保南      33.126  129.810     0     0     0             0    <0.5
  MIEH03  嬉野          34.547  136.369     0     0     0             0    <0.5
  GIFH08  大和          35.832  136.962     0     0     0             0    <0.5
  MYZH16  延岡          32.506  131.696     0     0     0             0    <0.5
  SZOH42  修善寺        34.976  138.913     0     0     0             0    <0.5
  GIFH18  馬瀬          35.899  137.149     0     0     0             0    <0.5
  NARH03  川上          34.292  136.002     0     0     0             0    <0.5
  SZOH34  清水北        35.130  138.424     0     0     0             0    <0.5
  MIEH08  松阪          34.542  136.503     0     0     0             0    <0.5
  GIFH19  朝日南        36.022  137.391     0     0     0             0    <0.5
  MIEH09  紀宝          33.764  135.997     0     0     0             0    <0.5
  NGNH54  飯田          35.449  138.006     0     0     0             0    <0.5
  GIFH24  東白川        35.640  137.319     0     0     0             0    <0.5
  NGNH25  南信濃        35.299  137.927     0     0     0             0    <0.5
  YMNH15  上九一色      35.532  138.605     0     0     0             0    <0.5