最大加速度リスト

地震発生時刻   2011/04/11-17:16:00.00
震央北緯       36.9°
震央東経       140.7°
震源深さ       6.0km
マグニチュード M7.0

  コード  観測点名      緯度    経度     最大加速度 (ガル) 三成分合成値 計測震度
　　　　　 　　         北緯    東経      N-S   E-W   U-D        (ガル)         
  IBR019  北茨城        36.881  140.654   659   624   419           746     5.8
  IBR013  鉾田          36.159  140.489   536   505   206           615     5.6
  FKSH12  平田          37.217  140.570   510   417   354           572     5.7
  IBRH13  高萩          36.795  140.575   363   446   334           564     5.4
  FKS012  勿来          36.907  140.793   490   247   256           546     5.6
  FKS016  白河          37.123  140.191   468   405   116           538     5.2
  IBR004  大宮          36.552  140.410   445   411   166           524     4.9
  FKS013  古殿          37.090  140.556   434   365   255           486     5.8
  IBRH18  ひたちなか    36.363  140.620   188   468   115           484     4.8
  FKSH10  西郷          37.162  140.093   323   322   318           459     5.1
  IBR003  日立          36.592  140.645   435   407   210           454     5.0
  TCG014  茂木          36.545  140.174   291   317   134           422     5.1
  TCG009  今市          36.726  139.715   299   384   120           402     5.2
  FKSH11  矢吹          37.201  140.339   264   338   201           354     5.1
  IBR007  那珂湊        36.352  140.595   273   282   147           342     4.9
  FKS010  広野          37.234  141.002   246   319    74           336     4.8
  IBRH14  十王          36.692  140.548   244   244   210           326     4.2
  IBRH16  山方          36.641  140.398   292   201   133           318     4.7
  IBR005  笠間          36.385  140.237   238   310   116           311     4.9
  FKSH09  郡山          37.353  140.426   263   294   119           304     4.3
  FKS009  小野          37.278  140.635   287   278   119           303     4.7
  IBR002  高萩          36.706  140.707   275   257   120           300     5.0
  FKS018  郡山          37.396  140.362   232   267   129           299     4.9
  IBR006  水戸          36.369  140.453   278   238   156           299     4.6
  FKS019  二本松        37.603  140.437   210   263    90           268     4.6
  IBRH12  大子          36.837  140.318   219   198   162           268     4.6
  TCGH16  芳賀          36.548  140.075   230   258    69           264     5.0
  FKS004  飯舘          37.680  140.735   222   207   131           261     4.2
  TCGH13  馬頭          36.734  140.178   162   252    83           255     4.6
  FKS008  船引          37.436  140.567   179   229   129           255     4.6
  IBRH11  岩瀬          36.370  140.140   169   237    94           252     4.8
  FKS023  会津若松      37.477  139.929   229   141    48           245     5.1
  IBR001  大子          36.776  140.357   156   230    93           230     4.6
  TCGH10  大田原        36.858  140.023   209   192   161           228     4.4
  FKS006  葛尾          37.503  140.759   168   212   104           223     4.5
  IBRH15  御前山        36.557  140.301   189   151    79           210     4.2
  FKSH18  三春          37.489  140.538   195   144    94           208     4.5
  FKSH08  長沼          37.282  140.214   171   151    77           202     4.2
  FKS011  いわき        37.091  140.904   179   187   134           199     4.9
  FKS025  下郷          37.308  139.900   100   128   191           197     4.2
  FKSH19  都路          37.470  140.723   149   147   117           193     4.2
  TCGH12  氏家          36.696  139.984   169   138   104           192     4.2
  IBRH17  霞ヶ浦        36.086  140.314   160   151   113           184     4.5
  FKS015  棚倉          37.022  140.377   173   105    55           181     4.5
  IBR015  岩井          36.069  139.908   106   167    65           167     4.5
  IBR012  石岡          36.190  140.287   108   159    54           162     4.7
  FKS002  梁川          37.845  140.601   141   110    70           162     4.2
  FKS017  須賀川        37.284  140.369   139   133   120           159     4.7
  FKS024  中野          37.396  140.132   126   100    55           156     4.6
  FKS027  滝原          37.070  139.681   120   152    48           156     3.6
  TCG005  矢板          36.806  139.926   153   131    34           155     4.3
  MYG015  岩沼          38.105  140.870   120   138    40           155     4.6
  FKSH05  下郷          37.254  139.873   144   142    42           153     4.2
  FKSH14  いわき東      37.026  140.970   117   139    81           148     4.9
  IBR014  土浦          36.073  140.195   110   144    64           146     4.4
  TCG008  鹿沼          36.560  139.768   120   135    71           142     4.4
  FKS014  矢祭          36.868  140.430    99   126    93           142     4.3
  TCGH11  今市          36.708  139.769   118   117    53           142     4.0
  FKS022  西会津        37.600  139.647   139   120    46           139     4.5
  IBR016  取手          35.911  140.049   128   114    72           139     4.1
  IBR017  江戸崎        35.954  140.319   127    97    56           132     4.0
  IBRH10  石下          36.111  139.989   116   119    79           132     4.7
  TCG006  小川          36.764  140.130   116   100    86           131     4.4
  IBR018  鹿嶋          35.977  140.632   117   101    49           131     4.2
  YMT011  上山          38.150  140.267   113    75    33           128     4.5
  YMTH02  山形          38.269  140.258    91    93    24           128     4.3
  TCG001  黒磯          36.942  140.083    96   123    64           127     4.2
  IBR011  つくば        36.125  140.090   114   118    64           126     4.5
  IBR010  下妻          36.184  139.965   119   116    47           126     4.4
  YMTH04  上山          38.081  140.298   107   121    34           124     3.9
  FKS001  相馬          37.795  140.920   118   105    59           122     4.4
  CHB001  野田          35.959  139.873   105   114    36           122     4.3
  FKS031  川内          37.336  140.813   101    94    82           119     3.9
  FKSH03  高郷          37.608  139.753   102    68    31           117     4.3
  YMTH06  高畠          37.963  140.184    58   106    31           115     4.2
  MYG016  白石          38.008  140.621    70    94    54           112     4.2
  TCG013  真岡          36.437  140.023    66   111    52           111     4.0
  TCGH15  宇都宮        36.559  139.864    98   108    63           109     4.0
  FKS020  猪苗代        37.547  140.108    87    96    42           108     4.5
  TCGH14  粟野          36.551  139.615    77   102    41           107     3.5
  MYG017  角田          37.976  140.782   103    72    36           106     4.4
  FKSH17  川俣          37.664  140.597   101    96    47           106     4.0
  IBR008  下館          36.306  139.983    72   104    48           106     4.0
  NIG012  鹿瀬          37.686  139.477    95    61    21           104     4.3
  FKS003  福島          37.761  140.480    90    97    47           103     3.8
  YMT008  中村          38.386  139.992    60    86    37           101     4.4
  FKS005  原町          37.639  140.985    91    95    65           101     4.1
  FKSH04  会津高田      37.451  139.813    91    88    27            99     4.2
  MYGH10  山元          37.941  140.892    90    93    38            99     4.2
  TCGH06  真岡          36.446  139.951    96    72    30            98     3.9
  CHB003  白井          35.794  140.056    76    91    46            97     4.1
  MYG012  塩竈          38.318  141.019    70    78    41            96     3.9
  YMTH14  西川西        38.386  139.992    61    82    40            95     4.4
  MYG014  作並          38.318  140.636    67    88    25            93     4.0
  MYGH09  白石          38.009  140.603    56    84    54            90     4.0
  TCG016  北高岡        36.529  140.156    63    71    36            88     3.4
  FKSH02  熱塩加納      37.732  139.882    85    57    28            86     3.5
  TCG003  藤原          36.814  139.715    77    76    42            86     3.8
  CHB007  佐倉          35.723  140.227    84    80    41            86     4.0
  CHB004  佐原          35.901  140.490    75    58    33            83     3.7
  GNM009  桐生          36.411  139.325    65    80    35            82     3.8
  YMTH15  西川東        38.426  140.125    54    72    20            80     4.2
  TCG012  小山          36.286  139.805    67    68    40            78     3.9
  TCG015  芹沼          36.749  139.714    65    76    40            78     3.8
  SIT008  春日部        35.974  139.753    63    70    26            78     4.3
  CHB012  東金          35.573  140.333    68    58    30            77     3.9
  MYG013  仙台          38.266  140.929    53    74    25            76     3.9
  SITH11  飯能          35.864  139.273    75    62    25            76     3.7
  GNM011  太田          36.291  139.361    70    67    24            74     4.0
  SIT010  大宮          35.907  139.648    49    73    22            73     4.1
  CHBH13  成田          35.831  140.298    64    63    37            73     3.8
  NIG011  新津          37.801  139.144    70    43    16            71     4.0
  MYG010  石巻          38.428  141.281    55    62    15            71     4.4
  FKSH16  福島          37.764  140.377    56    67    25            70     3.6
  TCGH09  矢板          36.862  139.836    57    66    41            70     3.4
  GNM010  館林          36.234  139.533    66    47    22            67     3.6
  NIGH08  津川          37.671  139.465    66    36    30            66     4.1
  CHB006  成田          35.780  140.307    59    59    36            66     3.8
  FKSH06  伊南          37.172  139.520    42    50    15            65     3.0
  SITH01  岩槻          35.929  139.735    55    62    17            65     4.1
  IBRH07  江戸崎        35.952  140.330    60    58    31            65     4.4
  CHB028  市川北        35.766  139.966    63    51    50            64     3.6
  TCG002  塩原          36.990  139.803    48    62    26            63     3.5
  MYGH08  岩沼          38.113  140.844    40    62    25            63     3.7
  SIT003  久喜          36.072  139.697    47    57    30            62     4.2
  TCG011  葛生          36.387  139.614    58    48    23            62     3.4
  CHBH04  下総          35.797  140.021    37    60    23            61     3.4
  KNG206  平塚ST6       35.097  139.378    49    55    12            59     4.1
  TCG007  宇都宮        36.569  139.886    54    49    31            58     3.4
  FKS021  喜多方        37.654  139.863    55    54    18            58     3.5
  TKY027  瑞江          35.693  139.891    54    42    19            57     3.8
  IBRH19  つくば        36.214  140.089    51    47    44            56     3.6
  KNGH10  横浜          35.499  139.519    52    51    22            56     3.9
  MYG006  古川          38.580  140.965    43    45    13            55     3.9
  SITH06  川本          36.113  139.289    48    48    17            54     3.3
  TKY025  篠崎          35.714  139.897    32    44    13            50     3.3
  GNM013  高崎          36.318  139.018    49    36    14            50     3.8
  GNM012  伊勢崎        36.315  139.192    49    45    18            49     3.8
  CHB002  松戸          35.787  139.903    46    42    26            49     3.5
  YMT015  米沢          37.904  140.100    47    32    22            49     3.8
  GNM003  沼田          36.658  139.078    39    47    21            48     3.4
  GNMH05  伊勢崎        36.314  139.185    37    38    13            48     3.8
  IBR009  古河          36.185  139.704    38    36    19            48     3.4
  SIT002  熊谷          36.148  139.388    36    45    14            47     3.7
  CHB010  八日市場      35.708  140.568    38    38    18            47     3.4
  SIT001  本庄          36.243  139.194    29    40    12            46     3.7
  CHB024  稲毛          35.633  140.078    35    43    16            45     3.4
  YMT005  肘折          38.607  140.162    39    35    17            44     3.6
  GNMH12  神流          36.144  138.913    42    39    17            43     3.3
  CHB029  行徳          35.695  139.918    40    40    15            43     3.7
  IBRH20  波崎2         35.828  140.732    38    38    12            42     3.5
  YMTH12  立川          38.636  140.006    38    32    13            41     3.6
  MYG007  豊里          38.588  141.251    25    41    16            41     3.4
  CHB011  蓮沼          35.602  140.501    28    40    15            41     3.5
  TKY026  宇喜田        35.670  139.863    32    38    15            40     3.6
  NIGH06  加茂          37.653  139.068    36    26    14            40     3.3
  SIT004  長瀞          36.118  139.105    31    39    11            39     2.8
  TKY024  奥戸          35.740  139.862    28    36    17            39     3.4
  TCGH07  栗山西        36.882  139.453    26    38    18            39     3.0
  TKY003  青梅          35.797  139.291    32    36    11            39     3.4
  NIGH04  関川          38.131  139.543    28    38    13            39     3.1
  KNG002  横浜          35.437  139.634    30    35    11            38     3.7
  FKSH07  檜枝岐        37.010  139.375    36    28     9            38     2.4
  TKY018  八枝          35.655  139.811    34    29    23            38     3.7
  TKY022  横網          35.687  139.796    31    37    17            38     3.5
  IWT012  北上          39.321  141.138    37    23     9            38     3.2
  SIT011  川口          35.810  139.721    35    30    13            37     3.4
  NIG010  新潟          37.915  139.011    36    27     6            37     3.7
  TKY013  砂町          35.660  139.834    29    36    13            37     3.5
  CHB008  浦安          35.654  139.902    33    32    14            37     3.4
  YMT007  東根          38.431  140.391    27    35    12            37     3.4
  MYG003  東和          38.735  141.311    25    36    12            36     2.8
  TCG010  足尾          36.635  139.438    35    31    20            36     2.9
  GNM002  水上          36.782  138.970    36    17     6            36     2.5
  YMT014  下屋地        37.921  139.870    35    34    13            36     3.1
  FKSH01  西会津        37.757  139.715    35    33     9            36     3.1
  TKY021  猿江          35.688  139.819    27    34    15            36     3.5
  NIG008  中条          38.053  139.405    28    35    14            35     3.4
  SIT009  川越          35.903  139.483    33    31    13            35     3.0
  YMTH07  米沢          37.896  140.028    29    31    18            35     3.6
  CHBH10  千葉          35.546  140.242    35    27    17            35     3.3
  FKS029  桧枝岐        37.016  139.380    33    30     9            35     2.5
  TKY007  新宿          35.711  139.686    26    34    12            34     3.2
  TKY017  辰巳          35.647  139.809    32    29    23            34     3.5
  MYG004  築館          38.729  141.022    32    28    15            34     3.3
  SIT007  東松山        36.054  139.391    23    31    10            34     2.8
  CHB009  千葉          35.608  140.102    32    26    14            33     3.5
  YMT010  山形          38.260  140.349    30    26    17            33     3.3
  YMT012  長井          38.107  140.043    22    32    10            33     3.0
  CHB014  姉崎          35.477  140.049    21    26    10            32     3.3
  MYGH05  小野田        38.579  140.780    31    26    13            32     3.5
  GNMH14  みどり        36.493  139.322    27    28    11            32     2.5
  TKY015  東白鬚        35.731  139.812    21    31    18            31     3.4
  FKS026  南郷          37.266  139.539    29    25    13            31     2.9
  SITH10  都幾川        35.996  139.219    21    29    10            30     2.6
  MYG005  鳴子          38.799  140.651    29    27    20            30     3.8
  TKY023  八広          35.725  139.825    29    27    17            30     3.5
  NIG014  三条          37.641  138.956    26    27     9            30     3.7
  YMTH01  天童          38.384  140.381    23    26     9            30     3.4
  MYG009  大和          38.447  140.887    29    25    16            30     3.4
  KNG001  川崎          35.529  139.706    25    29    17            30     3.4
  TKY014  亀戸          35.689  139.835    25    27    14            29     3.3
  GNMH08  嬬恋          36.492  138.524    22    25    10            29     3.1
  GNMH11  富岡          36.286  138.921    28    21    10            29     3.0
  GNM007  渋川          36.462  139.010    25    27     9            28     3.2
  GNM006  吾妻          36.510  138.752    21    28    13            28     2.8
  IWT009  大東          39.019  141.403    23    25     7            28     2.3
  YMT009  寒河江        38.390  140.274    17    25    12            28     3.3
  NIGH10  上川          37.544  139.365    27    20    12            28     2.7
  GNMH07  利根          36.700  139.210    19    24    11            27     2.4
  YMTH03  南陽          38.103  140.155    17    23     8            27     2.8
  YMT006  尾花沢        38.600  140.405    25    23     9            27     3.3
  GNM008  前橋          36.348  139.137    26    19    10            27     3.4
  YMT003  鶴岡          38.729  139.801    20    20    11            27     3.4
  IWTH27  陸前高田      39.031  141.532    20    26     9            27     2.6
  SIT006  秩父          35.995  139.071    22    20     8            27     2.8
  TCG004  湯元          36.806  139.420    19    20    14            26     2.8
  NIG009  新発田        37.951  139.338    23    18     8            26     3.5
  MYG001  気仙沼        38.901  141.568    24    16    12            26     2.9
  CHB005  銚子          35.736  140.830    25    15     9            26     3.2
  GNM001  片品          36.772  139.225    22    23    16            25     2.3
  NIG025  直江津        37.161  138.224    25    16     5            25     3.1
  CHB015  木更津        35.374  139.916    20    25    14            25     3.3
  FKSH21  只見          37.342  139.315    21    25     9            25     2.9
  CHBH14  銚子中        35.734  140.823    24    15     7            25     3.0
  SIT005  小川          36.056  139.263    19    24     9            25     2.6
  IWTH05  藤沢          38.865  141.351    19    22     9            24     2.6
  IWT007  釜石          39.270  141.856    19    24     8            24     2.6
  YMTH13  朝日          38.470  139.761    23    19     8            24     2.6
  SIT013  所沢          35.797  139.466    22    18    12            24     2.9
  MYG011  牡鹿          38.305  141.504    17    21    10            24     2.5
  YMT013  小国          38.062  139.757    23    19     8            24     3.1
  IWT003  普代          40.008  141.886    15    24     3            24     3.1
  TKYH12  八王子        35.670  139.265    22    18     8            23     2.9
  TCGH17  藤原2         36.985  139.692    19    23     9            23     2.3
  NIGH07  村松          37.666  139.261    22    20     7            23     2.6
  AKTH06  雄勝          38.980  140.495    16    20     8            23     2.8
  TKY016  東雲          35.648  139.799    17    20    17            23     3.2
  CHB013  茂原          35.433  140.291    16    20     8            23     2.9
  SITH07  名栗          35.912  139.149    22    21     6            23     2.3
  GNM016  万場          36.116  138.925    22    16     6            23     2.5
  TKY020  塩浜          35.666  139.809    21    16    11            23     3.2
  NIGH02  朝日          38.280  139.549    20    16    14            22     3.4
  KNG013  小田原        35.264  139.152    17    21    14            22     3.4
  TKY004  八王子        35.628  139.403    15    20     8            22     2.8
  SITH08  小鹿野        36.027  138.969    18    17     6            22     2.5
  TKY005  町田          35.578  139.416    17    22    10            22     2.9
  KNG008  相模原        35.575  139.327    17    20     8            22     2.7
  YMNH11  大月          35.625  138.978    18    16     6            21     2.9
  SITH05  神泉          36.151  139.050    17    20     6            21     2.4
  FKS028  只見          37.349  139.314    17    18     8            21     3.1
  KNG205  平塚ST5       34.941  139.421    19    18     4            21     3.0
  KNG009  厚木          35.442  139.362    19    18     6            21     3.0
  MYGH04  東和          38.786  141.325    18    20     7            20     2.3
  FKS030  金山          37.453  139.513    20    17    11            20     2.7
  IWTH26  一関東        38.969  141.001    17    17     9            20     2.7
  IWT026  相去          39.257  141.098    16    18    14            20     3.0
  KNGH11  厚木          35.404  139.354    18    18     5            20     3.2
  KNG010  平塚          35.336  139.350    11    16     7            20     3.2
  IWTH04  住田          39.181  141.391    20    19     8            20     2.6
  KNG006  二俣川        35.454  139.539    19    17     7            19     2.8
  CHB022  富津          35.308  139.860    15    19     5            19     2.7
  NIG013  巻            37.764  138.883    18    16     6            19     3.3
  KNGH18  藤野          35.644  139.128    17    18     7            19     2.7
  IWT010  一関          38.933  141.117    16    13     8            19     2.8
  MYGH06  田尻          38.591  141.071    15    16    11            19     3.0
  KNG201  平塚ST1       34.596  139.918    18    15     2            19     2.9
  NIGH05  聖籠          37.976  139.279    16    17     8            18     3.2
  CHB019  鋸南          35.111  139.835    16    16     8            18     3.2
  CHB017  市場          35.299  140.076    17    18     8            18     3.0
  CHB016  岬            35.300  140.387    15    16     7            18     3.1
  YMN009  六郷          35.496  138.463    15    18     5            18     2.8
  NIG028  長岡支所      37.426  138.886    14    16     6            18     2.8
  TKYH13  檜原南        35.702  139.127    11    17     7            18     1.9
  IWT020  藪川          39.784  141.329    12    17     6            18     3.1
  NIG015  村松          37.694  139.189    13    17    11            17     3.0
  IWT013  遠野          39.337  141.538    16    13     9            17     2.6
  NIGH09  下田          37.539  139.128    16    15    10            17     2.9
  YMT017  新庄支所      38.791  140.313    12    16     7            17     3.0
  NIG007  村上          38.230  139.486    16    15    10            17     3.2
  NIGH01  長岡          37.427  138.888    13    15     7            17     2.8
  YMT002  新庄          38.768  140.296    15    16     7            16     3.1
  IWTH02  玉山          39.825  141.383    14    16     3            16     2.3
  YMT001  酒田          38.914  139.813    16    16     5            16     3.2
  IWT014  石鳥谷        39.484  141.147    16    15     5            16     2.9
  SITH03  日高          35.899  139.384    15    16     8            16     2.8
  GNM014  坂本          36.350  138.718    13    13     9            16     2.9
  CHB026  長南          35.387  140.237    14    13     9            16     2.7
  IWTH20  花巻南        39.343  141.047    13    15     6            16     2.9
  NIG020  小出          37.233  138.962    14    12     7            16     2.6
  TKY006  小金井        35.699  139.503    15    13     8            16     2.8
  IWT019  岩泉          39.849  141.803    13    15     6            16     2.8
  SITH09  皆野          36.072  139.099    13     9     8            16     2.3
  KNG202  平塚ST2       34.740  139.839    12    14     5            16     2.7
  MYGH03  唐桑          38.921  141.638     9    15     5            15     2.0
  NIG006  寒川          38.450  139.496     8    14     3            15     2.4
  IWTH21  山田          39.473  141.934    14    12     4            15     2.1
  IWTH28  一関西2       39.009  140.864    13    12     5            15     2.5
  IWTH23  釜石          39.274  141.823    10    15     5            15     1.8
  GNM004  草津          36.617  138.592    15    11     6            15     2.8
  SITH04  所沢          35.803  139.535    12    14     7            14     2.7
  AOMH16  新郷          40.462  141.092    13     9     3            14     2.6
  GNMH13  水上2         36.862  139.063    13    10     4            14     2.4
  TKY001  氷川          35.803  139.096    12    13     7            14     2.0
  IWT011  水沢          39.145  141.152    11    13     6            14     2.9
  NGN014  小海          36.096  138.484    13     8     3            14     2.1
  AOMH13  八戸          40.579  141.445     7    14     4            14     2.9
  GNM005  嬬恋          36.513  138.518    13    14     6            14     2.6
  YMN002  大月          35.613  138.947    13    11     7            14     2.3
  NIG022  塩沢          37.036  138.846    13    12     4            14     2.7
  YMN004  塩山          35.702  138.727    12    13     6            13     2.5
  YMT016  清川          38.789  140.018    11    13     4            13     2.6
  SIT014  中津川        35.995  138.801    11    12     5            13     2.0
  YMN001  丹波山        35.789  138.920    11    12     6            13     2.1
  IWTH01  二戸東        40.238  141.342    11    11     3            13     2.3
  YMTH08  八幡          38.970  140.033    12     9     6            13     2.9
  NIG019  小千谷        37.304  138.812    10    13     5            13     2.7
  CHBH12  富津          35.344  139.855    12    12     6            13     2.7
  CHBH16  鴨川          35.138  139.965    10    13     5            13     2.7
  KNG004  三崎          35.144  139.622    12    12     4            13     2.5
  NGNH11  富士見        35.916  138.305     8    12     4            12     2.3
  YMTH05  小国          37.988  139.802    10    12     8            12     2.5
  NIG016  寺泊          37.642  138.768     9    12     3            12     2.6
  SIT012  飯能          35.840  139.321     9    10     5            12     2.2
  IWT017  門馬          39.634  141.438    12    10     4            12     2.1
  NIG021  十日町        37.128  138.747     9    12     5            12     2.3
  NIGH12  湯之谷        37.224  138.982    11    10     4            12     2.3
  IWT005  宮古          39.647  141.946     6    11     7            12     2.5
  KNG204  平塚ST4       34.893  139.571    11    10     4            12     2.6
  AKT016  大曲          39.454  140.476    11     9     3            12     2.7
  NIG024  安塚          37.127  138.444     8     9     3            12     2.2
  NIGH11  川西          37.173  138.744     8    10     5            12     2.5
  KNG203  平塚ST3       34.798  139.643     8    10     3            12     2.4
  TKY002  桧原          35.730  139.145    10     8     4            12     1.7
  IWTH24  金ヶ崎        39.198  141.012     9    11     6            11     2.8
  KNG007  藤沢          35.339  139.490    10     9     8            11     2.7
  CHBH11  養老          35.287  140.153    11     9     6            11     2.5
  IWTH14  田老          39.743  141.909    10     7     5            11     1.9
  NGNH12  南牧          35.970  138.480    10     8     4            11     2.4
  IWT021  西根          39.920  141.082    10     9     3            11     2.4
  CHB020  鴨川          35.115  140.102    10    10     5            11     2.7
  IWTH15  矢巾          39.615  141.093    10     9     5            11     2.4
  NIG018  柏崎          37.372  138.558     9     9     3            11     2.9
  AKTH19  湯沢          39.191  140.471    10    10     5            10     2.7
  YMNH08  西野原        35.690  138.734    10     9     4            10     2.3
  IWTH18  川井南        39.463  141.678     9    10     5            10     1.8
  NIGH14  塩沢          37.030  138.852    10     8     3            10     2.4
  IWTH08  久慈北        40.269  141.783     7    10     3            10     2.1
  SZO011  富士宮        35.213  138.602     8     9     2            10     2.2
  NIG023  津南          37.015  138.653     8     9     3            10     2.3
  CHB018  勝浦          35.158  140.322     9     6     4            10     2.2
  NGN010  小諸          36.328  138.436     8    10     4            10     2.4
  NGN015  諏訪          36.045  138.112     8     8     4            10     2.7
  SZO013  清水          35.041  138.476     8     9     3            10     2.5
  IWTH22  東和          39.334  141.302     8     9     5            10     1.8
  SZO002  伊東          34.965  139.103     6     9     3            10     2.2
  KNG014  山北          35.361  139.083     8     9     3             9     2.3
  GNM015  下仁田        36.229  138.758     8     9     3             9     1.8
  YMN005  甲府          35.655  138.568     7     8     5             9     2.5
  NIG004  小木          37.821  138.280     8     8     2             9     2.2
  IWT002  久慈          40.182  141.764     9     9     3             9     2.7
  YMN010  須玉          35.792  138.410     7     7     4             9     2.3
  KNG003  横須賀        35.273  139.658     8     9     4             9     2.1
  AKT015  本荘          39.383  140.050     8     8     4             9     2.6
  IWT016  川井          39.600  141.679     8     7     3             9     2.0
  ISK002  正院          37.444  137.288     8     7     4             9     2.5
  GNMH09  高山          36.621  138.907     6     9     4             9     2.4
  SZOH35  伊東中        34.947  139.085     6     9     3             9     2.3
  SZO003  東伊豆        34.816  139.055     7     8     3             9     2.0
  NIG017  長岡          37.442  138.843     8     8     4             9     2.4
  AKTH16  西仙北        39.545  140.348     7     8     5             9     2.5
  AKT020  象潟          39.202  139.909     8     5     3             8     2.4
  NIGH18  妙高          36.943  138.259     7     7     2             8     2.2
  SZOH34  清水北        35.130  138.424     7     4     2             8     1.7
  AKTH03  矢島          39.222  140.128     7     7     5             8     2.7
  IWT001  種市          40.410  141.719     6     6     3             8     2.0
  SZO010  御殿場        35.309  138.935     8     6     4             8     2.5
  KNG005  鎌倉          35.319  139.546     8     5     4             8     2.3
  SZOH42  修善寺        34.976  138.913     8     6     3             8     2.2
  NIG003  佐和田        37.998  138.323     8     7     4             8     2.5
  AKTH18  大森          39.355  140.387     7     6     4             8     2.4
  AOM012  八戸          40.514  141.481     7     6     2             8     2.2
  NGN016  富士見        35.913  138.223     8     7     3             8     2.3
  NGNH17  佐久          36.142  138.550     6     7     3             8     1.6
  AKTH04  東成瀬        39.174  140.713     7     7     3             8     1.9
  IWTH12  九戸          40.153  141.424     5     7     2             8     1.8
  YMN003  富士吉田      35.465  138.813     7     7     3             8     2.2
  TKY008  岡田          34.785  139.391     7     7     4             7     1.9
  NGNH19  川上          35.974  138.584     6     7     3             7     2.0
  KNGH23  葉山          35.262  139.611     7     6     4             7     2.2
  NIGH13  牧            37.054  138.397     6     6     2             7     2.1
  KNG011  藤野          35.615  139.155     6     7     4             7     1.8
  AOM007  南通          41.226  141.396     6     7     2             7     2.2
  YMT004  温海          38.628  139.589     7     5     4             7     2.4
  NIG002  両津          38.075  138.440     6     6     3             7     2.4
  KNG012  秦野          35.379  139.205     6     7     3             7     2.2
  NIG026  新井          37.023  138.251     7     6     2             7     2.1
  IWTH16  雫石          39.644  140.946     7     5     4             7     2.3
  NIGH15  六日          37.053  138.995     7     4     4             7     1.8
  AOM021  十和田        40.615  141.208     7     5     3             7     2.3
  AOM011  三沢          40.680  141.367     5     6     3             7     2.3
  KNGH20  松田          35.366  139.126     5     6     4             6     2.0
  NGN008  上田          36.402  138.249     6     5     3             6     2.3
  AKT018  鳥海          39.194  140.190     5     5     3             6     2.3
  NIGH19  湯沢          36.811  138.785     6     5     3             6     1.7
  IWTH06  二戸西        40.261  141.171     5     4     2             6     2.0
  YMNH14  都留南        35.511  138.968     5     6     3             6     1.5
  MYGH02  鳴子          38.859  140.651     5     5     4             6     2.1
  AKT011  宮田          39.813  140.580     5     5     2             6     2.0
  IWTH11  一戸          40.081  141.191     5     6     3             6     2.2
  NGN001  飯山          36.851  138.366     5     5     3             6     2.1
  YMNH15  上九一色      35.532  138.605     3     6     2             6     1.5
  CHB027  勝浦北        35.181  140.266     5     4     3             6     2.2
  NGNH16  茅野          35.947  138.185     5     6     3             6     1.8
  SZO005  松崎          34.755  138.784     6     4     1             6     1.9
  NGN002  信濃          36.807  138.207     6     5     3             6     2.2
  AKT013  協和          39.607  140.321     4     6     3             6     2.2
  CHB021  白浜          34.908  139.898     3     5     2             6     1.7
  AKT019  雄勝          39.038  140.451     5     5     4             6     2.0
  AKTH17  中仙          39.557  140.612     5     5     2             5     2.1
  AKTH05  鳥海          39.072  140.319     4     5     2             5     1.8
  KNGH21  清川          35.463  139.215     4     5     3             5     1.7
  IWTH03  岩泉          39.802  141.652     4     5     3             5     1.4
  AOM014  子ノ口        40.437  140.941     5     5     2             5     2.2
  IWT018  盛岡          39.695  141.148     5     5     2             5     1.5
  AKTH01  西木北        39.815  140.579     3     4     2             5     2.0
  IWT025  大志田        39.517  140.830     4     5     1             5     1.5
  YMN006  本栖          35.468  138.607     4     5     2             5     1.9
  CHBH17  勝浦東        35.171  140.340     5     5     3             5     1.9
  AKT017  横手          39.297  140.563     5     3     3             5     2.2
  NGN007  杭瀬下        36.534  138.119     4     5     2             5     1.8
  SZOH37  芝川          35.203  138.566     5     3     1             5     1.4
  AOM010  野辺地        40.872  141.142     5     4     3             5     2.0
  IWT022  安代          40.101  141.052     5     4     2             5     1.8
  IWT024  二戸          40.263  141.290     5     4     2             5     1.8
  IWTH17  川井北        39.644  141.598     4     5     2             5     1.4
  YMNH12  増穂          35.562  138.449     3     5     3             5     1.7
  AOMH17  名川          40.449  141.337     5     3     3             5     1.8
  NGNH24  松川          35.615  137.880     3     4     3             5     1.7
  AOMH12  十和田湖東    40.585  141.155     4     4     3             5     2.0
  NIG001  岩谷口        38.258  138.434     4     4     2             5     1.8
  IWT015  川尻          39.318  140.779     4     3     2             5     1.6
  ISK005  穴水          37.231  136.904     2     5     1             5     1.9
  AOMH05  野辺地        40.856  141.103     4     4     1             5     1.6
  CHB025  千倉          34.971  139.946     4     4     3             5     1.9
  SZO008  沼津          35.096  138.866     4     4     2             5     1.9
  NGNH29  野沢温泉      36.910  138.441     4     4     2             5     1.8
  SZO028  川奈          34.952  139.138     3     3     1             5     1.4
  AKTH13  阿仁          39.982  140.407     4     3     1             4     1.1
  NIG005  松ヶ崎        37.920  138.498     3     4     1             4     1.6
  NGNH03  阿智2         35.479  137.735     4     4     2             4     1.6
  YMNH16  甲府2         35.742  138.565     4     3     2             4     1.5
  IWT023  葛巻          40.037  141.450     3     4     3             4     1.6
  AKTH12  五城目        39.916  140.222     3     4     2             4     1.8
  SZO001  熱海          35.142  139.079     3     4     1             4     1.0
  AKT012  田沢湖        39.699  140.718     3     3     1             4     1.8
  SZO018  榛原          34.740  138.224     4     4     2             4     1.9
  AOM028  八甲田        40.700  140.919     4     4     2             4     1.9
  NGNH21  伊那          35.831  137.924     4     2     2             4     1.7
  TYM002  氷見          36.866  136.975     2     4     1             4     2.1
  YMNH10  早川北        35.535  138.309     4     3     1             4     1.3
  AKT002  大館          40.268  140.566     4     3     1             4     1.9
  NGN024  飯田          35.523  137.837     3     4     2             4     1.7
  AKT005  能代          40.203  140.029     3     4     1             4     2.0
  TKY010  新島          34.378  139.257     4     2     1             4     1.5
  AOM005  むつ          41.295  141.197     3     3     2             4     1.9
  AKT023  椿台          39.146  140.717     4     3     2             4     1.8
  NGNH28  戸隠          36.708  138.096     3     3     2             4     1.9
  NGNH18  開田          35.932  137.595     4     3     1             4     1.5
  AKT010  秋田          39.722  140.100     4     3     2             4     1.9
  NGN022  南木曽        35.608  137.613     3     3     2             4     1.7
  AOM020  青森          40.819  140.750     4     4     1             4     2.0
  NGNH27  信州新        36.577  138.048     4     3     2             4     1.8
  AKT022  玉川          39.774  140.667     3     3     2             4     1.5
  SZO012  蒲原          35.127  138.621     3     3     1             4     1.5
  AOM008  横浜          41.084  141.255     3     3     2             4     1.8
  AICH13  清洲          35.218  136.851     2     4     1             4     1.7
  NGNH23  南木曽        35.606  137.611     3     3     1             4     1.6
  AKTH02  西木南        39.663  140.572     3     3     2             4     1.7
  IWTH13  葛巻          39.940  141.549     3     4     2             4     1.8
  IWTH09  久慈南        40.086  141.712     2     4     2             4     1.5
  AKT009  男鹿          39.888  139.847     2     3     1             4     1.7
  GIF018  中津川        35.489  137.500     2     3     2             3     1.7
  GIFH28  中津川        35.457  137.471     2     3     1             3     1.7
  NGN021  駒ヶ根        35.730  137.934     3     3     2             3     1.5
  SZO016  焼津          34.857  138.311     3     3     1             3     1.9
  AIC009  豊田          35.081  137.146     2     3     1             3     1.7
  AKT014  角館          39.595  140.555     3     3     1             3     1.5
  AOM019  五所川原      40.815  140.447     3     3     1             3     1.9
  IWTH07  軽米          40.270  141.571     3     3     2             3     1.6
  AIC003  津島          35.173  136.740     3     3     1             3     1.8
  TKY009  波浮港        34.687  139.441     2     3     2             3     1.5
  NGNH33  生坂          36.460  137.964     3     3     2             3     1.4
  AOM013  南部          40.412  141.280     2     3     1             3     1.5
  SZOH38  函南          35.085  138.978     3     2     2             3     1.4
  AKT007  琴丘          40.046  140.081     2     3     1             3     1.6
  YMN008  早川          35.432  138.332     3     2     1             3     1.2
  AKTH09  田代          40.276  140.460     2     3     1             3     1.6
  GIFH09  羽島          35.277  136.700     3     2     1             3     1.7
  NGN004  長野          36.649  138.194     3     2     3             3     1.6
  KNGH19  山北中        35.417  139.044     3     2     1             3     1.4
  NGNH13  喬木          35.514  137.877     3     2     1             3     1.4
  AOMH06  六ヶ所        40.966  141.374     3     2     2             3     1.7
  AKTH14  鹿角          40.062  140.808     3     2     1             3     1.2
  NIG027  糸魚川        37.023  137.862     3     3     1             3     1.6
  AOMH04  青森          40.852  140.676     3     3     1             3     1.7
  YMNH09  早川          35.433  138.333     3     2     1             3     1.2
  CHBH15  館山西        34.959  139.788     3     3     2             3     1.6
  AIC010  作手          34.976  137.424     3     3     1             3     1.4
  AOM009  六ヶ所        40.967  141.373     3     2     2             3     1.7
  NIGH17  妙高高原      36.857  138.097     3     3     2             3     1.7
  NGN025  天龍          35.281  137.857     3     2     1             3     1.3
  SZO014  静岡          34.965  138.374     2     2     1             3     1.5
  NGNH32  松本          36.258  137.990     2     3     1             3     1.1
  HKD160  函館          41.770  140.738     2     3     1             3     1.6
  SZO009  裾野          35.197  138.913     3     3     1             3     1.5
  YMN007  南部          35.279  138.465     2     2     1             3     1.3
  NGN003  山ノ内        36.740  138.413     2     2     1             3     0.8
  SZO023  天竜          34.874  137.816     3     2     1             3     1.3
  NGN023  大鹿          35.579  138.034     2     2     1             3     0.9
  SZOH28  浜松          34.668  137.744     3     2     1             3     1.5
  ISK007  七尾          37.043  136.968     3     2     1             3     1.6
  AKTH10  大館          40.300  140.581     2     2     1             3     1.5
  AICH17  豊根          35.184  137.727     2     2     1             3     0.9
  ISKH03  内浦          37.346  137.244     2     2     1             3     1.3
  SZOH39  西伊豆西      34.799  138.772     2     2     1             3     1.0
  NGN017  楢川          35.975  137.826     2     3     1             3     1.2
  AIC001  尾西          35.298  136.750     2     2     1             3     1.5
  CHBH20  鴨川南        35.088  140.100     2     2     2             2     1.5
  AOM016  弘前          40.602  140.499     2     2     1             2     1.5
  AIC015  豊橋          34.755  137.405     2     2     1             2     1.5
  AICH16  設楽          35.154  137.535     2     2     1             2     1.2
  SZO025  湖西          34.719  137.531     2     2     1             2     1.5
  NGN006  大町          36.509  137.851     2     2     1             2     1.6
  HKD158  椴法華        41.834  141.141     2     2     1             2     1.4
  AKT003  藤里          40.278  140.263     2     2     1             2     1.5
  NGN020  伊那          35.828  137.953     2     2     2             2     1.5
  NGN011  長門          36.256  138.267     2     2     1             2     1.1
  IWTH10  安代          40.139  140.953     2     1     1             2     1.0
  AICH12  幡豆          34.788  137.106     2     2     1             2     1.3
  ISKH01  珠洲          37.527  137.284     2     2     1             2     1.4
  SZO024  浜松          34.710  137.720     2     2     1             2     1.5
  AOM025  今別          41.179  140.480     2     2     1             2     1.5
  SZO015  梅ヶ島        35.243  138.341     1     2     1             2     0.9
  YMN011  芦安          35.638  138.383     2     2     1             2     1.2
  GIF023  土岐          35.388  137.216     2     2     1             2     1.1
  NGN009  穂高          36.338  137.869     2     2     1             2     1.4
  AICH09  豊橋          34.664  137.390     2     2     1             2     1.4
  AOM015  碇ヶ関        40.474  140.631     2     1     1             2     1.4
  SZO017  浜岡          34.637  138.128     2     2     1             2     1.3
  AOMH09  岩木          40.620  140.350     2     2     1             2     1.2
  NGN005  白馬          36.698  137.854     1     1     1             2     1.1
  NGNH31  塩尻          36.118  137.939     2     2     1             2     1.0
  AOM023  中里          40.968  140.433     2     2     1             2     1.2
  AOMH08  鰺ヶ沢        40.762  140.312     2     2     1             2     1.4
  NGNH22  長谷          35.795  138.082     2     2     1             2     1.0
  GIF010  下呂          35.803  137.245     2     1     1             2     1.1
  NGN012  松本          36.256  137.978     2     2     1             2     1.2
  GIF014  付知          35.658  137.426     2     2     1             2     1.2
  AKTH15  協和          39.688  140.407     1     2     1             2     1.2
  AIC004  名古屋        35.063  136.974     2     2     1             2     1.3
  AOMH11  十和田湖西    40.580  140.995     2     2     1             2     0.9
  NGNH10  木祖          35.963  137.767     2     1     1             2     1.2
  SZO027  西伊豆        34.790  138.801     2     2     1             2     0.8
  GIFH26  各務原        35.412  136.876     2     1     1             2     1.0
  AKT021  阿仁          39.995  140.403     2     2     1             2     1.1
  AKTH08  藤里          40.319  140.234     2     2     1             2     1.2
  AOMH03  川内          41.234  140.990     2     2     1             2     1.4
  NIGH16  糸魚川        36.938  137.848     1     2     1             2    <0.5
  OSMH02  上磯          41.837  140.633     2     1     1             2     1.4
  MIE003  四日市        34.970  136.636     2     2     1             2     1.3
  YMNH13  身延          35.351  138.420     2     2     1             2     1.1
  NGN018  王滝          35.813  137.530     2     2     1             2     0.8
  NGNH54  飯田          35.449  138.006     1     2     1             2     1.0
  AOM018  鯵ヶ沢        40.778  140.198     1     2     0             2     1.3
  HDKH06  静内          42.350  142.357     2     1     1             2     1.0
  NGNH07  中野          36.743  138.376     2     2     1             2     1.1
  AOM027  脇野沢        41.145  140.822     1     2     1             2     1.0
  OSMH01  知内          41.598  140.421     2     1     1             2     1.3
  SZOH33  静岡南        35.015  138.353     2     1     1             2     1.0
  GIFH20  下呂北        35.799  137.253     1     2     1             2     1.0
  SZO021  本川根        35.097  138.133     2     1     1             2     0.9
  SZO022  佐久間        35.092  137.814     2     1     1             2     0.8
  NGNH14  平谷          35.309  137.626     1     1     1             2     0.8
  ISK004  能都          37.308  137.147     1     2     0             2     0.9
  NGN019  木曽福島      35.856  137.708     1     1     1             2     0.7
  NGNH20  上松          35.787  137.717     1     1     1             2     0.7
  TKY029  三宅          34.075  139.479     1     1     0             2     0.8
  KSRH03  標茶北        43.385  144.628     1     1     1             2    <0.5
  SZO007  修善寺        34.977  138.947     1     1     1             2     0.7
  GIF019  恵那          35.450  137.404     1     1     1             2     1.0
  AKTH07  小坂          40.456  140.839     1     1     1             2     1.1
  SZO004  南伊豆        34.647  138.819     2     1     1             2     1.0
  NGNH30  奈川          36.064  137.685     1     1     1             2     0.7
  AIC012  安城          34.912  137.045     1     1     1             2     1.0
  AIC017  田原          34.673  137.261     1     1     0             2     0.9
  NGNH34  大町中        36.533  137.820     1     1     1             2     1.0
  NGNH25  南信濃        35.299  137.927     1     1     1             1     0.8
  SZOH25  新居          34.691  137.560     1     1     1             1     1.2
  IKRH02  新篠津        43.220  141.652     1     1     0             1     1.1
  NAR002  奈良          34.668  135.835     1     1     1             1     1.1
  AOM029  西目屋        40.576  140.297     1     1     1             1     1.1
  GIF021  美濃加茂      35.443  137.000     1     1     1             1     0.8
  ISK003  輪島          37.392  136.908     1     1     1             1     1.1
  IKRH03  千歳          42.888  141.640     1     1     1             1     1.1
  KYTH07  久御山        34.898  135.746     1     1     1             1     0.9
  MIEH10  芸濃          34.822  136.424     1     1     0             1     0.7
  AOMH14  西目屋        40.549  140.273     1     1     1             1     0.7
  KSRH07  鶴居南        43.136  144.327     1     1     0             1    <0.5
  AOMH10  黒石          40.609  140.665     1     1     1             1     1.0
  HKD159  戸井          41.716  141.002     1     1     0             1    <0.5
  AOMH15  大鰐          40.484  140.556     1     1     1             1     0.9
  SZOH40  河津          34.783  138.970     1     1     1             1     0.6
  SZOH32  龍山東        35.009  137.841     1     1     0             1     0.6
  TYMH06  八尾          36.571  137.160     1     1     1             1     0.9
  NGNH35  穂高          36.382  137.820     1     1     1             1     0.6
  FKIH04  三方          35.559  135.869     1     1     0             1     0.8
  NMRH04  別海東        43.398  145.122     1     1     0             1    <0.5
  NMRH05  別海西        43.390  144.802     1     1     0             1    <0.5
  AOMH01  大間          41.527  140.913     1     1     1             1     1.0
  KSRH09  白糠南        42.986  143.984     1     1     0             1     0.5
  AOM022  東田沢        40.992  140.916     1     1     1             1     0.8
  FKI003  福井          36.044  136.228     1     1     0             1     1.0
  GIFH15  高山          36.134  137.221     1     1     1             1     0.7
  SZOH41  南伊豆        34.675  138.834     1     1     1             1     0.7
  TKCH08  大樹          42.486  143.152     1     1     0             1    <0.5
  AICH21  南知多        34.740  136.939     1     1     0             1     0.7
  AICH22  豊橋北        34.785  137.439     1     1     1             1     0.7
  NMRH02  標津南        43.677  144.962     1     1     0             1    <0.5
  AICH06  渥美          34.616  137.042     1     1     1             1     0.8
  GIFH03  根尾          35.633  136.613     1     1     1             1     0.7
  OSKH05  大阪          34.716  135.520     1     1     1             1     0.8
  SZOH30  水窪北        35.223  137.918     1     1     1             1     0.5
  TYMH04  魚津          36.791  137.469     1     1     1             1     0.8
  SZOH31  川根          34.940  138.077     1     1     1             1     0.6
  GIFH27  美濃加茂      35.453  137.004     1     1     0             1     0.6
  SRCH09  栗山          43.059  141.806     1     1     0             1     0.7
  GIFH24  東白川        35.640  137.319     1     1     1             1    <0.5
  NMRH03  中標津        43.551  144.966     1     1     0             1    <0.5
  ISKH05  穴水          37.222  136.969     1     1     0             1    <0.5
  AICH15  足助          35.139  137.336     1     1     1             1    <0.5
  SBSH07  真狩          42.763  140.808     1     1     1             1     0.7
  SZOH36  藤枝          34.914  138.201     1     1     1             1     0.5
  KSRH01  阿寒北        43.436  144.084     1     1     0             1     0.7
  AICH07  旭            35.219  137.404     1     1     1             1     0.6
  AOMH07  深浦          40.745  140.023     1     1     0             1     0.7
  SBSH03  赤井川        43.084  140.820     1     1     0             1     0.6
  KSRH06  鶴居東        43.220  144.429     1     1     0             1    <0.5
  GIFH11  八百津        35.486  137.246     1     1     1             1    <0.5
  GIFH18  馬瀬          35.899  137.149     1     1     0             1    <0.5
  HDKH07  様似          42.133  142.916     1     1     0             1     0.5
  IBUH05  白老          42.563  141.350     1     1     0             1     0.5
  KSRH05  鶴居西        43.256  144.234     1     1     0             1    <0.5
  ISKH07  金沢          36.515  136.636     1     1     0             1    <0.5
  IBUH01  追分          42.874  141.819     1     1     0             1    <0.5
  MIEH01  四日市        34.985  136.456     1     1     0             1    <0.5
  SZOH53  掛川3         34.877  138.017     1     1     0             1    <0.5
  GIFH06  高富          35.504  136.794     1     1     1             1    <0.5
  HDKH03  門別東        42.593  142.352     0     1     0             1    <0.5
  GIFH25  谷汲          35.521  136.613     1     0     0             1    <0.5
  TKCH03  足寄西        43.271  143.432     1     0     0             1    <0.5
  SBSH06  蘭越          42.831  140.483     1     1     0             1    <0.5
  GIFH19  朝日南        36.022  137.391     1     0     1             1    <0.5
  AICH19  作手          34.951  137.411     1     0     0             1    <0.5
  AICH20  新城          34.898  137.488     0     1     0             1    <0.5
  GIFH21  美並          35.666  136.962     1     1     0             1    <0.5
  AICH11  春日井        35.306  137.057     0     1     0             1    <0.5
  SRCH08  砂川          43.514  141.909     0     0     0             1    <0.5
  IBUH07  大滝          42.648  141.064     0     1     0             1    <0.5
  GIFH22  金山          35.668  137.105     1     0     0             1    <0.5
  HDKH01  平取西        42.703  142.230     1     0     0             1    <0.5
  GIFH17  高鷲          35.951  136.873     1     1     0             1    <0.5
  GIFH08  大和          35.832  136.962     1     0     0             1    <0.5
  SZOH24  引佐          34.834  137.662     1     0     0             1    <0.5
  KKWH08  占冠          43.041  142.656     1     0     0             1    <0.5
  GIFH16  朝日北        36.094  137.344     1     0     0             1    <0.5
  TKCH04  新得南        43.174  142.918     0     1     0             1    <0.5
  ABSH13  留辺蘂        43.742  143.451     1     0     0             1    <0.5
  GIFH23  板取          35.724  136.785     0     0     0             1    <0.5
  ABSH12  小清水        43.857  144.457     0     0     0             1    <0.5
  GIFH13  白川          36.274  136.898     1     0     0             1    <0.5
  KSRH08  白糠北        43.160  143.894     0     0     0             1    <0.5
  TKCH11  清水          42.874  142.883     0     0     0             1    <0.5
  TKCH02  足寄東        43.382  143.898     0     0     0             1    <0.5
  SRCH04  沼田          43.820  141.940     0     0     0             0    <0.5
  GIFH14  上宝          36.249  137.517     0     0     0             0    <0.5
  GIFH10  神岡          36.378  137.372     0     0     0             0    <0.5
  GIFH12  坂内          35.603  136.413     0     0     0             0    <0.5
  TKCH01  陸別          43.468  143.683     0     0     0             0    <0.5
  NMRH01  標津北        43.785  145.025     0     0     0             0    <0.5
  HYMH02  厚沢部        41.986  140.309     0     0     0             0    <0.5
  MIEH08  松阪          34.542  136.503     0     0     0             0    <0.5
  ABSH07  白滝          43.849  143.086     0     0     0             0    <0.5
  ABSH06  湧別北        44.215  143.620     0     0     0             0    <0.5
  TYMH07  利賀          36.441  137.039     0     0     0             0    <0.5
  MIEH02  大山田        34.766  136.284     0     0     0             0    <0.5
  KKWH04  名寄          44.438  142.406     0     0     0             0    <0.5
  SRCH07  三笠          43.230  141.898     0     0     0             0    <0.5
  ABSH11  女満別        43.914  144.191     0     0     0             0    <0.5
  MIEH07  志摩          34.254  136.822     0     0     0             0    <0.5
  SRCH10  夕張          42.993  142.008     0     0     0             0    <0.5
  NARH07  天理          34.584  135.854     0     0     0             0    <0.5
  SIGH04  日野          34.964  136.261     0     0     0             0    <0.5
  ABSH15  置戸東        43.635  143.510     0     0     0             0    <0.5
  NARH06  山添          34.641  136.051     0     0     0             0    <0.5
  RMIH02  天塩          44.895  141.925     0     0     0             0    <0.5
  RMIH03  遠別          44.636  141.819     0     0     0             0    <0.5
  KYTH02  伊根          35.710  135.250     0     0     0             0    <0.5
  MIEH06  宮川          34.358  136.329     0     0     0             0    <0.5
  OSKH04  交野          34.763  135.705     0     0     0             0    <0.5
  SBSH10  島牧          42.780  140.156     0     0     0             0    <0.5
  KKWH13  美瑛西        43.511  142.391     0     0     0             0    <0.5
  ISKH09  尾口          36.267  136.717     0     0     0             0    <0.5
  MIEH04  度会          34.353  136.587     0     0     0             0    <0.5
  HYMH01  北檜山        42.485  139.968     0     0     0             0    <0.5
  HDKH05  新冠          42.598  142.545     0     0     0             0    <0.5
  SBSH02  泊            43.053  140.502     0     0     0             0    <0.5
  NARH03  川上          34.292  136.002     0     0     0             0    <0.5
  RMIH04  小平東        44.097  141.962     0     0     0             0    <0.5
  KKWH12  美瑛東        43.504  142.601     0     0     0             0    <0.5
  HYGH11  山東          35.292  134.907     0     0     0             0    <0.5
  MIEH09  紀宝          33.764  135.997     0     0     0             0    <0.5
  TKCH10  新得北        43.334  142.945     0     0     0             0    <0.5
  KYTH04  美山          35.269  135.551     0     0     0             0    <0.5
  NARH04  黒滝          34.306  135.837     0     0     0             0    <0.5
  HYGH03  波賀          35.219  134.524     0     0     0             0    <0.5
  MIEH05  尾鷲          34.064  136.169     0     0     0             0    <0.5
  SBSH01  古平          43.234  140.623     0     0     0             0    <0.5
  RMIH01  幌延          45.017  142.079     0     0     0             0    <0.5
  TTRH06  河原          35.395  134.199     0     0     0             0    <0.5
  HYGH07  夢前          35.032  134.670     0     0     0             0    <0.5