最大加速度リスト

地震発生時刻   2011/04/22-01:11:00.00
震央北緯       37.5°
震央東経       141.5°
震源深さ       48.0km
マグニチュード M5.6

  コード  観測点名      緯度    経度     最大加速度 (ガル) 三成分合成値 計測震度
　　　　　 　　         北緯    東経      N-S   E-W   U-D        (ガル)         
  FKS005  原町          37.639  140.985   194   156    46           201     4.2
  FKS006  葛尾          37.503  140.759   148   117    26           156     4.3
  FKS008  船引          37.436  140.567   143    94    47           152     3.4
  FKS001  相馬          37.795  140.920   144   123    89           151     4.0
  FKSH18  三春          37.489  140.538   133    57    34           134     3.9
  FKS004  飯舘          37.680  140.735   106   117    52           125     3.5
  MYGH10  山元          37.941  140.892   109    95    36           122     3.7
  FKS019  二本松        37.603  140.437    81    92    47           113     3.6
  FKSH12  平田          37.217  140.570    95    49    36            98     3.6
  FKS016  白河          37.123  140.191    88    66    24            98     3.6
  FKS002  梁川          37.845  140.601    66    95    19            95     3.3
  FKSH19  都路          37.470  140.723    80    82    24            91     3.5
  MYG017  角田          37.976  140.782    41    77    29            86     3.5
  FKSH17  川俣          37.664  140.597    48    69    23            85     3.4
  FKS010  広野          37.234  141.002    79    77    25            82     3.5
  FKS013  古殿          37.090  140.556    78    30    19            80     3.1
  MYG015  岩沼          38.105  140.870    66    72    21            78     3.8
  FKS003  福島          37.761  140.480    54    66    22            77     2.9
  FKSH09  郡山          37.353  140.426    47    63    15            77     2.7
  TCG009  今市          36.726  139.715    40    64    12            69     3.5
  TCG014  茂木          36.545  140.174    55    58    11            67     3.5
  FKS031  川内          37.336  140.813    64    49    24            66     3.2
  FKS009  小野          37.278  140.635    56    56    24            65     3.1
  IBR003  日立          36.592  140.645    63    48    21            64     3.0
  FKS011  いわき        37.091  140.904    60    39    28            64     3.2
  IBRH12  大子          36.837  140.318    57    38    13            62     3.1
  MYG012  塩竈          38.318  141.019    50    35    29            61     3.2
  FKS018  郡山          37.396  140.362    55    48    23            58     3.6
  MYG016  白石          38.008  140.621    37    55    20            57     3.2
  YMTH04  上山          38.081  140.298    34    51    14            55     2.6
  FKSH14  いわき東      37.026  140.970    38    45    17            53     3.7
  FKSH08  長沼          37.282  140.214    39    47    16            53     3.0
  IBR013  鉾田          36.159  140.489    42    38    24            52     3.0
  IBRH16  山方          36.641  140.398    46    42    18            50     3.0
  FKSH11  矢吹          37.201  140.339    41    37    18            45     3.1
  FKS012  勿来          36.907  140.793    43    22    13            45     2.9
  FKS024  中野          37.396  140.132    37    38    20            45     3.3
  IBRH11  岩瀬          36.370  140.140    44    29    14            44     3.1
  FKS017  須賀川        37.284  140.369    42    29    21            44     3.4
  FKSH10  西郷          37.162  140.093    35    29    23            42     2.9
  MYGH08  岩沼          38.113  140.844    27    36    17            42     2.8
  MYGH09  白石          38.009  140.603    23    36    32            40     3.0
  IBR004  大宮          36.552  140.410    37    27     9            40     2.6
  IBRH13  高萩          36.795  140.575    35    28    23            37     2.8
  IBRH15  御前山        36.557  140.301    30    28     7            37     2.4
  IBR019  北茨城        36.881  140.654    35    32    19            36     2.7
  TCGH13  馬頭          36.734  140.178    27    32    13            34     2.8
  TCGH16  芳賀          36.548  140.075    33    24     6            33     2.9
  IBR001  大子          36.776  140.357    27    29    15            33     3.0
  IBR005  笠間          36.385  140.237    28    23    14            31     2.8
  MYG013  仙台          38.266  140.929    22    28    11            29     2.7
  IBR007  那珂湊        36.352  140.595    28    21    10            29     2.5
  FKS020  猪苗代        37.547  140.108    17    27     7            28     2.6
  IBRH14  十王          36.692  140.548    26    23    13            28     1.9
  IBR002  高萩          36.706  140.707    28    19    10            28     2.7
  MYG004  築館          38.729  141.022    24    16     6            28     2.3
  MYG002  歌津          38.726  141.511    27    26     7            27     2.2
  IWT012  北上          39.321  141.138    26    21     6            27     2.7
  YMT015  米沢          37.904  140.100    13    22     5            25     2.5
  MYG003  東和          38.735  141.311    24    20     6            25     2.1
  FKS023  会津若松      37.477  139.929    21    23     7            25     2.9
  YMTH06  高畠          37.963  140.184    15    24     9            24     2.5
  IBR006  水戸          36.369  140.453    24    22    15            24     2.4
  FKS015  棚倉          37.022  140.377    19    22     9            24     2.7
  MYG014  作並          38.318  140.636    18    21    10            24     2.6
  IBR017  江戸崎        35.954  140.319    18    18     7            22     2.1
  MYG011  牡鹿          38.305  141.504    17    22     8            22     2.1
  IWTH05  藤沢          38.865  141.351    17    16     7            20     2.0
  IBRH17  霞ヶ浦        36.086  140.314    18    17     8            20     2.2
  IWT009  大東          39.019  141.403    16    19     5            20     1.8
  FKSH16  福島          37.764  140.377    17    17     5            20     2.0
  TCGH10  大田原        36.858  140.023    17    15     9            20     2.4
  TCGH12  氏家          36.696  139.984    18    19     7            19     2.3
  IBR014  土浦          36.073  140.195    16    17     7            18     2.3
  MYGH04  東和          38.786  141.325    14    15     4            18     1.6
  FKS014  矢祭          36.868  140.430    13    15     6            18     2.0
  TCG006  小川          36.764  140.130    16    15     8            18     2.6
  IWT007  釜石          39.270  141.856    10    16     4            18     1.8
  IBRH18  ひたちなか    36.363  140.620    13    15     9            17     2.2
  IWTH27  陸前高田      39.031  141.532    17    15     7            17     2.0
  CHB003  白井          35.794  140.056    15    15     6            16     2.4
  TCGH11  今市          36.708  139.769    12    15     7            16     2.2
  IBR016  取手          35.911  140.049    14    14     8            16     2.2
  MYG007  豊里          38.588  141.251    16    12    10            16     2.1
  TCGH14  粟野          36.551  139.615    14    14     3            16     1.7
  IBRH21  つくば南      35.981  140.105    15    14    10            15     2.2
  MYG010  石巻          38.428  141.281    14    15     6            15     2.4
  IWTH26  一関東        38.969  141.001    15    12     7            15     1.9
  MYGH05  小野田        38.579  140.780    14    12     6            15     1.9
  CHB007  佐倉          35.723  140.227    14    12     5            14     2.2
  MYG009  大和          38.447  140.887    10    14     8            14     2.2
  TCG008  鹿沼          36.560  139.768    14    14     8            14     2.3
  FKSH04  会津高田      37.451  139.813    13    13     4            14     2.1
  IBR015  岩井          36.069  139.908    14    11     7            14     2.2
  IBR012  石岡          36.190  140.287    10    13     6            14     2.2
  FKS025  下郷          37.308  139.900    13    11     8            14     1.8
  SITH11  飯能          35.864  139.273    13    10     4            14     2.2
  TCG005  矢板          36.806  139.926    11    11     3            14     2.0
  IBR011  つくば        36.125  140.090    11    13     5            14     2.1
  TCG013  真岡          36.437  140.023     9    13     6            14     1.8
  YMTH07  米沢          37.896  140.028    11    11     6            13     2.2
  MYG001  気仙沼        38.901  141.568    13    10     5            13     2.0
  IBR018  鹿嶋          35.977  140.632    12    12     5            13     2.0
  MYGH03  唐桑          38.921  141.638     6    13     5            13     1.0
  IWT026  相去          39.257  141.098    12    11     5            12     1.9
  IBR008  下館          36.306  139.983    12    11     4            12     1.8
  IWTH02  玉山          39.825  141.383     9    12     2            12     2.0
  KNGH10  横浜          35.499  139.519     9     9     3            12     2.3
  IBRH10  石下          36.111  139.989    11    10     7            12     2.2
  IWTH04  住田          39.181  141.391     9    10     6            12     2.0
  YMT011  上山          38.150  140.267    11     9     4            11     2.0
  MYG006  古川          38.580  140.965    10    10     5            11     2.2
  TCG002  塩原          36.990  139.803     4    11     2            11     1.7
  MYG005  鳴子          38.799  140.651    11     7     4            11     1.7
  CHB001  野田          35.959  139.873    10    10     4            11     2.0
  IBR010  下妻          36.184  139.965    11    10     5            11     2.0
  TCG001  黒磯          36.942  140.083     9     9     6            11     2.1
  CHBH13  成田          35.831  140.298     9     9     5            10     2.0
  CHB028  市川北        35.766  139.966     7     8     7            10     1.7
  CHB004  佐原          35.901  140.490     8     9     5             9     1.8
  YMTH03  南陽          38.103  140.155     7     8     3             9     1.5
  SITH06  川本          36.113  139.289     7     9     3             9     1.6
  GNM009  桐生          36.411  139.325     7     8     4             9     1.6
  TCG012  小山          36.286  139.805     8     8     4             9     1.9
  IWTH23  釜石          39.274  141.823     8     7     3             9     1.0
  YMT007  東根          38.431  140.391     8     8     4             9     1.8
  CHB002  松戸          35.787  139.903     8     6     3             8     1.5
  IWTH22  東和          39.334  141.302     8     8     5             8     1.3
  IBRH07  江戸崎        35.952  140.330     8     5     5             8     2.1
  IWTH28  一関西2       39.009  140.864     8     7     5             8     1.5
  GNM011  太田          36.291  139.361     6     8     3             8     1.8
  TCG015  芹沼          36.749  139.714     7     7     4             8     1.7
  IWTH21  山田          39.473  141.934     7     7     3             8     1.5
  CHB006  成田          35.780  140.307     7     7     5             8     1.7
  GNMH12  神流          36.144  138.913     8     6     4             8     1.7
  AKTH06  雄勝          38.980  140.495     8     6     1             8     1.5
  YMT006  尾花沢        38.600  140.405     7     6     2             8     1.9
  IWT013  遠野          39.337  141.538     8     6     3             8     1.5
  SIT004  長瀞          36.118  139.105     5     8     2             8     1.1
  CHBH04  下総          35.797  140.021     6     7     3             8     1.6
  YMTH02  山形          38.269  140.258     8     6     3             8     1.7
  IWTH20  花巻南        39.343  141.047     7     6     2             8     1.6
  TCG011  葛生          36.387  139.614     6     6     3             8     1.3
  TKY027  瑞江          35.693  139.891     7     6     3             8     1.7
  TCG003  藤原          36.814  139.715     7     6     3             8     1.5
  YMT010  山形          38.260  140.349     7     6     3             8     1.3
  IWT017  門馬          39.634  141.438     8     5     2             8     1.3
  SIT008  春日部        35.974  139.753     7     6     3             8     2.0
  KNG206  平塚ST6       35.097  139.378     6     7     1             7     2.2
  IWTH14  田老          39.743  141.909     6     5     3             7     1.0
  YMTH01  天童          38.384  140.381     6     5     2             7     1.6
  FKSH03  高郷          37.608  139.753     7     3     3             7     1.6
  AKTH04  東成瀬        39.174  140.713     7     7     2             7     1.7
  SIT007  東松山        36.054  139.391     5     6     2             7     1.4
  IWT010  一関          38.933  141.117     7     6     4             7     1.4
  YMT014  下屋地        37.921  139.870     4     7     2             7     1.2
  TCGH06  真岡          36.446  139.951     7     6     2             7     1.5
  SITH01  岩槻          35.929  139.735     6     6     3             7     1.9
  CHB012  東金          35.573  140.333     6     6     4             7     1.6
  SITH10  都幾川        35.996  139.219     6     6     2             7     1.3
  SIT003  久喜          36.072  139.697     6     6     4             7     1.9
  YMT012  長井          38.107  140.043     4     6     3             6     1.3
  TKY021  猿江          35.688  139.819     6     6     2             6     1.7
  YMT008  中村          38.386  139.992     5     4     6             6     1.5
  YMT013  小国          38.062  139.757     4     6     2             6     1.3
  IWT014  石鳥谷        39.484  141.147     5     6     2             6     1.6
  CHB010  八日市場      35.708  140.568     5     6     2             6     1.4
  SIT009  川越          35.903  139.483     6     5     2             6     1.4
  TCG007  宇都宮        36.569  139.886     4     6     3             6     1.5
  YMTH14  西川西        38.386  139.992     5     4     6             6     1.5
  SIT010  大宮          35.907  139.648     6     4     2             6     1.9
  FKS026  南郷          37.266  139.539     5     5     2             6     1.3
  TKY003  青梅          35.797  139.291     5     5     2             6     1.7
  IWT021  西根          39.920  141.082     5     5     2             6     1.4
  TCG016  北高岡        36.529  140.156     5     5     3             6     1.2
  TKY017  辰巳          35.647  139.809     5     4     4             6     1.7
  IWTH01  二戸東        40.238  141.342     3     5     1             6     1.4
  CHB024  稲毛          35.633  140.078     5     5     3             6     1.6
  SIT011  川口          35.810  139.721     5     5     2             6     1.7
  SIT006  秩父          35.995  139.071     4     4     1             6     1.2
  YMT005  肘折          38.607  140.162     3     4     6             6     1.3
  IWT020  藪川          39.784  141.329     4     5     3             6     1.8
  TKY007  新宿          35.711  139.686     5     5     2             6     1.4
  FKS027  滝原          37.070  139.681     5     3     1             6     0.5
  CHB008  浦安          35.654  139.902     4     5     3             6     1.6
  KNG205  平塚ST5       34.941  139.421     4     5     1             6     1.5
  IWTH18  川井南        39.463  141.678     5     5     3             6     0.9
  IWTH24  金ヶ崎        39.198  141.012     4     5     3             5     1.3
  TKY022  横網          35.687  139.796     5     4     4             5     1.7
  FKS022  西会津        37.600  139.647     5     4     3             5     1.6
  IBRH19  つくば        36.214  140.089     5     5     3             5     1.1
  GNM010  館林          36.234  139.533     5     4     3             5     1.5
  TKY025  篠崎          35.714  139.897     3     5     2             5     1.4
  KNG201  平塚ST1       34.596  139.918     4     4     0             5     1.5
  TCG010  足尾          36.635  139.438     5     5     2             5     1.3
  KNGH11  厚木          35.404  139.354     5     4     1             5     1.9
  TCGH09  矢板          36.862  139.836     4     5     3             5     1.1
  YMT009  寒河江        38.390  140.274     4     4     2             5     1.3
  CHB029  行徳          35.695  139.918     4     4     2             5     1.7
  TKYH11  江東          35.611  139.812     4     4     2             5     1.4
  TKYH12  八王子        35.670  139.265     4     3     2             5     1.4
  IBRH20  波崎2         35.828  140.732     4     4     2             5     1.2
  IWT019  岩泉          39.849  141.803     4     4     2             5     1.7
  YMNH11  大月          35.625  138.978     5     4     1             5     1.6
  IBR009  古河          36.185  139.704     4     4     2             5     1.4
  CHB011  蓮沼          35.602  140.501     3     4     1             4     1.2
  TKY026  宇喜田        35.670  139.863     4     4     3             4     1.4
  TKY015  東白鬚        35.731  139.812     4     3     3             4     1.3
  TKY014  亀戸          35.689  139.835     4     4     3             4     1.4
  SITH07  名栗          35.912  139.149     4     4     1             4     0.8
  IWT018  盛岡          39.695  141.148     3     4     1             4     1.0
  GNM016  万場          36.116  138.925     4     2     1             4     0.8
  SIT005  小川          36.056  139.263     4     4     1             4     0.8
  IWT016  川井          39.600  141.679     4     4     2             4     1.0
  IWT011  水沢          39.145  141.152     3     4     2             4     1.2
  IWT005  宮古          39.647  141.946     3     2     4             4     1.1
  IWT025  大志田        39.517  140.830     3     4     1             4     1.0
  TKY013  砂町          35.660  139.834     4     3     2             4     1.4
  KNG202  平塚ST2       34.740  139.839     3     4     1             4     1.2
  CHB015  木更津        35.374  139.916     4     3     2             4     1.7
  GNM003  沼田          36.658  139.078     4     4     2             4     1.1
  CHB014  姉崎          35.477  140.049     4     4     2             4     1.4
  TKY024  奥戸          35.740  139.862     4     4     3             4     1.4
  SITH05  神泉          36.151  139.050     4     3     1             4     0.7
  GNM013  高崎          36.318  139.018     4     4     1             4     1.5
  IWT003  普代          40.008  141.886     3     4     1             4     1.5
  SITH08  小鹿野        36.027  138.969     2     4     1             4     0.8
  KNG002  横浜          35.437  139.634     3     4     2             4     1.6
  TKY005  町田          35.578  139.416     3     3     1             4     1.5
  TKYH13  檜原南        35.702  139.127     3     3     2             4    <0.5
  TKY023  八広          35.725  139.825     3     4     2             4     1.4
  AOMH16  新郷          40.462  141.092     3     3     1             4     1.2
  YMTH15  西川東        38.426  140.125     3     2     2             4     1.4
  GNMH05  伊勢崎        36.314  139.185     3     3     1             4     1.1
  MYGH06  田尻          38.591  141.071     3     3     3             4     1.1
  IWTH03  岩泉          39.802  141.652     3     3     2             3    <0.5
  GNMH14  みどり        36.493  139.322     2     3     1             3     0.5
  NIGH02  朝日          38.280  139.549     3     2     1             3     0.8
  IWTH15  矢巾          39.615  141.093     3     3     1             3     1.0
  IWT001  種市          40.410  141.719     2     3     1             3     1.0
  KNG004  三崎          35.144  139.622     3     2     1             3     1.1
  YMN004  塩山          35.702  138.727     2     3     1             3     1.5
  FKS029  桧枝岐        37.016  139.380     3     3     1             3    <0.5
  GNM001  片品          36.772  139.225     3     3     2             3    <0.5
  AKT011  宮田          39.813  140.580     2     3     1             3     1.1
  YMN009  六郷          35.496  138.463     3     3     1             3     1.5
  KNGH18  藤野          35.644  139.128     3     3     1             3     1.2
  GNM002  水上          36.782  138.970     3     2     1             3     0.5
  YMTH13  朝日          38.470  139.761     3     2     1             3    <0.5
  IWTH12  九戸          40.153  141.424     3     3     1             3     1.0
  TKY004  八王子        35.628  139.403     3     3     1             3     1.3
  NIGH10  上川          37.544  139.365     3     2     1             3     0.6
  TKY016  東雲          35.648  139.799     2     3     2             3     1.2
  TCGH07  栗山西        36.882  139.453     2     3     1             3     0.9
  GNM006  吾妻          36.510  138.752     3     3     1             3     0.8
  YMN002  大月          35.613  138.947     3     2     1             3     1.0
  AKTH19  湯沢          39.191  140.471     2     3     1             3     1.1
  SIT001  本庄          36.243  139.194     2     3     1             3     1.2
  SZO011  富士宮        35.213  138.602     2     3     1             3     1.0
  KNG204  平塚ST4       34.893  139.571     2     3     1             3     1.0
  SIT002  熊谷          36.148  139.388     3     3     2             3     1.1
  KNG203  平塚ST3       34.798  139.643     2     3     1             3     0.9
  CHBH10  千葉          35.546  140.242     2     2     2             3     1.0
  AOM007  南通          41.226  141.396     2     3     1             3     1.2
  SITH03  日高          35.899  139.384     3     3     1             3     1.1
  YMTH12  立川          38.636  140.006     3     2     1             3     1.1
  NGNH11  富士見        35.916  138.305     2     3     1             3     0.9
  SZO003  東伊豆        34.816  139.055     3     3     1             3     0.9
  YMN005  甲府          35.655  138.568     2     2     1             3     1.3
  CHB019  鋸南          35.111  139.835     2     3     1             3     1.4
  SZOH42  修善寺        34.976  138.913     2     3     1             3     1.0
  YMT002  新庄          38.768  140.296     2     2     1             3     0.7
  KNG006  二俣川        35.454  139.539     2     2     1             3     0.9
  GNM007  渋川          36.462  139.010     2     2     1             3     1.0
  IWT022  安代          40.101  141.052     2     2     1             3     0.7
  GNM008  前橋          36.348  139.137     2     2     1             3     1.1
  FKS028  只見          37.349  139.314     2     2     1             2     1.1
  NGNH12  南牧          35.970  138.480     2     2     1             2     1.1
  GNMH08  嬬恋          36.492  138.524     2     2     1             2     0.8
  YMNH08  西野原        35.690  138.734     2     2     1             2     1.2
  IWTH17  川井北        39.644  141.598     2     2     1             2    <0.5
  SITH09  皆野          36.072  139.099     2     2     1             2     0.6
  NIG011  新津          37.801  139.144     2     2     1             2     1.1
  TKY020  塩浜          35.666  139.809     2     2     1             2     1.1
  GNMH07  利根          36.700  139.210     2     2     1             2    <0.5
  GNMH11  富岡          36.286  138.921     2     1     1             2     0.6
  NIG007  村上          38.230  139.486     2     2     1             2     0.8
  YMT017  新庄支所      38.791  140.313     2     2     1             2     0.6
  SZOH35  伊東中        34.947  139.085     1     2     1             2     1.1
  FKSH21  只見          37.342  139.315     2     2     1             2     0.9
  KNG010  平塚          35.336  139.350     2     2     1             2     1.2
  IWTH06  二戸西        40.261  141.171     2     2     1             2     0.5
  YMN003  富士吉田      35.465  138.813     2     2     1             2     1.2
  TKYH02  府中          35.654  139.470     2     2     1             2     1.0
  MYGH02  鳴子          38.859  140.651     2     2     1             2     0.7
  CHB017  市場          35.299  140.076     2     2     1             2     1.0
  TKY002  桧原          35.730  139.145     2     2     1             2    <0.5
  FKSH06  伊南          37.172  139.520     2     2     1             2    <0.5
  NIGH06  加茂          37.653  139.068     2     2     1             2     0.8
  YMTH08  八幡          38.970  140.033     1     2     1             2     0.5
  NIGH08  津川          37.671  139.465     2     2     1             2     1.0
  TCG004  湯元          36.806  139.420     2     2     2             2     0.7
  CHBH12  富津          35.344  139.855     2     1     1             2     0.9
  NGNH19  川上          35.974  138.584     2     1     1             2     0.6
  SZO010  御殿場        35.309  138.935     2     1     1             2     1.2
  IWTH16  雫石          39.644  140.946     2     2     1             2     0.6
  IWT002  久慈          40.182  141.764     1     2     1             2     0.7
  AKTH05  鳥海          39.072  140.319     1     2     1             2    <0.5
  IWT015  川尻          39.318  140.779     1     2     1             2     0.5
  IWTH09  久慈南        40.086  141.712     2     2     1             2    <0.5
  AKT023  椿台          39.146  140.717     1     1     1             2     0.5
  TCGH17  藤原2         36.985  139.692     1     1     1             2    <0.5
  SIT012  飯能          35.840  139.321     1     1     1             2    <0.5
  YMN010  須玉          35.792  138.410     1     1     1             2     0.7
  NGN016  富士見        35.913  138.223     1     1     1             2     0.9
  SITH04  所沢          35.803  139.535     1     1     1             2     0.5
  AKTH01  西木北        39.815  140.579     1     1     1             2     0.7
  KNGH20  松田          35.366  139.126     1     1     1             2     0.5
  SZO005  松崎          34.755  138.784     1     1     0             1     0.7
  CHB026  長南          35.387  140.237     1     1     1             1     0.6
  AKTH16  西仙北        39.545  140.348     1     1     1             1     0.5
  YMNH14  都留南        35.511  138.968     1     1     1             1    <0.5
  FKSH01  西会津        37.757  139.715     1     1     1             1    <0.5
  KNG012  秦野          35.379  139.205     1     1     1             1     0.6
  SZOH34  清水北        35.130  138.424     1     1     0             1    <0.5
  YMT003  鶴岡          38.729  139.801     1     1     1             1     0.8
  YMNH15  上九一色      35.532  138.605     1     1     1             1     0.5
  AKTH03  矢島          39.222  140.128     1     1     1             1     0.5
  NIGH05  聖籠          37.976  139.279     1     1     1             1     0.7
  NIGH12  湯之谷        37.224  138.982     1     1     0             1    <0.5
  NGNH16  茅野          35.947  138.185     1     1     1             1    <0.5
  NIGH01  長岡          37.427  138.888     1     1     1             1     0.5
  KNGH21  清川          35.463  139.215     1     1     1             1    <0.5
  YMNH12  増穂          35.562  138.449     1     1     1             1     0.5
  AKTH18  大森          39.355  140.387     1     1     1             1    <0.5
  SZOH38  函南          35.085  138.978     1     1     0             1    <0.5
  KNGH23  葉山          35.262  139.611     1     1     1             1    <0.5
  SZOH37  芝川          35.203  138.566     1     1     0             1    <0.5
  CHBH11  養老          35.287  140.153     1     1     1             1    <0.5
  NIGH09  下田          37.539  139.128     1     1     1             1    <0.5
  YMNH10  早川北        35.535  138.309     1     1     0             1    <0.5
  NGNH24  松川          35.615  137.880     1     1     0             1    <0.5
  KNGH19  山北中        35.417  139.044     1     1     0             1    <0.5
  NGNH23  南木曽        35.606  137.611     1     1     0             1    <0.5
  NGNH21  伊那          35.831  137.924     1     1     0             1    <0.5
  YMNH16  甲府2         35.742  138.565     1     1     0             1    <0.5
  NGNH03  阿智2         35.479  137.735     1     1     0             1    <0.5
  SZOH39  西伊豆西      34.799  138.772     1     1     0             1    <0.5
  NGNH22  長谷          35.795  138.082     0     1     0             1    <0.5
  NMRH03  中標津        43.551  144.966     0     1     0             1    <0.5
  NGNH13  喬木          35.514  137.877     1     0     0             1    <0.5
  YMNH09  早川          35.433  138.333     0     1     0             1    <0.5
  SZOH54  初島2         35.042  139.168     1     1     0             1    <0.5
  GNMH09  高山          36.621  138.907     1     1     0             1    <0.5
  AOMH03  川内          41.234  140.990     0     0     0             1    <0.5
  SZOH33  静岡南        35.015  138.353     0     0     0             1    <0.5
  YMNH13  身延          35.351  138.420     0     0     0             0    <0.5
  AOMH01  大間          41.527  140.913     0     0     0             0    <0.5
  NGNH54  飯田          35.449  138.006     0     0     0             0    <0.5
  NGNH27  信州新        36.577  138.048     0     0     0             0    <0.5
  NGNH25  南信濃        35.299  137.927     0     0     0             0    <0.5
  CHBH20  鴨川南        35.088  140.100     0     0     0             0    <0.5