最大加速度リスト

地震発生時刻   2020/04/12-00:44:00.00
震央北緯       36.2°
震央東経       140.0°
震源深さ       53.0km
マグニチュード M5.0

  コード  観測点名      緯度    経度     最大加速度 (ガル) 三成分合成値 計測震度
　　　　　 　　         北緯    東経      N-S   E-W   U-D        (ガル)         
  IBR013  鉾田          36.159  140.489   530   327   271           596     5.0
  IBR005  笠間          36.385  140.237   160   221    78           235     4.3
  IBR015  岩井          36.069  139.908   170   186    82           209     3.8
  IBR006  水戸          36.367  140.454   156   111    52           178     3.8
  IBRH11  岩瀬          36.370  140.140   119   139    43           166     4.2
  IBR012  石岡          36.195  140.271    94   100   156           156     3.7
  TCG012  小山          36.286  139.805    94   147    91           153     4.0
  IBRH17  霞ヶ浦        36.086  140.314   107    80   144           144     3.3
  IBRH18  ひたちなか    36.363  140.620   116   103    31           138     3.7
  SIT008  春日部        35.983  139.746    53   109    25           120     3.6
  IBRH19  つくば        36.214  140.089   110    58    24           120     3.0
  IBR008  下館          36.306  139.983   110    99    26           118     3.9
  IBR010  下妻          36.184  139.965   107    69    39           113     3.9
  TCG008  鹿沼          36.560  139.768    81    90    42           110     4.0
  IBR004  大宮          36.552  140.410    81   107    23           108     3.3
  IBRH10  石下          36.111  139.989    83    60    31           102     3.4
  IBR011  つくば        36.125  140.090    95    70    65            98     3.5
  CHB004  佐原          35.901  140.490    71    75    27            95     3.3
  IBR014  土浦          36.073  140.195    67    89    62            92     3.2
  TCG014  茂木          36.545  140.174    87    50    27            87     3.6
  TCG011  葛生          36.387  139.614    67    78    21            86     3.1
  CHB003  白井          35.794  140.056    66    84    20            85     3.7
  IBRH15  御前山        36.557  140.301    72    54    21            78     3.1
  IBR003  日立          36.592  140.645    72    58    28            74     3.1
  TCG007  宇都宮        36.569  139.886    47    62    25            69     3.2
  TCGH12  氏家          36.696  139.984    49    54    20            68     2.9
  IBR017  江戸崎        35.954  140.319    52    56    41            67     3.2
  CHB006  成田          35.780  140.307    43    57    25            65     3.0
  IBRH16  山方          36.641  140.398    41    58    20            64     3.0
  CHBH13  成田          35.831  140.298    30    60    27            64     3.0
  TCG013  真岡          36.437  140.023    53    43    23            63     3.6
  IBR016  取手          35.911  140.049    51    43    48            61     3.3
  CHB001  野田          35.959  139.873    51    45    33            61     3.1
  IBR018  鹿嶋          35.977  140.632    46    44    60            60     3.1
  IBR007  那珂湊        36.352  140.595    48    57    25            59     3.4
  SIT004  長瀞          36.118  139.105    44    32     9            52     2.5
  TCGH14  粟野          36.551  139.615    50    35    16            52     2.5
  IBR009  古河          36.185  139.704    34    41    11            51     2.9
  CHBH06  匝瑳          35.721  140.505    44    28    18            51     2.9
  CHB007  佐倉          35.723  140.227    45    38    23            49     3.1
  TCGH16  芳賀          36.548  140.075    35    34    16            48     3.1
  CHB011  蓮沼          35.588  140.497    44    27     8            47     2.9
  IBR001  大子          36.776  140.357    36    32    11            43     3.2
  TCG009  今市          36.726  139.715    40    40    20            40     3.2
  IBRH06  北茨城2       36.881  140.655    33    31    16            40     2.7
  TCG005  矢板          36.806  139.926    37    35     7            39     2.8
  SIT009  川越          35.903  139.483    23    37    12            39     2.5
  GNM009  桐生          36.411  139.325    27    33    12            38     2.4
  TCGH13  馬頭          36.734  140.178    33    32    20            37     2.8
  TCG016  北高岡        36.529  140.156    28    26    11            37     2.7
  IBRH07  江戸崎        35.952  140.330    35    19    32            37     3.0
  SIT007  東松山        36.054  139.391    22    30    11            36     2.4
  IBRH13  高萩          36.795  140.575    34    22    14            36     2.7
  IBRH12  大子          36.837  140.318    32    29    11            35     2.7
  TCGH06  真岡          36.446  139.951    26    30     7            35     2.8
  TCG003  藤原          36.814  139.715    30    27    14            35     2.4
  SIT011  川口          35.810  139.721    14    32     6            33     2.3
  GNM011  太田          36.291  139.361    17    32     7            32     2.8
  FKSH12  平田          37.217  140.570    29    20    12            32     2.5
  CHB010  八日市場      35.708  140.568    21    29    13            31     2.6
  FKSH10  西郷          37.162  140.093    23    26    20            31     2.6
  SIT003  久喜          36.072  139.697    23    29    16            30     2.8
  SITH06  川本          36.113  139.289    27    29     8            29     2.4
  CHBH04  下総          35.797  140.021    20    22    28            29     2.6
  SIT002  熊谷          36.148  139.388    16    24     7            28     2.1
  IBRH20  波崎2         35.828  140.732    15    25     9            28     2.3
  TCG015  芹沼          36.749  139.714    19    21     9            27     2.3
  GNMH12  神流          36.144  138.913    25    17    15            27     2.4
  TCGH09  矢板          36.862  139.836    20    23    10            26     2.3
  IBRH14  十王          36.692  140.548    16    21     8            26     1.6
  TKY007  新宿          35.711  139.686    21    18    13            25     2.5
  CHB028  市川北        35.766  139.966    20    24    24            25     2.6
  CHB012  東金          35.573  140.333    18    18    13            24     2.5
  CHBH19  蓮沼          35.594  140.511    21    20    12            24     2.5
  SITH11  飯能          35.864  139.273    23    23    18            23     2.6
  TKY027  瑞江          35.693  139.891    20    21    16            23     2.6
  SIT006  秩父          35.995  139.071    16    17     4            23     2.0
  TCGH10  大田原        36.858  140.023    22    12     9            23     2.1
  KNGH10  横浜          35.499  139.519    20    18    10            23     3.0
  CHB002  松戸          35.787  139.903    18    17    11            23     2.4
  TCG010  足尾          36.635  139.438    19    21     8            22     1.9
  TCG006  小川          36.764  140.130    20    13    11            21     2.3
  GNM001  片品          36.772  139.225    18    14     7            20     1.8
  FKS014  矢祭          36.886  140.417    13    17     4            19     1.9
  FKS016  白河          37.123  140.191    18    14     5            19     2.3
  TKY025  篠崎          35.714  139.897    16    13     6            19     2.5
  IBR002  高萩          36.706  140.707    12    16     9            18     2.1
  FKSH11  矢吹          37.201  140.339    14    18     7            18     2.3
  SIT005  小川          36.056  139.263    14    14     4            17     1.5
  KNG206  平塚ST6       35.097  139.378    13    17     2            17     2.6
  FKS013  古殿          37.090  140.556    16    12     6            17     2.4
  GNMH14  みどり        36.493  139.322    14    13     7            17     1.4
  CHB024  稲毛          35.633  140.078    17    12     7            17     2.3
  SIT010  大宮          35.907  139.648    10    16     7            17     2.6
  SITH05  神泉          36.151  139.050    10    16     4            17     1.7
  FKSH14  いわき東      37.026  140.970    12    13     4            17     2.0
  FKS006  葛尾          37.503  140.759    13    15     4            16     2.1
  TKY021  猿江          35.688  139.819    12    16     6            16     2.3
  TKY026  宇喜田        35.670  139.863    11    13     5            15     2.1
  GNM003  沼田          36.658  139.078    15    13     5            15     2.0
  TKY022  横網          35.687  139.796    12     9     8            15     2.5
  CHB029  行徳          35.695  139.918    14    11     6            15     2.7
  TKY013  砂町          35.660  139.834    15     8    10            15     2.3
  FKSH18  三春          37.489  140.538    12    10     7            15     1.9
  TKY003  青梅          35.797  139.291    13     9     3            14     2.3
  SITH07  名栗          35.912  139.149    13    11     3            14     1.5
  GNM016  万場          36.116  138.925    13     7     3            13     1.7
  TKY018  八枝          35.655  139.811    11     9     9            13     2.2
  GNM012  伊勢崎        36.315  139.192    12    11     7            13     2.1
  TKY024  奥戸          35.740  139.862    12    10     6            13     2.3
  FKS011  いわき        37.091  140.904    11     5     6            12     1.7
  KNG001  川崎          35.529  139.706    10     9     8            12     2.1
  FKS009  小野          37.278  140.635    10    11     4            12     1.7
  FKS024  中野          37.396  140.132     9    11     4            12     1.9
  FKSH08  長沼          37.282  140.214    11     9     4            12     1.7
  TKY015  東白鬚        35.731  139.812    12     7     5            12     2.2
  CHB005  銚子          35.736  140.830     9     8     5            12     1.7
  FKS012  勿来          36.907  140.793     7    12     4            12     2.0
  CHB008  浦安          35.654  139.902    11     9     6            11     2.2
  FKSH09  郡山          37.353  140.426     8    10     2            11     1.3
  FKS017  須賀川        37.284  140.369    11     8     5            11     2.2
  FKS010  広野          37.234  141.002     9     7     3            11     1.7
  FKS008  船引          37.436  140.567     9    11     3            11     1.7
  KNG002  横浜          35.437  139.634     9     7     8            11     2.4
  GNM006  吾妻          36.510  138.752     6    10     5            11     1.7
  TKY014  亀戸          35.689  139.835     8     9     6            10     2.0
  CHB009  千葉          35.608  140.102    10     7     5            10     2.0
  CHB014  姉崎          35.477  140.049     7     9     6            10     2.2
  FKSH19  都路          37.470  140.723     8     9     6            10     1.7
  GNMH07  利根          36.700  139.210     8    10     4            10     1.1
  TCG001  黒磯          36.942  140.083     8     7     5            10     1.9
  TKY017  辰巳          35.647  139.809     9     8     7            10     2.2
  TCGH08  栗山東        36.883  139.646     8     8     6            10     1.5
  CHB015  木更津        35.374  139.916     7     9     7             9     2.3
  FKS029  桧枝岐        37.016  139.380     8     9     2             9     1.2
  FKS019  二本松        37.603  140.437     6     9     3             9     1.3
  TKYH12  八王子        35.670  139.265     8     7     4             9     1.9
  TKY028  越中島        35.669  139.789     6     9     4             9     2.1
  GNM002  水上          36.782  138.970     8     9     2             9     1.5
  TKY023  八広          35.725  139.825     8     8     6             9     2.1
  FKSH05  下郷          37.254  139.873     7     7     2             9     1.6
  TKYH13  檜原南        35.702  139.127     4     9     4             9     1.0
  FKS027  滝原          37.070  139.681     8     8     2             8     0.7
  TCG004  湯元          36.806  139.420     7     7     6             8     1.5
  CHBH10  千葉          35.546  140.242     6     6     8             8     1.7
  CHB022  富津          35.308  139.860     8     8     3             8     1.8
  KNG006  二俣川        35.454  139.539     8     5     2             8     1.6
  KNGH18  藤野          35.644  139.128     5     7     2             8     1.6
  CHB013  茂原          35.433  140.291     5     8     2             8     1.7
  TKY001  氷川          35.803  139.096     8     6     4             8     1.1
  KNGH11  厚木          35.404  139.354     7     7     2             8     2.2
  TKY005  町田          35.580  139.414     7     6     3             8     1.8
  KNG008  相模原        35.575  139.327     7     6     5             8     1.5
  KNG205  平塚ST5       34.941  139.421     7     7     1             7     1.9
  KNG004  三崎          35.144  139.622     5     6     2             7     1.7
  FKS018  郡山          37.396  140.362     6     5     4             7     1.5
  KNG204  平塚ST4       34.893  139.571     5     7     2             7     1.5
  KNG009  厚木          35.442  139.362     6     6     2             7     1.8
  TKY002  桧原          35.730  139.145     7     4     2             7     0.9
  FKS004  飯舘          37.680  140.735     5     7     2             7     0.9
  YMNH11  大月          35.625  138.978     5     6     2             7     1.9
  SIT013  所沢          35.797  139.466     7     5     3             7     1.6
  FKS031  川内          37.336  140.813     6     5     3             7     1.5
  CHB019  鋸南          35.111  139.835     4     6     2             7     1.8
  FKS015  棚倉          37.022  140.377     5     4     3             6     1.8
  TKY006  小金井        35.699  139.503     6     5     4             6     1.7
  TKY004  八王子        35.628  139.403     6     6     3             6     1.7
  KNG201  平塚ST1       34.596  139.918     3     6     1             6     1.6
  GNMH13  水上2         36.862  139.063     6     6     2             6     1.4
  SIT012  飯能          35.840  139.321     5     6     3             6     1.1
  SITH08  小鹿野        36.027  138.969     6     6     2             6     1.4
  KNG203  平塚ST3       34.798  139.643     5     6     1             6     1.5
  YMN001  丹波山        35.789  138.920     5     4     2             6     0.7
  KNG202  平塚ST2       34.740  139.839     5     6     2             6     1.6
  FKS007  大熊          37.406  140.963     4     6     2             6     1.2
  TCG002  塩原          36.990  139.803     5     6     3             6     1.2
  FKSH06  伊南          37.172  139.520     4     6     2             6     1.0
  SZO003  東伊豆        34.816  139.055     6     4     2             6     1.4
  GNM008  前橋          36.348  139.137     5     4     4             6     1.5
  FKSH20  浪江          37.491  140.987     5     4     2             6     1.7
  TKY016  東雲          35.648  139.799     4     5     4             5     1.7
  CHB017  市場          35.299  140.076     5     4     3             5     1.8
  SZO001  熱海          35.142  139.079     3     5     1             5     0.7
  SIT014  中津川        35.995  138.801     5     4     2             5     0.9
  CHBH12  富津          35.344  139.855     4     4     2             5     1.5
  TKY020  塩浜          35.666  139.809     5     4     4             5     1.7
  KNG010  平塚          35.334  139.345     5     4     2             5     1.6
  GNM014  坂本          36.347  138.721     4     4     2             5     1.1
  FKS023  会津若松      37.477  139.929     4     5     2             5     1.5
  YMNH14  都留南        35.511  138.968     2     5     1             5     0.6
  GNMH11  富岡          36.286  138.921     5     3     2             5     0.9
  GNM007  渋川          36.464  139.009     3     4     2             4     1.2
  TKY008  岡田          34.785  139.391     4     3     2             4     1.1
  SITH04  所沢          35.803  139.535     3     4     2             4     1.2
  CHB026  長南          35.387  140.237     4     4     4             4     1.4
  NGN014  小海          36.096  138.484     4     3     1             4     1.0
  TCGH17  藤原2         36.985  139.692     2     4     1             4     0.5
  SZOH42  修善寺        34.976  138.913     4     3     1             4     1.3
  SIT001  本庄          36.243  139.194     3     3     2             4     1.3
  KNG013  小田原        35.264  139.152     3     3     4             4     1.6
  YMN009  六郷          35.496  138.463     3     2     1             4     1.5
  YMN002  大月          35.613  138.947     4     3     2             4     1.0
  KNG003  横須賀        35.273  139.658     3     3     1             4     1.1
  YMN004  塩山          35.702  138.727     3     3     2             4     1.2
  SZO002  伊東          34.965  139.103     3     4     2             4     1.2
  KNG014  山北          35.361  139.083     3     3     2             4     1.2
  SZO011  富士宮        35.213  138.602     3     4     1             4     1.0
  SZOH35  伊東中        34.947  139.085     3     4     1             4     1.4
  MYG015  岩沼          38.105  140.870     3     3     1             4     1.3
  FKSH17  川俣          37.664  140.597     3     3     2             3     0.9
  GNM015  下仁田        36.229  138.758     3     3     1             3     0.5
  CHB016  岬            35.300  140.387     3     3     2             3     1.5
  FKS001  相馬          37.795  140.920     3     3     1             3     1.2
  GNMH08  嬬恋          36.492  138.524     3     3     1             3     0.8
  YMN005  甲府          35.655  138.568     2     3     1             3     1.2
  GNM004  草津          36.617  138.592     3     3     1             3     0.7
  FKS003  福島          37.761  140.480     3     3     2             3     1.0
  MYGH07  川崎          38.180  140.641     2     3     1             3     0.6
  CHBH16  鴨川          35.138  139.965     2     2     1             3     1.1
  FKS005  原町          37.639  140.985     3     2     1             3     0.8
  CHB021  白浜          34.908  139.898     2     3     1             3     0.9
  FKS025  下郷          37.308  139.900     2     3     2             3    <0.5
  YMNH08  西野原        35.690  138.734     3     2     1             3     0.9
  KNGH20  松田          35.366  139.126     2     2     2             3     0.9
  MYGH10  山元          37.941  140.892     2     2     1             3     0.7
  MYG017  角田          37.976  140.782     3     2     1             3     1.2
  FKS002  梁川          37.845  140.601     2     2     1             3     0.7
  FKS026  南郷          37.266  139.539     2     2     1             3     0.5
  KNG011  藤野          35.615  139.155     2     1     2             3     0.7
  SZO028  川奈          34.952  139.138     1     2     1             3     0.6
  TKY009  波浮港        34.687  139.441     2     3     1             3     0.7
  CHBH11  養老          35.287  140.153     2     2     1             3     0.9
  KNG012  秦野          35.379  139.205     2     2     1             2     0.9
  CHB020  鴨川          35.115  140.102     2     2     1             2     1.3
  MYGH13  南三陸        38.699  141.418     2     1     1             2     0.7
  KNG005  鎌倉          35.319  139.546     2     2     1             2     0.7
  SZO005  松崎          34.755  138.784     2     2     1             2     0.7
  GNM005  嬬恋          36.513  138.518     2     2     1             2    <0.5
  CHB018  勝浦          35.158  140.322     2     2     1             2     0.7
  SZOH34  清水北        35.130  138.424     2     2     1             2     0.6
  YMN003  富士吉田      35.465  138.813     2     2     1             2     0.7
  FKSH02  熱塩加納      37.732  139.882     2     2     1             2    <0.5
  KNGH21  清川          35.463  139.215     2     2     1             2    <0.5
  KNGH23  葉山          35.262  139.611     2     1     1             2     0.7
  GNMH09  高山          36.621  138.907     2     2     1             2    <0.5
  NIGH19  湯沢          36.811  138.785     2     1     1             2     0.5
  YMNH15  上九一色      35.532  138.605     1     2     1             2    <0.5
  NGNH19  川上          35.974  138.584     2     2     1             2     0.6
  MYG010  石巻          38.429  141.282     1     2     1             2     1.1
  FKS028  只見          37.304  139.362     1     2     1             2    <0.5
  NIG022  塩沢          37.036  138.846     2     1     1             2     0.7
  CHB025  千倉          34.971  139.946     1     2     1             2     0.5
  YMN010  須玉          35.792  138.410     1     1     1             2     0.6
  MYGH14  利府          38.340  140.955     2     1     1             2     0.6
  SZOH39  西伊豆西      34.799  138.772     1     1     1             2    <0.5
  NGN015  諏訪          36.045  138.112     1     1     1             2     0.9
  YMNH12  増穂          35.562  138.449     1     1     1             1    <0.5
  NGN016  富士見        35.913  138.223     1     1     1             1     0.6
  CHBH17  勝浦東        35.171  140.340     1     1     1             1    <0.5
  SZOH38  函南          35.085  138.978     1     1     1             1    <0.5
  YMTH02  山形          38.269  140.258     1     1     0             1     0.6
  YMN006  本栖          35.468  138.607     1     1     1             1    <0.5
  YMNH16  甲府2         35.742  138.565     1     1     1             1    <0.5
  NIGH15  六日          37.053  138.995     1     1     1             1    <0.5
  KNGH19  山北中        35.417  139.044     1     1     1             1    <0.5
  MYGH09  白石          38.009  140.603     1     1     1             1    <0.5
  YMTH06  高畠          37.963  140.184     1     1     0             1    <0.5
  SZOH54  初島2         35.042  139.168     1     1     1             1    <0.5
  YMNH10  早川北        35.535  138.309     1     1     0             1    <0.5
  YMTH14  西川西        38.386  139.992     1     1     0             1    <0.5
  MYGH08  岩沼          38.113  140.844     1     1     1             1    <0.5
  NGNH24  松川          35.615  137.880     1     1     0             1    <0.5
  NGNH23  南木曽        35.606  137.611     1     1     0             1    <0.5
  NIGH11  川西          37.173  138.744     1     1     0             1    <0.5
  NGNH29  野沢温泉      36.910  138.441     0     1     0             1    <0.5
  YMTH07  米沢          37.896  140.028     1     0     0             1    <0.5
  IWTH20  花巻南        39.343  141.047     0     0     0             0    <0.5
  MYGH04  東和          38.786  141.325     0     0     0             0    <0.5
  CHBH20  鴨川南        35.088  140.100     0     0     0             0    <0.5
  NIGH04  関川          38.131  139.543     0     0     0             0    <0.5
  NGNH54  飯田          35.449  138.006     0     0     0             0    <0.5
  YMTH12  立川          38.636  140.006     0     0     0             0    <0.5
  MYGH06  田尻          38.591  141.071     0     0     0             0    <0.5
  NGNH25  南信濃        35.299  137.927     0     0     0             0    <0.5
  NIGH02  朝日          38.280  139.549     0     0     0             0    <0.5
  YMTH11  最上          38.713  140.554     0     0     0             0    <0.5
  NIGH03  荒川          38.133  139.429     0     0     0             0    <0.5