最大加速度リスト

地震発生時刻   2020/02/01-01:11:00.00
震央北緯       35.7°
震央東経       140.7°
震源深さ       50.0km
マグニチュード M5.0

  コード  観測点名      緯度    経度     最大加速度 (ガル) 三成分合成値 計測震度
　　　　　 　　         北緯    東経      N-S   E-W   U-D        (ガル)         
  CHB010  八日市場      35.708  140.568    31    49     8            50     3.4
  CHBH06  匝瑳          35.721  140.505    26    36    13            41     3.2
  CHBH19  蓮沼          35.594  140.511    15    23     8            26     2.5
  CHB012  東金          35.573  140.333    17    12    21            24     2.5
  CHB004  佐原          35.901  140.490    14    19     9            22     2.3
  CHB005  銚子          35.736  140.830    21    11     5            22     2.5
  CHB011  蓮沼          35.588  140.497    16    19     5            20     2.8
  CHB007  佐倉          35.723  140.227    18    12    11            18     2.3
  CHBH13  成田          35.831  140.298    11    12    14            14     2.3
  CHB006  成田          35.780  140.307    14    12    11            14     2.2
  IBR017  江戸崎        35.954  140.319    10    10     7            12     1.8
  IBRH20  波崎2         35.828  140.732    10    12     4            12     2.2
  CHB003  白井          35.794  140.056     9     9     5            11     1.9
  CHB014  姉崎          35.477  140.049     8     7     5             9     2.2
  IBR018  鹿嶋          35.977  140.632     7     7     5             9     1.9
  IBR013  鉾田          36.159  140.489     8     7     4             9     1.7
  CHBH10  千葉          35.546  140.242     6     9     5             9     1.8
  IBRH18  ひたちなか    36.363  140.620     7     7     2             9     1.7
  IBR007  那珂湊        36.352  140.595     6     8     3             8     1.7
  IBR016  取手          35.911  140.049     5     8     4             8     1.6
  CHB013  茂原          35.433  140.291     5     7     3             8     1.6
  IBRH17  霞ヶ浦        36.086  140.314     6     6     4             7     1.5
  TCG014  茂木          36.545  140.174     5     5     2             7     1.4
  CHB009  千葉          35.608  140.102     5     5     3             6     1.6
  CHB026  長南          35.387  140.237     6     6     4             6     1.7
  CHB001  野田          35.959  139.873     5     5     2             6     1.6
  KNG201  平塚ST1       34.596  139.918     2     6     0             6     1.5
  IBR014  土浦          36.073  140.195     5     5     3             6     1.4
  IBRH11  岩瀬          36.370  140.140     5     6     1             6     1.7
  KNGH10  横浜          35.499  139.519     4     5     2             6     1.7
  TCGH16  芳賀          36.548  140.075     5     4     1             6     1.5
  IBR005  笠間          36.385  140.237     5     4     3             6     1.5
  CHB028  市川北        35.766  139.966     5     5     4             5     1.4
  CHB016  岬            35.300  140.387     5     5     3             5     1.9
  CHB017  市場          35.299  140.076     5     3     2             5     1.6
  CHB018  勝浦          35.158  140.322     5     5     2             5     1.3
  CHBH04  下総          35.797  140.021     5     4     2             5     1.3
  KNG202  平塚ST2       34.740  139.839     4     4     2             5     1.4
  IBR011  つくば        36.125  140.090     3     4     2             5     1.2
  CHB015  木更津        35.374  139.916     5     4     3             5     1.8
  CHB022  富津          35.308  139.860     2     4     1             4     1.2
  IBRH13  高萩          36.795  140.575     4     3     2             4     1.3
  IBR003  日立          36.592  140.645     3     4     2             4     1.0
  KNG004  三崎          35.144  139.622     3     4     1             4     1.2
  KNG206  平塚ST6       35.097  139.378     4     4     1             4     1.6
  IBR012  石岡          36.195  140.271     4     4     2             4     1.3
  FKSH12  平田          37.217  140.570     3     4     1             4     1.1
  CHB024  稲毛          35.633  140.078     3     4     2             4     1.3
  KNG002  横浜          35.437  139.634     4     3     1             4     1.6
  IBRH06  北茨城2       36.881  140.655     3     4     1             4     0.8
  TKY027  瑞江          35.693  139.891     4     3     2             4     1.3
  TCG009  今市          36.726  139.715     3     3     1             4     1.2
  IBRH10  石下          36.111  139.989     3     3     2             4     1.5
  KNG001  川崎          35.529  139.706     2     3     1             4     1.4
  IBR010  下妻          36.184  139.965     3     3     1             4     1.2
  IBRH16  山方          36.641  140.398     3     3     1             4     0.7
  IBR006  水戸          36.367  140.454     3     3     2             3     0.9
  KNG205  平塚ST5       34.941  139.421     3     3     0             3     1.2
  IBR001  大子          36.776  140.357     3     3     1             3     1.0
  TKY023  八広          35.725  139.825     3     2     2             3     1.2
  CHB029  行徳          35.695  139.918     3     3     1             3     1.4
  CHBH11  養老          35.287  140.153     3     3     2             3     1.1
  KNG203  平塚ST3       34.798  139.643     2     3     0             3     1.0
  TKY026  宇喜田        35.670  139.863     2     2     2             3     1.1
  CHB002  松戸          35.787  139.903     3     2     2             3     1.0
  CHB020  鴨川          35.115  140.102     3     3     1             3     1.2
  CHBH17  勝浦東        35.171  140.340     3     2     1             3     0.7
  SITH11  飯能          35.864  139.273     2     2     1             3     0.8
  TKY008  岡田          34.785  139.391     2     2     2             3     0.6
  TKY024  奥戸          35.740  139.862     3     2     2             3     1.2
  TKY021  猿江          35.688  139.819     2     2     1             3     1.2
  TKY025  篠崎          35.714  139.897     2     2     2             3     1.0
  CHB019  鋸南          35.111  139.835     2     2     1             3     1.3
  SIT008  春日部        35.983  139.746     3     2     1             3     1.2
  FKSH10  西郷          37.162  140.093     2     2     1             2    <0.5
  SIT003  久喜          36.072  139.697     2     2     1             2     1.0
  IBR004  大宮          36.552  140.410     2     2     1             2     0.5
  TKY028  越中島        35.669  139.789     2     2     1             2     1.2
  TCG013  真岡          36.437  140.023     2     2     1             2     1.0
  TKY003  青梅          35.797  139.291     2     2     1             2     0.9
  TKY013  砂町          35.660  139.834     2     2     1             2     1.0
  FKS013  古殿          37.090  140.556     2     2     1             2     0.7
  SIT010  大宮          35.907  139.648     1     2     1             2     1.0
  KNG204  平塚ST4       34.893  139.571     1     2     1             2     0.7
  FKS008  船引          37.436  140.567     1     1     0             2    <0.5
  TCGH06  真岡          36.446  139.951     2     1     1             2     0.6
  CHB027  勝浦北        35.181  140.266     2     1     1             2     0.6
  IBRH15  御前山        36.557  140.301     2     2     1             2    <0.5
  YMNH11  大月          35.625  138.978     1     2     1             2     0.7
  FKS017  須賀川        37.284  140.369     2     1     0             2     0.7
  IBRH12  大子          36.837  140.318     2     2     1             2    <0.5
  TCGH14  粟野          36.551  139.615     1     2     0             2    <0.5
  SZO011  富士宮        35.213  138.602     1     2     0             2    <0.5
  TCGH10  大田原        36.858  140.023     1     1     1             2    <0.5
  MYG015  岩沼          38.105  140.870     2     1     0             2    <0.5
  KNG010  平塚          35.334  139.345     1     1     1             2     0.8
  TCGH12  氏家          36.696  139.984     1     1     1             1    <0.5
  FKS016  白河          37.123  140.191     1     1     0             1    <0.5
  TCG006  小川          36.764  140.130     1     1     1             1    <0.5
  IBRH14  十王          36.692  140.548     1     1     1             1    <0.5
  TKYH12  八王子        35.670  139.265     1     1     1             1    <0.5
  FKSH11  矢吹          37.201  140.339     1     1     1             1    <0.5
  SZOH42  修善寺        34.976  138.913     1     1     0             1     0.5
  FKSH17  川俣          37.664  140.597     1     1     0             1    <0.5
  MYGH07  川崎          38.180  140.641     1     1     0             1    <0.5
  IBRH19  つくば        36.214  140.089     1     1     1             1    <0.5
  MYGH10  山元          37.941  140.892     1     1     0             1    <0.5
  FKSH20  浪江          37.491  140.987     1     1     1             1    <0.5
  FKSH14  いわき東      37.026  140.970     1     1     0             1    <0.5
  FKSH09  郡山          37.353  140.426     1     1     0             1    <0.5
  KNGH23  葉山          35.262  139.611     1     1     1             1    <0.5
  TCGH09  矢板          36.862  139.836     1     1     0             1    <0.5
  CHBH20  鴨川南        35.088  140.100     1     1     0             1    <0.5
  SZOH38  函南          35.085  138.978     0     0     0             1    <0.5
  KNGH21  清川          35.463  139.215     0     0     0             0    <0.5
  MYGH08  岩沼          38.113  140.844     0     0     0             0    <0.5
  GNMH07  利根          36.700  139.210     0     0     0             0    <0.5
  GNMH14  みどり        36.493  139.322     0     0     0             0    <0.5
  IWTH20  花巻南        39.343  141.047     0     0     0             0    <0.5
  MYGH09  白石          38.009  140.603     0     0     0             0    <0.5