最大加速度リスト

地震発生時刻   2018/11/02-16:54:00.00
震央北緯       33.7°
震央東経       135.2°
震源深さ       44.0km
マグニチュード M5.4

  コード  観測点名      緯度    経度     最大加速度 (ガル) 三成分合成値 計測震度
　　　　　 　　         北緯    東経      N-S   E-W   U-D        (ガル)         
  WKYH01  広川          33.980  135.212   269   213    41           300     3.7
  WKY005  龍神          33.894  135.488   213   245    54           247     4.0
  WKY008  田辺          33.729  135.377   157   121    35           173     3.9
  WKY007  本宮          33.837  135.774    90   125    43           153     3.7
  WKYH10  印南          33.825  135.217    87   121    51           146     3.6
  WKYH07  上富田        33.689  135.440   122   120    54           129     3.6
  WKY003  有田          34.100  135.116    96   117    31           126     3.6
  WKY014  木守          33.705  135.640    78   107    29           119     3.5
  WKY010  すさみ        33.550  135.497    86   114   113           115     3.4
  TKS004  由岐          33.775  134.591    57    57    23            81     3.3
  WKY006  御坊          33.891  135.152    60    70    38            80     3.3
  TKS003  阿南          33.872  134.604    48    75    15            78     3.3
  NAR009  十津川        33.938  135.755    73    38    20            74     3.0
  WKY004  清水          34.084  135.431    61    55    13            70     2.5
  MIE016  紀和          33.876  135.919    59    32    16            62     3.0
  NARH01  十津川西      33.967  135.649    52    48    24            59     3.3
  WKYH04  すさみ        33.556  135.545    45    38    22            51     2.8
  NAR007  大塔          34.221  135.737    31    47    14            47     3.1
  NAR008  上北山        34.135  136.005    40    22    15            43     2.1
  WKY001  和歌山        34.229  135.169    41    32    22            42     2.9
  WKY011  太地          33.595  135.946    40    26    14            41     2.9
  WKYH03  野上          34.131  135.324    28    30     9            33     2.1
  TKSH05  海南          33.663  134.316    28    27    13            33     2.6
  OSK006  堺            34.589  135.471    21    28     6            32     2.6
  MIEH09  紀宝          33.764  135.997    30    23    12            31     2.4
  WKY009  新宮          33.721  135.981    21    24    17            31     2.7
  OSK004  四條畷        34.740  135.639    29    17     4            31     2.6
  NAR005  五條          34.341  135.688    17    27     7            30     2.9
  TKS006  牟岐          33.669  134.419    28    21     9            28     2.4
  TKS001  鳴門          34.203  134.610    20    17    10            27     2.7
  TKS009  木頭          33.772  134.200    23    21     7            25     2.1
  TKS005  上勝          33.879  134.389    21    13     5            24     2.1
  MIE014  尾鷲          34.064  136.169    22    16     7            24     2.0
  WKY012  串本          33.472  135.784    11    24     8            24     2.4
  OSK010  泉南          34.376  135.255    22    18     6            23     2.6
  MIE015  熊野          33.878  136.082    19    19     9            23     2.2
  TKS008  木屋平        33.934  134.212    17    22    22            23     2.3
  TKSH02  貞光          34.011  134.092    17    22     9            23     2.3
  TKSH04  徳島          33.990  134.534    19    22     9            22     2.5
  HYGH01  三原          34.294  134.794    19    16    15            21     2.4
  TKS002  徳島          34.044  134.582    18    21     6            21     2.6
  KOC001  東洋          33.528  134.281    17    12    19            21     2.3
  OSK009  河内長野      34.437  135.582    19    12     8            20     2.1
  KGWH01  綾上          34.219  133.949    16    13    12            20     2.2
  WKYH09  和歌山        34.287  135.071    14    19     5            19     2.4
  KGW005  観音寺        34.114  133.635    11    18     5            19     2.0
  HYG025  洲本          34.340  134.901    15    15    10            19     2.1
  KGW004  高松          34.347  134.037    18    10     6            18     2.1
  NAR006  川上          34.338  135.954    16    17     9            18     2.3
  KGWH02  三野          34.198  133.708    16    16     8            18     2.0
  MIE017  宮川          34.362  136.335    17     8     2            17     1.5
  NAR001  生駒          34.715  135.727    13    12    14            17     2.3
  NARH07  天理          34.584  135.854     9    14     5            14     1.4
  TKSH03  木屋平        33.878  134.129    10    13     6            14     1.8
  OKY014  下津井        34.446  133.788    13    11     5            14     1.7
  NARH02  十津川東      33.969  135.857    12    13     7            14     1.9
  EHMH02  西条          33.865  133.184    13     8     4            14     1.2
  KGW006  長尾          34.250  134.186     6    12     3            13     2.0
  HYG024  東浦          34.533  134.990    12    10     7            13     2.2
  TKS010  貞光          34.038  134.061     9    13     6            13     2.0
  NARH06  山添          34.641  136.051     7    12     4            13     1.6
  WKY013  高野          34.216  135.586    10    10     4            12     1.7
  OSK008  岸和田        34.440  135.392    12     9     4            12     2.5
  NARH03  川上          34.292  136.002    12     8     5            12     1.7
  OSK007  羽曳野        34.558  135.606    11    10     5            12     2.2
  KOC002  室戸          33.290  134.168    10    11     6            11     2.1
  OSK003  豊中          34.767  135.468     6    11     2            11     1.9
  OSKH01  田尻          34.398  135.284     8    11     5            11     2.2
  OKY007  高梁          34.781  133.612     9    11     3            11     1.5
  EHMH10  宮窪          34.192  133.058    11     6     4            11     1.5
  HRS005  油木          34.777  133.281    10    11     4            11     1.6
  SIGH03  信楽          34.853  136.032     8     7     9            11     1.8
  TKS011  東祖谷山      33.875  133.922     5     9     3            11     1.1
  HYG026  五色          34.415  134.792     8    11     4            11     1.5
  WKY002  那賀          34.276  135.430    10     7     5            11     1.9
  MIE008  名張          34.629  136.107    10     8     4            10     1.9
  HYG023  明石          34.644  135.000     8     8     4            10     1.9
  TKS007  市場          34.090  134.285    10     8     4            10     1.7
  NAR002  奈良          34.668  135.835     8     7     4            10     2.0
  NAR004  榛原          34.528  135.951     7     7     3             9     1.4
  EHMH03  新宮          33.915  133.650     5     9     3             9     0.8
  KOCH01  北川          33.542  134.120     6     8     4             9     1.7
  HRS020  因島          34.294  133.178     8     6     3             9     1.5
  KOC004  物部          33.697  133.877     8     8     4             9     1.2
  HRSH03  御調          34.518  133.137     9     6     4             9     1.3
  KOCH05  池川          33.647  133.144     8     6     4             9     1.0
  KYTH07  久御山        34.898  135.746     8     7     3             9     1.8
  OKY011  岡山          34.654  133.907     9     7     3             9     1.2
  OKY012  倉敷          34.589  133.755     6     8     2             8     1.3
  TKSH06  井川          34.000  133.893     5     8     3             8     1.5
  NAR003  大和高田      34.517  135.719     6     8     5             8     1.8
  KOCH13  本山          33.754  133.576     5     8     5             8     1.1
  OSK002  高槻          34.857  135.596     7     7     2             8     1.5
  KGW003  丸亀          34.264  133.790     7     7     2             8     1.3
  MIE011  飯高          34.428  136.333     6     7     3             8     1.0
  KGW002  内海          34.473  134.314     7     6     3             8     1.2
  KOCH09  香北          33.675  133.824     7     7     3             8     1.2
  HYG027  南淡          34.250  134.729     6     6     3             7     1.4
  KOC008  本川          33.776  133.346     5     7     2             7     0.8
  HYG022  西宮          34.746  135.350     5     7     3             7     1.6
  HYG019  加古川        34.832  134.824     7     4     2             7     1.6
  KOC003  安芸          33.501  133.907     5     7     3             7     2.0
  OKY005  落合          35.010  133.732     6     7     3             7     1.3
  HRS021  西城          34.953  133.117     6     6     3             7     0.8
  HYG021  神戸          34.690  135.158     4     6     2             7     1.6
  KOCH11  室戸          33.287  134.160     5     5     2             7     1.4
  OKY004  新見          34.958  133.502     5     6     2             6     1.1
  KGW008  琴南          34.164  133.924     6     6     2             6     1.0
  HRS002  東城          34.895  133.275     4     6     1             6    <0.5
  KGW007  引田          34.227  134.401     6     5     3             6     1.5
  MIE010  伊勢          34.491  136.733     6     5     2             6     1.3
  OKY013  笠岡          34.510  133.510     5     6     2             6     1.0
  KYT013  宇治          34.878  135.805     5     5     5             6     1.7
  HRS009  湯来          34.493  132.279     4     5     1             6     1.0
  OKYH03  岡山          34.778  133.789     4     5     4             6     0.8
  EHM002  新居浜        33.922  133.307     4     5     3             6     0.5
  MIE013  南島          34.278  136.500     5     5     4             6     1.5
  KGW001  土庄          34.545  134.280     5     3     2             5     0.7
  TKS012  池田          34.032  133.809     4     4     2             5     1.2
  SIG009  甲西          35.005  136.085     4     5     3             5     1.4
  OKYH14  北房          34.936  133.620     5     4     1             5     0.5
  MIEH03  嬉野          34.547  136.369     4     5     3             5     0.7
  OSK005  大阪          34.725  135.510     5     4     2             5     1.2
  MIE005  上野          34.768  136.115     4     4     4             5     1.2
  SIG010  大津          34.972  135.897     3     5     3             5     1.5
  OSKH02  此花          34.663  135.390     3     4     3             5     1.4
  EHM001  伊予三島      33.979  133.549     4     4     2             5     1.0
  OSK001  能勢          34.971  135.390     3     5     3             5     1.3
  FKIH05  敦賀          35.639  136.030     4     5     3             5     1.7
  HRSH18  東広島        34.457  132.792     4     3     2             5     0.7
  MIEH06  宮川          34.358  136.329     4     3     2             5     0.7
  SIG007  近江八幡      35.134  136.096     3     5     2             5     1.2
  KYTH08  京都          35.009  135.730     4     4     2             5     1.2
  MIE009  松阪          34.575  136.530     3     4     1             4     0.9
  HRSH01  三原          34.374  133.024     4     4     3             4     0.7
  HYGH10  加古川        34.816  134.808     4     4     2             4     1.3
  FKI007  敦賀          35.645  136.058     3     4     1             4     1.3
  HRSH05  神辺          34.557  133.418     3     4     1             4     1.0
  HYG015  三田          34.952  135.271     4     3     1             4     1.2
  KOC017  大豊          33.784  133.730     4     4     1             4     0.9
  OKYH08  哲多          34.910  133.405     4     3     1             4    <0.5
  OSKH04  交野          34.763  135.705     4     3     2             4     1.2
  AIC016  美浜          34.779  136.909     4     3     2             4     1.3
  TTRH02  日野          35.231  133.391     2     4     2             4     0.5
  KOCH12  芸西          33.529  133.819     2     4     2             4     1.1
  MIE007  白山          34.644  136.337     4     2     2             4     0.9
  FKIH04  三方          35.559  135.869     4     4     1             4     1.6
  SIG008  永源寺        35.070  136.295     4     2     2             4     0.8
  HRS017  三原          34.404  133.083     4     2     1             4    <0.5
  EHMH05  砥部          33.711  132.803     4     2     2             4    <0.5
  KGWH03  三木          34.270  134.148     2     4     2             4     0.5
  HYGH11  山東          35.292  134.907     4     3     1             4     1.0
  OSKH05  大阪          34.716  135.520     3     3     1             4     1.1
  HYGH09  東条          34.908  135.084     3     3     1             4     1.2
  MIE004  亀山          34.857  136.449     4     3     1             4     1.0
  KYT011  亀岡          35.017  135.564     3     3     2             4     1.2
  KOCH07  須崎          33.392  133.287     2     3     1             4     0.6
  KOC007  高知          33.561  133.527     3     3     1             4     1.5
  HRS008  向原          34.603  132.720     3     3     2             4     0.6
  OKY001  湯原          35.170  133.731     3     3     1             3     0.9
  OKYH04  真備          34.643  133.686     3     3     1             3    <0.5
  SIG012  甲賀          34.904  136.231     3     3     2             3     0.8
  OKY008  建部          34.870  133.904     2     3     1             3     0.5
  OKY009  吉井          34.918  134.092     3     3     1             3    <0.5
  KYT012  京都          34.996  135.819     2     3     1             3     0.5
  KYT014  南山城        34.773  135.992     3     3     1             3     0.6
  HRS010  世羅          34.587  133.049     2     3     1             3    <0.5
  HYG018  姫路          34.814  134.687     3     3     1             3     0.8
  EHM007  北条          33.962  132.772     3     3     1             3     0.8
  GIFH03  根尾          35.633  136.613     2     3     1             3     0.7
  HRS019  呉            34.253  132.562     2     3     1             3     0.8
  OKYH05  建部          34.868  133.853     2     3     1             3    <0.5
  HYG020  三木          34.798  134.990     2     3     2             3     1.0
  HRSH10  芸北          34.747  132.379     2     2     1             3     0.7
  HRS001  高野          35.034  132.902     3     3     1             3     0.5
  AICH12  幡豆          34.788  137.106     2     3     1             3     1.1
  OKYH06  美星          34.676  133.528     3     2     2             3    <0.5
  KOCH02  吾北          33.708  133.364     3     1     1             3    <0.5
  SIG001  余呉          35.540  136.207     2     3     1             3     1.0
  EHM004  今治          34.062  132.998     2     2     1             3     0.7
  HYGH13  香住          35.621  134.657     3     2     1             3     0.8
  OKY010  備前          34.745  134.188     2     3     1             3    <0.5
  HRSH11  神石          34.822  133.167     2     2     1             3    <0.5
  YMG016  岩国          34.170  132.177     2     3     1             3     1.1
  HYGH06  相生          34.794  134.479     2     2     1             3    <0.5
  FKI001  三国          36.219  136.156     2     2     1             3     0.9
  HRSH07  呉            34.288  132.641     2     2     2             3     0.6
  MIE018  椿世          34.870  136.455     3     2     1             3     0.8
  FKI005  武生          35.907  136.174     2     2     1             3     0.5
  HYGH08  加美          35.101  134.904     2     2     1             2     0.9
  SIGH04  日野          34.964  136.261     1     2     1             2    <0.5
  YMGH17  東和          33.929  132.405     2     2     1             2    <0.5
  HRS018  竹原          34.341  132.907     2     2     2             2     0.8
  HRSH02  大和          34.548  132.948     2     2     1             2    <0.5
  SIG002  今津          35.422  136.024     2     2     1             2     0.7
  OKYH11  勝央          35.073  134.116     2     1     1             2    <0.5
  OKY006  津山          35.068  134.005     2     2     1             2     0.5
  EHM008  松山          33.820  132.728     1     2     1             2     0.5
  FKI008  三方          35.548  135.908     2     2     1             2     0.9
  SIG005  彦根          35.249  136.242     2     2     2             2     0.6
  FKIH02  織田          35.948  136.056     2     2     1             2     0.6
  HRS011  府中          34.569  133.236     2     2     1             2    <0.5
  GIFH12  坂内          35.603  136.413     2     2     1             2    <0.5
  EHMH08  柳谷          33.539  133.002     2     2     1             2    <0.5
  HYG005  和田山        35.341  134.862     2     2     0             2     0.6
  KYT007  芦生          35.306  135.713     2     2     1             2    <0.5
  HYG016  赤穂          34.755  134.390     2     2     1             2     0.9
  HYG009  黒井          35.169  135.104     2     2     0             2     0.6
  SMN016  掛合          35.196  132.815     2     2     1             2    <0.5
  KYT002  久美浜        35.604  134.894     2     2     1             2     0.8
  KOC009  吾川          33.574  133.172     2     1     1             2    <0.5
  EHM009  広田          33.632  132.796     1     2     1             2    <0.5
  OKYH09  湯原          35.181  133.677     1     2     0             2    <0.5
  MIEH07  志摩          34.254  136.822     2     2     1             2     0.5
  OKY015  上斎原        35.279  133.926     1     2     1             2    <0.5
  AIC012  安城          34.912  137.045     1     2     1             2     0.5
  HYG010  丹南          35.059  135.178     1     2     0             2     0.6
  HYG003  出石          35.462  134.876     1     2     0             2    <0.5
  AIC017  田原          34.673  137.261     1     1     1             2     0.7
  MIE003  四日市        34.970  136.636     1     2     1             2     0.7
  FKI002  越廼          36.039  136.014     2     1     0             2     0.5
  AIC014  蒲郡          34.826  137.220     1     2     0             2     0.5
  HYG008  生野          35.148  134.788     1     2     1             2    <0.5
  HYG017  龍野          34.859  134.544     2     1     1             2     0.5
  SMNH02  仁多          35.224  133.086     2     1     0             2    <0.5
  AIC001  尾西          35.298  136.750     2     1     1             2     0.6
  AIC009  豊田          35.081  137.146     1     1     1             2     0.5
  GIFH09  羽島          35.277  136.700     1     1     1             2     0.7
  MIEH01  四日市        34.985  136.456     2     1     1             2    <0.5
  AICH09  豊橋          34.664  137.390     1     1     2             2     0.5
  GIF012  東杉原        35.636  136.488     1     2     0             2    <0.5
  HYG013  市川          34.989  134.763     2     1     1             2    <0.5
  AIC004  名古屋        35.063  136.974     1     1     1             2     0.5
  AICH18  岡崎          34.964  137.238     1     1     1             2    <0.5
  MIE012  志摩          34.254  136.823     1     1     0             2    <0.5
  KOC013  佐賀          33.080  133.101     1     1     1             2     0.7
  TTR003  用瀬          35.343  134.208     1     1     0             2    <0.5
  MIEH02  大山田        34.766  136.284     1     1     1             1    <0.5
  SZO025  湖西          34.719  137.531     1     1     1             1     0.6
  HRSH15  倉橋          34.116  132.505     1     1     1             1    <0.5
  GIFH26  各務原        35.412  136.876     1     1     1             1     0.5
  AIC010  作手          34.980  137.430     1     1     0             1    <0.5
  HRSH04  沼隈          34.379  133.349     1     1     1             1    <0.5
  KYTH01  野田川        35.524  135.124     1     1     1             1    <0.5
  HYGH04  篠山          35.071  135.281     1     1     1             1    <0.5
  YMGH15  徳山          33.972  131.815     1     1     0             1    <0.5
  SZO023  天竜          34.874  137.816     1     1     1             1     0.5
  MIEH08  松阪          34.542  136.503     1     1     1             1    <0.5
  OKYH12  大原          35.100  134.319     1     1     1             1    <0.5
  HYG014  西脇          35.002  135.000     1     1     1             1    <0.5
  AICH15  足助          35.139  137.336     1     1     1             1    <0.5
  EHMH12  宇和          33.427  132.506     1     1     0             1    <0.5
  HRSH14  沖美          34.209  132.406     1     1     0             1    <0.5
  YMGH16  上関          33.826  132.104     1     1     0             1    <0.5
  GIFH07  春日          35.418  136.435     1     1     1             1    <0.5
  HYGH03  波賀          35.219  134.524     1     1     0             1    <0.5
  HYGH12  新宮          34.931  134.542     1     1     0             1    <0.5
  FKIH01  永平寺        36.096  136.362     1     1     0             1    <0.5
  HYGH14  出石          35.457  134.862     1     1     0             1    <0.5
  EHMH07  河辺          33.502  132.748     1     1     0             1    <0.5
  GIFH23  板取          35.724  136.785     1     1     1             1    <0.5
  OITH04  庄内          33.131  131.347     1     1     0             1    <0.5
  AICH19  作手          34.951  137.411     1     1     1             1    <0.5
  HRSH17  戸河内        34.572  132.233     1     1     0             1    <0.5
  KYTH03  福知山        35.313  135.133     1     1     0             1    <0.5
  GIFH06  高富          35.504  136.794     0     0     1             1    <0.5
  HYGH07  夢前          35.032  134.670     1     1     0             1    <0.5
  KOCH10  伊野          33.531  133.439     1     1     0             1    <0.5
  SZOH25  新居          34.691  137.560     1     1     1             1    <0.5
  GIFH27  美濃加茂      35.453  137.004     0     1     1             1    <0.5
  YMGH04  周東          34.027  132.063     1     1     0             1    <0.5
  KOCH03  大正          33.268  132.989     0     1     0             1    <0.5
  HYGH02  南光          35.067  134.423     0     0     0             1    <0.5
  ISKH09  尾口          36.267  136.717     0     0     0             1    <0.5
  GIFH08  大和          35.832  136.962     0     0     0             0    <0.5
  SZOH34  清水北        35.130  138.424     0     0     0             0    <0.5
  SZOH32  龍山東        35.009  137.841     0     0     0             0    <0.5
  GIFH18  馬瀬          35.899  137.149     0     0     0             0    <0.5
  NGNH24  松川          35.615  137.880     0     0     0             0    <0.5