最大加速度リスト

地震発生時刻   2019/01/26-14:16:00.00
震央北緯       33.0°
震央東経       130.6°
震源深さ       10.0km
マグニチュード M4.3

  コード  観測点名      緯度    経度     最大加速度 (ガル) 三成分合成値 計測震度
　　　　　 　　         北緯    東経      N-S   E-W   U-D        (ガル)         
  KMMH01  鹿北          33.109  130.695    74   101    42           105     3.1
  FKO016  大牟田        33.016  130.447    95    79    28            95     3.1
  KMM003  玉名          32.934  130.548    85    44    66            86     3.4
  KMMH17  玉名          32.987  130.561    62    69    23            76     2.8
  KMM002  山鹿          33.019  130.685    24    24    44            44     2.5
  FKO015  柳川          33.163  130.405    22    36     9            36     3.1
  KMMH02  小国          33.122  131.063    35    30     8            35     2.8
  KMMH03  菊池          32.998  130.830    17    17    33            33     2.2
  FKO014  矢部          33.149  130.818    23    25    10            32     2.0
  NGS012  島原          32.788  130.346    25    11    10            26     2.3
  NGS014  口之津        32.611  130.185    19    11     8            20     2.1
  SAGH04  東脊振        33.365  130.405    19     9     4            19     1.8
  KMMH16  益城          32.797  130.820    16    12     9            18     2.3
  KMMH07  三角          32.623  130.558    10    11     6            15     1.6
  KMMH14  豊野          32.635  130.752     7     9    14            15     1.9
  SAG007  佐賀          33.263  130.300     7    14     5            14     2.1
  KMM005  大津          32.876  130.877    13     8     9            14     1.7
  FKOH03  宇美          33.561  130.550    10    10     3            13     0.9
  FKO013  八女          33.225  130.561     9    11     7            11     1.8
  OITH11  九重          33.284  131.212     8     9     3            11     1.6
  SAG005  厳木          33.321  130.064    10     8     3            11     0.9
  KMMH12  人吉          32.205  130.737    10     8     2            10     1.4
  FKOH08  小石原        33.465  130.828     5     8     4             9     1.2
  KGS001  東            32.195  130.176     4     8     2             9     1.4
  KMM009  矢部          32.686  130.989     7     8     6             9     1.5
  KMMH10  新和          32.315  130.181     9     7     4             9     1.6
  KMM011  砥用          32.617  130.865     8     6     3             9     1.6
  KMMH05  波野          32.955  131.221     7     7     8             8     1.7
  OIT005  耶馬渓        33.455  131.114     6     7     2             8     0.8
  KMM008  宇土          32.688  130.658     6     7     4             8     1.6
  FKO011  久留米        33.324  130.512     7     5     7             8     1.7
  KMM001  小国          33.121  131.069     7     8     2             8     1.3
  KMMH09  泉            32.490  130.905     7     7     2             8     1.4
  SAG003  富士          33.373  130.207     6     6     3             7     1.2
  SAG006  武雄          33.192  130.034     6     3     3             7     1.8
  SAG002  唐津          33.425  129.919     3     6     3             7     1.2
  KMM014  五木          32.396  130.827     6     4     3             7     1.0
  FKO004  行橋          33.739  131.010     6     4     3             6     0.8
  FKO010  甘木          33.423  130.669     4     5     6             6     1.3
  KMM010  三角          32.614  130.487     6     4     4             6     1.3
  KMM006  熊本          32.793  130.777     5     4     4             6     1.5
  MYZ008  西都          32.106  131.393     5     4     2             6     1.2
  NGS008  小長井        32.923  130.184     5     5     2             6     1.0
  FKOH10  浮羽          33.289  130.817     5     5     3             6     1.1
  FKO012  浮羽          33.332  130.794     5     5     3             5     1.1
  OITH02  山香          33.458  131.443     4     5     2             5     0.9
  MYZ002  北川          32.698  131.683     4     5     1             5     1.1
  OIT003  豊後高田      33.557  131.446     5     5     1             5     0.9
  FKOH07  大刀洗        33.368  130.635     5     4     5             5     1.1
  NGS009  諫早          32.846  130.022     3     5     2             5     1.2
  KMM018  龍ヶ岳        32.394  130.388     4     4     1             5     0.6
  KMM022  牛深          32.194  130.026     4     4     3             5     1.2
  KMM007  高森          32.827  131.123     4     5     3             5     1.2
  SAG004  伊万里        33.265  129.881     4     4     2             5     0.8
  NGS010  長崎          32.735  129.876     4     3     2             4     0.5
  KMM017  多良木        32.256  130.926     4     3     2             4     0.7
  MYZH04  諸塚          32.518  131.335     3     3     2             4     0.9
  KMM004  一の宮        32.932  131.121     4     4     2             4     0.9
  KGS003  大口          32.056  130.587     3     4     2             4     1.0
  FKOH06  豊前          33.593  131.135     3     3     1             4     0.6
  FKO009  筑紫野        33.495  130.516     3     3     4             4     0.8
  NGS011  千々石        32.784  130.202     3     3     2             4     1.2
  MYZ020  椎葉          32.455  131.147     4     3     2             4     0.9
  OIT015  竹田          32.972  131.397     3     3     2             4     0.5
  NGS019  大村          32.900  129.958     4     3     1             4     1.1
  MYZH03  椎葉          32.475  131.104     3     3     2             4     0.6
  OIT002  中津          33.569  131.268     3     4     2             4     1.0
  SAG008  鹿島          33.104  130.100     2     3     1             3     0.6
  MYZ006  都農          32.257  131.561     3     2     1             3     0.6
  MYZH08  川南          32.213  131.531     3     3     1             3     0.6
  SAGH01  鎮西          33.508  129.888     3     3     1             3    <0.5
  NGSH01  平戸          33.212  129.435     3     2     1             3     0.7
  OIT006  院内          33.424  131.315     3     2     1             3    <0.5
  FKO007  前原          33.561  130.202     3     3     1             3     1.0
  KMM013  田浦          32.365  130.510     2     2     2             3     0.8
  KGS006  横川          31.906  130.702     3     2     2             3     0.7
  MYZH15  日向          32.365  131.589     2     3     1             3    <0.5
  MYZ007  西米良        32.235  131.116     2     3     0             3    <0.5
  KMMH11  芦北          32.292  130.578     3     2     1             3    <0.5
  KMM020  新和          32.364  130.181     2     3     1             3     0.6
  OIT016  佐伯          32.975  131.903     3     2     1             3     1.0
  KMM019  本渡          32.455  130.181     2     2     1             3     0.5
  KMM016  人吉          32.197  130.776     3     2     2             3     0.9
  OITH04  庄内          33.131  131.347     3     2     2             3     0.5
  MYZH01  五ヶ瀬        32.654  131.226     2     2     2             3     0.9
  OITH07  三重          32.987  131.588     2     2     2             3     0.9
  MYZ001  高千穂        32.705  131.309     2     2     1             3     0.6
  MYZ003  延岡          32.566  131.660     2     2     2             3     0.8
  MYZ004  南郷          32.389  131.334     2     2     1             3    <0.5
  OIT009  湯布院        33.257  131.344     2     2     1             3     0.6
  KMMH06  白水          32.811  131.101     2     2     1             3    <0.5
  KMMH08  矢部          32.650  131.025     2     2     1             2     0.5
  KMM015  水俣          32.216  130.405     2     2     1             2     0.8
  FKO008  添田          33.572  130.854     2     2     1             2     0.6
  KGSH01  長島          32.155  130.119     2     2     1             2     0.6
  KGS036  上甑          31.836  129.868     1     2     1             2     0.6
  NGS003  志々伎        33.202  129.413     2     2     0             2    <0.5
  NGS023  郷ノ浦        33.750  129.690     2     1     2             2    <0.5
  KGS004  阿久根        32.014  130.193     2     2     1             2     0.9
  NGS002  松浦          33.344  129.705     2     1     1             2     0.9
  NGSH06  長崎          32.700  129.863     2     2     2             2    <0.5
  MYZ011  綾            31.995  131.256     2     2     1             2    <0.5
  MYZH13  都城南        31.730  131.079     2     1     1             2    <0.5
  NGSH03  佐世保南      33.126  129.810     2     1     1             2    <0.5
  OITH08  宇目西        32.839  131.536     2     1     1             2    <0.5
  NGS001  平戸          33.362  129.538     2     2     1             2     0.5
  YMG008  山口          34.012  131.404     2     1     0             2    <0.5
  KGS005  宮之城        31.901  130.451     1     2     1             2    <0.5
  SAGH05  白石          33.181  130.105     2     1     1             2    <0.5
  KMM021  天草          32.379  130.000     1     2     1             2     0.7
  OIT004  国東          33.567  131.738     2     1     1             2    <0.5
  KMMH15  水俣          32.170  130.365     1     1     1             1    <0.5
  YMG011  下関          34.064  131.021     1     1     1             1    <0.5
  MYZH16  延岡          32.506  131.696     1     1     0             1    <0.5
  OITH10  佐伯          32.928  131.869     1     1     0             1    <0.5
  KGSH02  阿久根        31.994  130.208     1     1     0             1    <0.5
  KGSH05  祁答院        31.870  130.496     1     1     0             1    <0.5
  KGSH07  姶良          31.714  130.615     1     1     0             1    <0.5
  KGSH06  郡山          31.699  130.459     1     1     0             1    <0.5
  YMGH07  菊川          34.115  131.051     0     1     1             1    <0.5
  KGSH03  宮之城        31.981  130.444     1     1     0             1    <0.5
  OITH03  安岐          33.474  131.686     1     0     0             1    <0.5