最大加速度リスト

地震発生時刻   2020/04/23-13:57:00.00
震央北緯       36.2°
震央東経       137.7°
震源深さ       5.0km
マグニチュード M5.0

  コード  観測点名      緯度    経度     最大加速度 (ガル) 三成分合成値 計測震度
　　　　　 　　         北緯    東経      N-S   E-W   U-D        (ガル)         
  NGN013  安曇          36.183  137.785    29    40    61            61     3.0
  GIF004  栃尾          36.249  137.517    45    39    21            51     2.9
  GIFH14  上宝          36.249  137.517    35    42    12            47     2.8
  NGN019  木曽福島      35.856  137.708    24    32    11            34     2.0
  GIF007  高根          36.038  137.486    25    27    16            31     2.6
  NGNH30  奈川          36.064  137.685    21    27     8            27     2.2
  NGNH18  開田          35.932  137.595    17    19    11            23     2.3
  GIF003  神岡          36.332  137.301    15     9    10            15     1.2
  NGN017  楢川          35.975  137.826    11     8     6            13     1.7
  NGN009  穂高          36.338  137.869     9    10     6            11     2.0
  NGN018  王滝          35.813  137.530     6    10     5            11     1.2
  NGN008  上田          36.402  138.248     7     9     2             9     1.3
  NGN022  南木曽        35.608  137.613     5     7     3             8     0.6
  NGN015  諏訪          36.045  138.112     7     5     4             8     1.9
  NGN006  大町          36.509  137.851     5     8     4             8     1.0
  NGNH34  大町中        36.533  137.820     6     5     3             8     1.2
  NGNH14  平谷          35.309  137.626     6     5     1             8     1.0
  NGNH31  塩尻          36.118  137.939     4     7     4             7     1.2
  GIFH10  神岡          36.378  137.372     6     5     4             6     0.9
  NGNH20  上松          35.787  137.717     5     5     2             6     0.8
  NGNH23  南木曽        35.606  137.611     6     5     3             6     1.1
  NGNH10  木祖          35.963  137.767     5     5     3             6     1.5
  NGNH15  辰野          36.009  137.930     6     4     4             6     0.9
  NGN012  松本          36.256  137.978     5     2     2             6     1.4
  NGNH32  松本          36.258  137.990     6     4     3             6     1.4
  GIFH15  高山          36.134  137.221     4     2     1             4     1.0
  GIFH16  朝日北        36.094  137.344     3     3     1             4     0.5
  NGNH03  阿智2         35.479  137.735     3     4     2             4     0.7
  GIF008  小坂          35.952  137.260     4     3     1             4    <0.5
  NGN024  飯田          35.523  137.837     3     3     2             4     0.7
  GIF018  中津川        35.489  137.500     3     3     1             4     0.6
  AIC008  設楽          35.101  137.576     2     3     1             3     0.5
  AICH16  設楽          35.154  137.535     2     3     1             3     0.5
  NGN016  富士見        35.913  138.223     3     3     1             3     1.0
  NGN023  大鹿          35.579  138.034     2     3     2             3     0.5
  GIFH19  朝日南        36.022  137.391     2     3     1             3    <0.5
  NGN002  信濃          36.807  138.207     3     3     1             3     0.9
  NGN005  白馬          36.698  137.854     2     2     1             3     0.5
  NGN007  杭瀬下        36.534  138.119     2     3     2             3     0.6
  GIFH24  東白川        35.640  137.319     2     2     1             3    <0.5
  AIC010  作手          34.980  137.430     2     1     1             2    <0.5
  GIF024  明智          35.301  137.387     2     2     1             2    <0.5
  NGN025  天龍          35.286  137.857     2     2     1             2    <0.5
  TYM011  芦弁          36.578  137.385     2     2     2             2    <0.5
  GNM014  坂本          36.347  138.721     2     2     1             2    <0.5
  GIF019  恵那          35.450  137.404     1     2     0             2    <0.5
  AIC009  豊田          35.081  137.146     2     2     1             2     0.6
  SZO022  佐久間        35.092  137.814     1     2     1             2     0.5
  GIF010  下呂          35.803  137.245     2     2     1             2    <0.5
  GIF002  河合          36.273  137.025     2     2     1             2    <0.5
  NGN003  山ノ内        36.740  138.413     2     2     1             2    <0.5
  GNMH12  神流          36.144  138.913     1     2     1             2    <0.5
  AIC005  藤岡          35.198  137.206     1     2     0             2    <0.5
  GIF023  土岐          35.388  137.216     2     1     1             2    <0.5
  GIFH11  八百津        35.486  137.246     2     1     1             2    <0.5
  SZO023  天竜          34.874  137.816     2     1     1             2     0.8
  NGN014  小海          36.096  138.484     2     1     1             2    <0.5
  GIFH18  馬瀬          35.899  137.149     2     2     0             2    <0.5
  TYMH07  利賀          36.441  137.039     1     2     2             2    <0.5
  NGNH25  南信濃        35.299  137.927     1     2     0             2    <0.5
  SZOH30  水窪北        35.223  137.918     1     1     0             2    <0.5
  AICH15  足助          35.139  137.336     2     1     1             2    <0.5
  NIGH06  加茂          37.653  139.068     1     1     0             2     0.5
  KNGH10  横浜          35.499  139.519     1     1     1             2     0.6
  AICH18  岡崎          34.964  137.238     1     1     1             2    <0.5
  YMNH10  早川北        35.535  138.309     1     2     0             2    <0.5
  GNMH08  嬬恋          36.492  138.524     1     1     1             1    <0.5
  SZO015  梅ヶ島        35.243  138.341     1     1     1             1    <0.5
  KNG206  平塚ST6       35.097  139.378     1     1     0             1     0.5
  SZO025  湖西          34.719  137.531     1     1     0             1     0.6
  NGNH24  松川          35.615  137.880     1     1     1             1    <0.5
  NIGH17  妙高高原      36.857  138.097     1     1     1             1    <0.5
  NGNH54  飯田          35.449  138.006     1     1     1             1    <0.5
  AICH19  作手          34.951  137.411     0     1     0             1    <0.5
  AICH20  新城          34.898  137.488     1     1     1             1    <0.5
  SZOH34  清水北        35.130  138.424     1     1     0             1    <0.5
  SZOH32  龍山東        35.009  137.841     1     1     0             1    <0.5
  NGNH28  戸隠          36.708  138.096     1     1     0             1    <0.5
  NGNH29  野沢温泉      36.910  138.441     1     1     0             1    <0.5
  SZOH25  新居          34.691  137.560     1     1     0             1    <0.5
  YMNH12  増穂          35.562  138.449     1     1     0             1    <0.5
  NIGH11  川西          37.173  138.744     1     0     1             1    <0.5
  TYMH04  魚津          36.791  137.469     0     0     0             1    <0.5
  ISKH06  志賀          37.053  136.821     0     0     0             1    <0.5
  GIFH27  美濃加茂      35.453  137.004     0     0     0             0    <0.5
  SZOH53  掛川3         34.877  138.017     0     0     0             0    <0.5