最大加速度リスト

地震発生時刻   2018/09/14-10:54:00.00
震央北緯       37.1°
震央東経       140.9°
震源深さ       74.0km
マグニチュード M3.9

  コード  観測点名      緯度    経度     最大加速度 (ガル) 三成分合成値 計測震度
　　　　　 　　         北緯    東経      N-S   E-W   U-D        (ガル)         
  FKS006  葛尾          37.503  140.759    16    28     6            28     2.6
  FKS008  船引          37.436  140.567    16    17     7            22     2.0
  IBRH06  北茨城2       36.881  140.655    12    19     4            19     2.0
  FKS009  小野          37.278  140.635    17    17     3            19     1.7
  FKSH19  都路          37.470  140.723    12    16     6            18     1.8
  IBRH13  高萩          36.795  140.575    17    11     6            17     1.9
  FKSH12  平田          37.217  140.570    11    14     6            15     1.9
  FKS014  矢祭          36.886  140.417     6    15     4            15     1.3
  FKSH18  三春          37.489  140.538    12    14     6            15     1.7
  FKS016  白河          37.123  140.191     9    14     5            14     1.7
  IBR003  日立          36.592  140.645    11    10     5            13     1.1
  TCG009  今市          36.726  139.715    10    12     2            12     2.2
  IBRH12  大子          36.837  140.318     7     9     2            12     1.4
  FKS013  古殿          37.090  140.556    11     8     4            12     1.5
  FKSH09  郡山          37.353  140.426    10     9     3            11     1.0
  FKS019  二本松        37.603  140.437    10     8     4            10     1.1
  IBR001  大子          36.776  140.357     8     7     2            10     1.8
  FKS010  広野          37.234  141.002     4     8     5             9     1.1
  FKS031  川内          37.336  140.813     8     4     7             8     0.9
  FKSH10  西郷          37.162  140.093     6     7     4             8     1.3
  MYGH07  川崎          38.180  140.641     5     8     1             8     1.1
  IBR005  笠間          36.385  140.237     6     7     3             8     1.5
  FKS018  郡山          37.396  140.362     7     7     3             8     1.2
  FKS004  飯舘          37.680  140.735     5     7     3             7     0.9
  FKSH17  川俣          37.664  140.597     4     6     2             7     1.1
  TCG014  茂木          36.545  140.174     3     6     2             6     1.3
  TCGH11  今市          36.708  139.769     5     4     1             5     0.8
  FKS007  大熊          37.406  140.963     5     3     3             5    <0.5
  FKSH20  浪江          37.491  140.987     4     4     3             5     1.0
  FKS017  須賀川        37.284  140.369     4     4     3             5     0.9
  FKS003  福島          37.761  140.480     3     4     2             4     0.5
  FKS002  梁川          37.845  140.601     3     4     1             4    <0.5
  FKS024  中野          37.396  140.132     2     4     1             4     0.7
  IBR007  那珂湊        36.352  140.595     4     3     2             4     0.9
  FKS005  原町          37.639  140.985     3     3     1             4     0.5
  YMTH04  上山          38.081  140.298     4     2     1             4    <0.5
  MYGH10  山元          37.941  140.892     2     3     1             4     0.6
  IBR004  大宮          36.552  140.410     3     3     1             4     0.5
  TCG006  小川          36.764  140.130     4     2     1             4     0.6
  FKS015  棚倉          37.022  140.377     3     3     1             4     0.6
  FKS001  相馬          37.795  140.920     2     3     2             4     0.8
  MYG015  岩沼          38.105  140.870     3     2     1             3     0.7
  TCGH14  粟野          36.551  139.615     2     3     1             3    <0.5
  FKS020  猪苗代        37.547  140.108     2     2     1             3     0.5
  IBRH10  石下          36.111  139.989     2     2     1             3     0.8
  TCG001  黒磯          36.942  140.083     2     2     1             3    <0.5
  FKS011  いわき        37.091  140.904     2     2     2             2    <0.5
  TCG005  矢板          36.806  139.926     2     2     0             2    <0.5
  FKS012  勿来          36.907  140.793     2     2     2             2    <0.5
  FKSH08  長沼          37.282  140.214     2     2     1             2    <0.5
  GNM009  桐生          36.411  139.325     2     1     2             2    <0.5
  FKS025  下郷          37.308  139.900     1     1     2             2    <0.5
  IBR016  取手          35.911  140.049     2     2     1             2    <0.5
  IBR017  江戸崎        35.954  140.319     2     2     1             2    <0.5
  TCG003  藤原          36.814  139.715     2     2     1             2    <0.5
  TCG011  葛生          36.387  139.614     2     1     1             2    <0.5
  TCG010  足尾          36.635  139.438     1     2     1             2    <0.5
  IBRH19  つくば        36.214  140.089     1     1     1             2    <0.5
  MYGH14  利府          38.340  140.955     2     1     1             2    <0.5
  IBR010  下妻          36.184  139.965     1     2     1             2    <0.5
  MYGH08  岩沼          38.113  140.844     1     1     1             2    <0.5
  MYGH09  白石          38.009  140.603     1     1     1             1    <0.5
  TCGH09  矢板          36.862  139.836     1     1     0             1    <0.5
  YMTH02  山形          38.269  140.258     1     1     0             1    <0.5
  YMTH14  西川西        38.386  139.992     1     0     0             1    <0.5