最大加速度リスト

地震発生時刻   2012/07/10-12:49:00.00
震央北緯       36.8°
震央東経       138.4°
震源深さ       9.0km
マグニチュード M5.2

  コード  観測点名      緯度    経度     最大加速度 (ガル) 三成分合成値 計測震度
　　　　　 　　         北緯    東経      N-S   E-W   U-D        (ガル)         
  NGN003  山ノ内        36.740  138.413   149   217   148           239     3.9
  NGN001  飯山          36.851  138.366   217   159   163           222     4.4
  NGNH07  中野          36.743  138.376   135   193   118           221     3.9
  NGN002  信濃          36.807  138.207    97   148    60           169     4.3
  NGNH29  野沢温泉      36.910  138.441    97   140    76           140     3.7
  NIGH18  妙高          36.943  138.259    71   118    39           122     3.9
  NIG026  新井          37.023  138.251    27    62    12            63     3.0
  NIGH13  牧            37.054  138.397    36    50    10            51     3.2
  GNMH13  水上2         36.862  139.063    47    25     6            47     2.8
  NIGH17  妙高高原      36.857  138.097    32    32    11            37     3.3
  NIGH19  湯沢          36.811  138.785    17    30     9            30     2.3
  NGNH28  戸隠          36.708  138.096    21    21     7            29     2.9
  NGN004  長野          36.649  138.194    28    20    16            28     2.5
  NIG025  直江津        37.161  138.224    14    25     5            25     3.1
  NGNH26  上山田        36.466  138.147    21    12    14            21     2.0
  NIG024  安塚          37.127  138.444    19    18     5            21     2.4
  NGN007  杭瀬下        36.534  138.119    19    14    11            20     2.2
  NIG022  塩沢          37.036  138.846    18    14     6            18     2.3
  NGN005  白馬          36.698  137.854    13    13     5            17     2.7
  NIGH14  塩沢          37.030  138.852    13    14     7            15     2.0
  FKS029  桧枝岐        37.016  139.380    13    13     3            14     1.4
  GNM005  嬬恋          36.513  138.518     8    13     4            13     1.9
  NIG027  糸魚川        37.023  137.862    12    12     5            13     2.0
  NGN008  上田          36.402  138.249     7    12     4            13     1.9
  GNMH08  嬬恋          36.492  138.524    12    11     7            12     2.2
  NGN006  大町          36.509  137.851    10    12     7            12     1.5
  NGNH16  茅野          35.947  138.185     7    11     5            12     1.8
  NIG019  小千谷        37.304  138.812    10    11     6            12     2.0
  GNM002  水上          36.782  138.970    10     7     4            11     1.2
  NIG021  十日町        37.201  138.778     6     8    10            11     1.6
  NIG018  柏崎          37.372  138.558     8     9     3            10     1.9
  NIGH06  加茂          37.653  139.068     7     9     4            10     1.9
  FKSH07  檜枝岐        37.010  139.375     9     6     5            10     0.9
  NIG023  津南          37.015  138.653     6     8     3             9     1.6
  NGN015  諏訪          36.045  138.112     7     8     4             9     2.1
  NGNH27  信州新        36.577  138.048     8     6     3             9     2.0
  GIF007  高根          36.038  137.486     7     6     3             8     1.7
  NIG012  鹿瀬          37.686  139.477     7     7     2             8     1.7
  NIGH09  下田          37.539  139.128     8     4     2             8     1.2
  NGN014  小海          36.096  138.484     7     3     2             7     0.9
  GNM001  片品          36.772  139.225     5     6     6             7     0.8
  FKSH21  只見          37.342  139.315     7     6     3             7     1.6
  NGN016  富士見        35.913  138.223     5     7     1             7     1.3
  NIGH11  川西          37.173  138.744     7     4     5             7     1.3
  GNMH09  高山          36.621  138.907     4     6     2             7     1.2
  NIGH12  湯之谷        37.224  138.982     6     7     2             7     1.3
  NGN017  楢川          35.975  137.826     4     6     3             7     0.9
  GNM003  沼田          36.658  139.078     7     4     3             7     1.2
  NGNH34  大町中        36.533  137.820     2     4     6             6     0.9
  NIG004  小木          37.821  138.280     5     5     2             6     1.6
  NIGH15  六日          37.053  138.995     5     3     2             6     0.8
  NIG003  佐和田        37.998  138.323     5     5     2             5     1.5
  NGNH18  開田          35.932  137.595     4     4     2             5     1.2
  FKS023  会津若松      37.477  139.929     5     5     2             5     1.6
  NIG028  長岡支所      37.426  138.886     5     3     4             5     1.4
  FKS026  南郷          37.266  139.539     5     3     1             5     0.9
  NIG017  長岡          37.442  138.843     4     5     3             5     1.2
  GNM004  草津          36.617  138.592     5     5     2             5     1.3
  FKSH06  伊南          37.172  139.520     5     3     2             5     0.8
  NGNH30  奈川          36.064  137.685     3     5     2             5     0.7
  TCGH07  栗山西        36.882  139.453     5     5     4             5     1.1
  NIGH10  上川          37.544  139.365     3     5     2             5     1.0
  FKS016  白河          37.123  140.191     5     4     1             5     1.1
  NGN011  長門          36.256  138.267     3     5     2             5     0.8
  NGNH32  松本          36.258  137.990     4     4     4             5     1.1
  NIGH05  聖籠          37.976  139.279     5     4     1             5     1.3
  NIGH02  朝日          38.280  139.549     5     2     2             5     1.3
  NIG013  巻            37.764  138.883     4     3     1             5     1.8
  NGNH33  生坂          36.460  137.964     4     4     4             5     1.1
  NGNH31  塩尻          36.118  137.939     3     4     4             5     0.7
  NGNH13  喬木          35.514  137.877     4     4     3             4     0.7
  FKS027  滝原          37.070  139.681     4     3     1             4    <0.5
  NGNH37  御代田        36.331  138.497     4     3     2             4     1.3
  NGN012  松本          36.256  137.978     3     4     4             4     1.1
  NGNH03  阿智2         35.479  137.735     2     4     2             4     1.1
  FKSH04  会津高田      37.451  139.813     3     3     1             4     1.0
  NGN024  飯田          35.523  137.837     3     3     3             4     0.9
  NIGH07  村松          37.666  139.261     3     3     1             4     0.7
  AICH17  豊根          35.184  137.727     3     3     1             4     0.8
  FKS025  下郷          37.308  139.900     3     3     3             4     0.7
  FKS022  西会津        37.600  139.647     3     3     2             4     0.9
  FKSH10  西郷          37.162  140.093     2     4     1             4     0.5
  NIGH04  関川          38.131  139.543     3     3     2             4     1.0
  TCG004  湯元          36.806  139.420     3     3     2             3     0.7
  TCG014  茂木          36.545  140.174     3     2     0             3     1.0
  FKS028  只見          37.349  139.314     3     3     2             3     0.9
  NIG009  新発田        37.951  139.338     3     2     1             3     1.0
  NGNH11  富士見        35.916  138.305     2     2     2             3     0.7
  ISKH03  内浦          37.346  137.244     2     3     1             3     0.8
  NGN013  安曇          36.183  137.785     3     2     2             3     0.6
  NIG005  松ヶ崎        37.920  138.498     2     3     1             3     0.7
  FKS030  金山          37.453  139.513     3     2     1             3    <0.5
  TYM002  氷見          36.866  136.975     3     2     2             3     1.6
  NGNH12  南牧          35.970  138.480     2     2     1             3     0.7
  NGN019  木曽福島      35.856  137.708     3     2     2             3    <0.5
  ISK005  穴水          37.231  136.904     3     2     1             3     1.4
  NIG014  三条          37.641  138.956     2     3     1             3     1.4
  NGN009  穂高          36.338  137.869     2     2     2             3     0.7
  NGNH23  南木曽        35.606  137.611     3     2     2             3     0.5
  TCGH17  藤原2         36.985  139.692     3     2     1             3    <0.5
  IBRH12  大子          36.837  140.318     3     1     1             3     0.5
  NGN010  小諸          36.328  138.436     2     2     1             3     1.2
  NIG008  中条          38.053  139.405     2     2     1             3     0.6
  TCGH08  栗山東        36.883  139.646     2     2     2             3     0.7
  NIG015  村松          37.694  139.189     2     2     1             3     0.8
  NIGH08  津川          37.671  139.465     2     2     1             2     0.7
  ISKH05  穴水          37.222  136.969     2     2     0             2    <0.5
  TCGH16  芳賀          36.548  140.075     2     2     0             2     0.7
  GNMH07  利根          36.700  139.210     2     2     2             2    <0.5
  GNMH12  神流          36.144  138.913     1     2     2             2     0.5
  NIG011  新津          37.801  139.144     2     2     1             2     0.9
  NIG002  両津          38.075  138.440     2     2     1             2     1.1
  NIG007  村上          38.230  139.486     2     1     1             2     0.8
  AIC008  設楽          35.101  137.576     2     2     1             2    <0.5
  YMT013  小国          38.062  139.757     2     2     1             2     0.6
  TYM004  宇奈月        36.862  137.527     2     2     1             2     0.7
  GNM006  吾妻          36.510  138.752     2     1     1             2    <0.5
  NIG001  岩谷口        38.258  138.434     1     2     1             2     0.8
  NIG006  寒川          38.450  139.496     2     1     1             2     0.6
  NGNH20  上松          35.787  137.717     2     2     1             2    <0.5
  NIG016  寺泊          37.642  138.768     2     2     1             2     0.5
  ISK002  正院          37.444  137.288     2     2     1             2     1.1
  ISK007  七尾          37.043  136.968     2     1     0             2     1.1
  NGN023  大鹿          35.579  138.034     2     2     0             2    <0.5
  NIGH03  荒川          38.133  139.429     1     2     0             2     0.7
  FKSH02  熱塩加納      37.732  139.882     1     1     1             2    <0.5
  TCGH11  今市          36.708  139.769     2     1     0             2    <0.5
  NGNH17  佐久          36.142  138.550     1     2     1             2    <0.5
  NGN018  王滝          35.813  137.530     2     1     1             2     0.5
  GIFH15  高山          36.134  137.221     1     1     1             2     0.9
  ISK008  羽咋          36.892  136.778     2     1     1             2     1.0
  GIF018  中津川        35.489  137.500     1     2     1             2     0.8
  FKS024  中野          37.396  140.132     2     2     1             2     0.8
  FKSH11  矢吹          37.201  140.339     1     1     1             2    <0.5
  SIT014  中津川        35.995  138.801     1     1     1             2    <0.5
  NGNH10  木祖          35.963  137.767     1     2     1             2    <0.5
  FKSH01  西会津        37.757  139.715     1     1     0             2    <0.5
  TCG002  塩原          36.990  139.803     1     1     1             2    <0.5
  AICH16  設楽          35.154  137.535     1     1     0             2    <0.5
  FKSH03  高郷          37.608  139.753     1     1     1             1    <0.5
  NGNH24  松川          35.615  137.880     1     1     1             1    <0.5
  YMTH07  米沢          37.896  140.028     1     1     0             1    <0.5
  IBRH11  岩瀬          36.370  140.140     1     1     1             1    <0.5
  GIFH13  白川          36.274  136.898     1     1     1             1     0.6
  FKS021  喜多方        37.654  139.863     1     1     0             1    <0.5
  GIF001  白川          36.274  136.898     1     1     1             1     0.6
  NGNH19  川上          35.974  138.584     1     1     1             1    <0.5
  AIC009  豊田          35.081  137.146     1     1     1             1     0.6
  NGNH21  伊那          35.831  137.924     1     1     1             1    <0.5
  GIFH11  八百津        35.486  137.246     1     0     0             1    <0.5
  GIFH28  中津川        35.457  137.471     1     1     1             1    <0.5
  ISK015  大町          37.227  136.909     1     1     0             1    <0.5
  YMNH15  上九一色      35.532  138.605     1     1     0             1    <0.5
  TYMH06  八尾          36.571  137.160     1     1     0             1    <0.5
  GNMH11  富岡          36.286  138.921     1     1     1             1    <0.5
  GIFH20  下呂北        35.799  137.253     1     1     0             1    <0.5
  TYMH04  魚津          36.791  137.469     1     0     1             1    <0.5
  YMTH02  山形          38.269  140.258     1     1     0             1    <0.5
  YMTH14  西川西        38.386  139.992     1     1     1             1    <0.5
  GIFH14  上宝          36.249  137.517     1     1     1             1    <0.5
  SITH08  小鹿野        36.027  138.969     1     1     0             1    <0.5
  AICH20  新城          34.898  137.488     0     1     0             1    <0.5
  NGNH22  長谷          35.795  138.082     1     1     1             1    <0.5
  AICH15  足助          35.139  137.336     1     1     0             1    <0.5
  YMNH16  甲府2         35.742  138.565     1     1     1             1    <0.5
  TCGH09  矢板          36.862  139.836     1     0     0             1    <0.5
  NGNH25  南信濃        35.299  137.927     1     1     0             1    <0.5
  AICH18  岡崎          34.964  137.238     0     1     0             1    <0.5
  AICH07  旭            35.219  137.404     1     0     0             1    <0.5
  FKSH20  浪江          37.491  140.987     1     1     0             1    <0.5
  GIFH24  東白川        35.640  137.319     1     1     0             1    <0.5
  NGNH54  飯田          35.449  138.006     1     1     0             1    <0.5
  GIFH10  神岡          36.378  137.372     1     1     0             1    <0.5
  TCGH10  大田原        36.858  140.023     1     0     0             1    <0.5
  YMNH12  増穂          35.562  138.449     0     1     0             1    <0.5
  YMTH13  朝日          38.470  139.761     0     0     0             1    <0.5
  GIFH19  朝日南        36.022  137.391     0     0     0             1    <0.5
  TCGH06  真岡          36.446  139.951     1     0     0             1    <0.5
  SZOH34  清水北        35.130  138.424     0     0     0             0    <0.5
  YMNH10  早川北        35.535  138.309     0     0     0             0    <0.5
  KNGH18  藤野          35.644  139.128     0     0     0             0    <0.5
  GIFH18  馬瀬          35.899  137.149     0     0     0             0    <0.5
  YMTH12  立川          38.636  140.006     0     0     0             0    <0.5
  SZOH32  龍山東        35.009  137.841     0     0     0             0    <0.5
  GIFH27  美濃加茂      35.453  137.004     0     0     0             0    <0.5
  YMNH13  身延          35.351  138.420     0     0     0             0    <0.5
  YMTH08  八幡          38.970  140.033     0     0     0             0    <0.5
  ISKH09  尾口          36.267  136.717     0     0     0             0    <0.5
  GIFH03  根尾          35.633  136.613     0     0     0             0    <0.5