最大加速度リスト

地震発生時刻   2019/12/03-10:18:00.00
震央北緯       36.1°
震央東経       139.8°
震源深さ       52.0km
マグニチュード M4.7

  コード  観測点名      緯度    経度     最大加速度 (ガル) 三成分合成値 計測震度
　　　　　 　　         北緯    東経      N-S   E-W   U-D        (ガル)         
  GNM009  桐生          36.411  139.325   110   236    47           255     3.7
  TCGH14  粟野          36.551  139.615   129   128    55           159     3.2
  GNM011  太田          36.291  139.361    92   135    27           139     3.8
  TCGH06  真岡          36.446  139.951   114    42    17           115     3.0
  GNM010  館林          36.234  139.533    38    91    30            93     3.0
  TCGH11  今市          36.708  139.769    65    76    26            85     3.1
  TCG011  葛生          36.387  139.614    74    66    41            78     3.0
  SIT004  長瀞          36.118  139.105    66    46    20            70     3.0
  IBR009  古河          36.185  139.704    28    62    39            68     2.8
  IBRH15  御前山        36.557  140.301    57    65    22            68     2.9
  IBR004  大宮          36.552  140.410    62    50    26            67     3.0
  TCG010  足尾          36.635  139.438    53    53    21            66     2.6
  TCGH12  氏家          36.696  139.984    46    52    19            62     3.0
  TCG009  今市          36.726  139.715    41    53    25            60     3.3
  GNMH14  みどり        36.493  139.322    50    35    14            58     2.2
  TCG003  藤原          36.814  139.715    53    34    18            56     2.6
  IBR013  鉾田          36.159  140.489    44    33    35            54     2.8
  TCG007  宇都宮        36.569  139.886    33    53    23            54     2.5
  GNM003  沼田          36.658  139.078    48    48    20            53     2.8
  SITH06  川本          36.113  139.289    38    44    15            53     3.0
  GNM001  片品          36.772  139.225    49    32    22            51     2.6
  TCGH09  矢板          36.862  139.836    22    51    12            51     2.5
  GNMH13  水上2         36.862  139.063    29    49    17            51     3.0
  TCG014  茂木          36.545  140.174    44    45    12            51     3.2
  TCG012  小山          36.286  139.805    27    45    16            50     2.9
  IBRH11  岩瀬          36.370  140.140    45    36    20            48     2.6
  IBR008  下館          36.306  139.983    39    41    36            47     2.6
  TCG005  矢板          36.806  139.926    39    47     9            47     2.9
  GNM012  伊勢崎        36.315  139.192    30    34    21            45     2.7
  SITH11  飯能          35.864  139.273    28    42    16            44     3.1
  TCGH16  芳賀          36.548  140.075    30    42    13            43     2.8
  IBRH17  霞ヶ浦        36.086  140.314    29    23    43            43     2.4
  GNMH07  利根          36.700  139.210    29    32    11            42     2.2
  IBRH16  山方          36.641  140.398    20    40    11            40     2.5
  TCG008  鹿沼          36.560  139.768    32    32    31            38     2.9
  IBR005  笠間          36.385  140.237    33    30    18            37     2.4
  GNMH12  神流          36.144  138.913    25    33    24            36     2.8
  TCG015  芹沼          36.749  139.714    20    34    17            36     2.3
  IBRH12  大子          36.837  140.318    14    30    10            34     2.3
  CHB001  野田          35.959  139.873    23    31    17            33     2.5
  SIT007  東松山        36.054  139.391    24    27    10            33     2.5
  SIT003  久喜          36.072  139.697    17    26    12            31     2.4
  SIT002  熊谷          36.148  139.388    17    25     8            31     2.6
  TCG004  湯元          36.806  139.420    22    25    13            30     2.5
  SITH05  神泉          36.151  139.050    27    29     8            30     2.2
  GNM006  吾妻          36.510  138.752    29    22    18            29     2.5
  CHB003  白井          35.794  140.056    28    11    13            28     2.4
  IBR003  日立          36.592  140.645    22    27    14            28     2.1
  IBR015  岩井          36.069  139.908    24    18    17            28     2.4
  GNM002  水上          36.782  138.970    20    27     9            28     2.3
  IBR017  江戸崎        35.954  140.319    26    22    15            27     2.2
  TCG013  真岡          36.437  140.023    25    22    10            26     2.1
  FKSH12  平田          37.217  140.570    25    17     4            25     2.5
  IBR014  土浦          36.073  140.195    24    22    21            25     2.1
  IBR016  取手          35.911  140.049    22    17    17            24     2.1
  SIT006  秩父          35.995  139.071    24    17     5            24     2.3
  GNM016  万場          36.116  138.925    22    15     7            23     2.4
  FKS027  滝原          37.070  139.681    18    20     4            23     1.5
  SIT005  小川          36.056  139.263    19    19     7            23     2.0
  IBR006  水戸          36.367  140.454    21    19    15            22     2.1
  FKSH10  西郷          37.162  140.093    22    13    11            22     2.1
  IBR001  大子          36.776  140.357    15    19     8            20     2.2
  IBR012  石岡          36.195  140.271    17    19    18            20     1.8
  IBR010  下妻          36.184  139.965    13    15    12            19     2.1
  GNM008  前橋          36.348  139.137    10    17     8            19     2.1
  IBR011  つくば        36.125  140.090    18    16    11            18     1.7
  SITH07  名栗          35.912  139.149    15    16     4            18     1.6
  TCGH08  栗山東        36.883  139.646     9    16     5            18     1.7
  IBRH10  石下          36.111  139.989    11    16    14            17     2.0
  SITH08  小鹿野        36.027  138.969    13    16     3            17     2.1
  IBRH18  ひたちなか    36.363  140.620    13    13    16            17     2.0
  IBRH06  北茨城2       36.881  140.655    13    15     5            17     1.9
  TCG006  小川          36.764  140.130    15    12     6            16     2.0
  SIT011  川口          35.810  139.721    11    14     5            16     2.2
  IBRH13  高萩          36.795  140.575    15    11     5            15     1.7
  GNM007  渋川          36.464  139.009    14    13     8            14     2.1
  CHB002  松戸          35.787  139.903    14    13     8            14     1.8
  FKS029  桧枝岐        37.016  139.380     9    10     2            14     1.3
  SIT008  春日部        35.983  139.746     9    13     7            14     2.4
  TCGH10  大田原        36.858  140.023    13    10     8            14     1.9
  GNM013  高崎          36.318  139.018    10    13     6            13     2.0
  IBR018  鹿嶋          35.977  140.632     7    10     5            13     1.3
  CHB028  市川北        35.766  139.966     8     9    12            12     1.7
  TCG016  北高岡        36.529  140.156     8    11     5            12     1.4
  GNM014  坂本          36.347  138.721    10     9     4            12     1.9
  GNMH11  富岡          36.286  138.921    12     9     5            12     1.5
  CHB007  佐倉          35.723  140.227    11    12     7            12     1.9
  TKY001  氷川          35.803  139.096    10     7     8            12     1.3
  CHB006  成田          35.780  140.307    11    10     8            11     1.6
  SIT001  本庄          36.243  139.194    11     8     4            11     1.7
  TKY003  青梅          35.797  139.291    11     7     5            11     1.9
  GNM015  下仁田        36.229  138.758     7    10     2            11     1.3
  FKS016  白河          37.123  140.191    10    11     4            11     1.9
  TCGH17  藤原2         36.985  139.692     9    11     3            11     1.1
  IBRH14  十王          36.692  140.548     9     8     4            11     0.8
  IBRH19  つくば        36.214  140.089    10     6     5            11     0.7
  KNGH10  横浜          35.499  139.519     7    10     4            10     2.2
  TKY021  猿江          35.688  139.819     6     9     3            10     1.6
  SIT014  中津川        35.995  138.801     8     9     2            10     1.4
  FKSH08  長沼          37.282  140.214     7     9     2            10     1.3
  FKS014  矢祭          36.886  140.417     9     7     2            10     1.4
  SIT009  川越          35.903  139.483     8     8     8             9     1.6
  IBR007  那珂湊        36.352  140.595     9     7     5             9     1.4
  TKYH12  八王子        35.670  139.265     9     6     4             9     1.8
  TKY027  瑞江          35.693  139.891     7     8     5             9     1.6
  NGN014  小海          36.096  138.484     9     6     2             9     1.6
  CHB004  佐原          35.901  140.490     8     8     6             9     1.3
  FKS006  葛尾          37.503  140.759     7     6     2             9     1.6
  SIT010  大宮          35.907  139.648     5     8     7             8     2.0
  FKS013  古殿          37.090  140.556     8     6     3             8     1.6
  TKYH13  檜原南        35.702  139.127     5     8     4             8     1.0
  TKY025  篠崎          35.714  139.897     5     8     5             8     1.5
  YMN002  大月          35.613  138.947     4     8     2             8     1.4
  KNG206  平塚ST6       35.097  139.378     7     8     1             8     2.0
  FKSH05  下郷          37.254  139.873     8     7     3             8     1.8
  TCG001  黒磯          36.942  140.083     5     7     3             8     1.2
  CHBH04  下総          35.797  140.021     6     6     7             8     1.3
  KNG008  相模原        35.575  139.327     7     6     5             8     1.5
  NIGH14  塩沢          37.030  138.852     7     3     2             8     0.9
  TKY013  砂町          35.660  139.834     7     4     3             8     1.4
  SIT012  飯能          35.840  139.321     7     6     5             8     1.1
  TKY024  奥戸          35.740  139.862     6     4     4             7     1.3
  YMNH11  大月          35.625  138.978     7     5     3             7     1.8
  GNM004  草津          36.617  138.592     7     6     4             7     1.3
  NIGH19  湯沢          36.811  138.785     5     6     7             7     1.3
  YMN004  塩山          35.702  138.727     6     5     3             7     1.6
  CHBH06  匝瑳          35.721  140.505     6     7     3             7     1.4
  GNMH09  高山          36.621  138.907     6     6     2             7     1.2
  KNG009  厚木          35.442  139.362     7     3     2             7     1.3
  KNG203  平塚ST3       34.798  139.643     4     7     0             7     1.1
  TKY007  新宿          35.711  139.686     5     6     4             6     1.5
  YMN005  甲府          35.655  138.568     6     4     2             6     1.4
  GNMH08  嬬恋          36.492  138.524     4     6     3             6     1.1
  CHB029  行徳          35.695  139.918     5     4     6             6     1.4
  FKS008  船引          37.436  140.567     5     6     1             6     1.0
  SZO001  熱海          35.142  139.079     3     5     2             6     0.5
  KNG205  平塚ST5       34.941  139.421     5     6     1             6     1.4
  TKY026  宇喜田        35.670  139.863     4     5     3             6     1.3
  TKY014  亀戸          35.689  139.835     5     5     3             6     1.3
  TKY004  八王子        35.628  139.403     4     5     3             6     1.4
  NIGH15  六日          37.053  138.995     5     5     3             6     0.9
  TKY022  横網          35.687  139.796     5     4     2             6     1.4
  FKS009  小野          37.278  140.635     4     5     1             5     0.9
  SZO011  富士宮        35.213  138.602     3     5     1             5     1.0
  YMNH08  西野原        35.690  138.734     5     4     2             5     1.5
  TKY002  桧原          35.730  139.145     5     4     2             5     0.8
  YMN009  六郷          35.496  138.463     5     4     2             5     1.7
  KNG204  平塚ST4       34.893  139.571     3     5     1             5     1.0
  FKSH18  三春          37.489  140.538     5     4     2             5     1.1
  KNG001  川崎          35.529  139.706     4     4     4             5     1.3
  FKS025  下郷          37.308  139.900     4     4     3             5     0.8
  FKS017  須賀川        37.284  140.369     3     4     3             5     1.2
  CHB022  富津          35.308  139.860     5     4     2             5     1.1
  NGNH17  佐久          36.142  138.550     4     4     1             5     0.7
  IBR002  高萩          36.706  140.707     4     5     2             5     1.1
  GNM005  嬬恋          36.513  138.518     3     4     2             5     0.9
  NGN016  富士見        35.913  138.223     4     3     1             5     1.1
  TKY006  小金井        35.699  139.503     4     4     3             5     1.2
  NGNH19  川上          35.974  138.584     4     3     2             5     1.2
  YMN001  丹波山        35.789  138.920     4     4     2             5     0.7
  YMN003  富士吉田      35.465  138.813     4     4     2             5     0.9
  CHB024  稲毛          35.633  140.078     4     4     2             4     1.0
  FKS024  中野          37.396  140.132     3     4     2             4     1.4
  FKSH19  都路          37.470  140.723     3     4     2             4     0.9
  TKY028  越中島        35.669  139.789     2     4     3             4     1.3
  KNG202  平塚ST2       34.740  139.839     3     4     1             4     1.1
  FKSH14  いわき東      37.026  140.970     3     3     1             4     1.0
  FKSH09  郡山          37.353  140.426     3     3     1             4    <0.5
  TCG002  塩原          36.990  139.803     3     4     2             4     0.9
  SZO003  東伊豆        34.816  139.055     4     3     2             4     0.8
  TKY023  八広          35.725  139.825     3     4     2             4     1.3
  CHB011  蓮沼          35.588  140.497     3     4     1             4     0.8
  FKS018  郡山          37.396  140.362     3     4     3             4     0.8
  YMNH14  都留南        35.511  138.968     3     4     3             4     0.7
  CHBH10  千葉          35.546  140.242     3     3     2             4     0.6
  KNG201  平塚ST1       34.596  139.918     1     4     1             4     1.1
  FKS010  広野          37.234  141.002     4     3     1             4     0.9
  NIG022  塩沢          37.036  138.846     3     4     1             4     1.1
  CHB010  八日市場      35.708  140.568     3     4     2             4     0.7
  KNG014  山北          35.361  139.083     2     3     2             3     0.9
  FKS026  南郷          37.266  139.539     3     2     1             3     0.6
  KNGH11  厚木          35.404  139.354     3     3     2             3     1.5
  YMNH15  上九一色      35.532  138.605     3     3     2             3     0.8
  TKY018  八枝          35.655  139.811     3     3     3             3     1.3
  TKY008  岡田          34.785  139.391     3     2     2             3     0.7
  CHB012  東金          35.573  140.333     3     3     2             3     1.0
  KNGH20  松田          35.366  139.126     2     2     3             3     0.7
  KNG002  横浜          35.437  139.634     2     3     2             3     1.2
  FKS012  勿来          36.907  140.793     2     3     1             3     0.9
  FKS019  二本松        37.603  140.437     3     3     1             3     0.6
  YMNH16  甲府2         35.742  138.565     2     2     1             3     0.7
  FKS023  会津若松      37.477  139.929     2     3     1             3     0.9
  YMN010  須玉          35.792  138.410     3     2     1             3     0.9
  CHB014  姉崎          35.477  140.049     2     3     2             3     1.0
  KNG013  小田原        35.264  139.152     2     2     3             3     0.9
  SITH04  所沢          35.803  139.535     2     3     2             3     0.6
  KNG010  平塚          35.334  139.345     3     2     1             3     0.9
  FKS004  飯舘          37.680  140.735     2     2     1             3    <0.5
  FKS015  棚倉          37.022  140.377     2     2     1             3     0.8
  KNG004  三崎          35.144  139.622     2     3     1             3     0.8
  FKS011  いわき        37.091  140.904     3     2     2             3     0.5
  SZOH37  芝川          35.203  138.566     3     1     0             3     0.5
  FKS031  川内          37.336  140.813     2     2     1             3    <0.5
  NGNH18  開田          35.932  137.595     2     2     1             3     0.8
  YMNH10  早川北        35.535  138.309     2     2     1             2     0.6
  NGN023  大鹿          35.579  138.034     2     2     1             2     0.5
  TKY020  塩浜          35.666  139.809     2     2     1             2     1.0
  TKY016  東雲          35.648  139.799     2     2     2             2     1.0
  FKS007  大熊          37.406  140.963     2     2     1             2    <0.5
  SZOH42  修善寺        34.976  138.913     2     2     1             2     0.8
  YMN006  本栖          35.468  138.607     2     2     1             2     0.6
  FKSH17  川俣          37.664  140.597     1     2     1             2     0.5
  FKS028  只見          37.304  139.362     2     2     1             2    <0.5
  CHBH19  蓮沼          35.594  140.511     2     2     1             2     0.5
  FKS020  猪苗代        37.547  140.108     2     2     1             2     0.8
  FKSH20  浪江          37.491  140.987     2     2     1             2     0.8
  MYG015  岩沼          38.105  140.870     2     2     1             2     0.6
  SZOH39  西伊豆西      34.799  138.772     1     2     0             2    <0.5
  YMNH12  増穂          35.562  138.449     2     2     1             2     0.5
  TKY009  波浮港        34.687  139.441     2     2     1             2    <0.5
  SZOH34  清水北        35.130  138.424     2     1     1             2     0.6
  KNG012  秦野          35.379  139.205     2     2     1             2     0.5
  SZO005  松崎          34.755  138.784     1     2     1             2     0.7
  NGN024  飯田          35.523  137.837     1     2     1             2     0.5
  NIG023  津南          37.015  138.653     1     2     2             2    <0.5
  CHB019  鋸南          35.111  139.835     2     2     1             2     0.9
  KNG003  横須賀        35.273  139.658     2     2     1             2    <0.5
  NIG019  小千谷        37.304  138.812     1     2     1             2    <0.5
  KNG011  藤野          35.615  139.155     1     1     1             2    <0.5
  YMN008  早川          35.432  138.332     1     2     0             2    <0.5
  KNGH19  山北中        35.417  139.044     2     1     1             2    <0.5
  NGNH03  阿智2         35.479  137.735     1     2     1             2     0.6
  NGNH23  南木曽        35.606  137.611     2     1     1             2    <0.5
  MYGH07  川崎          38.180  140.641     1     2     0             2    <0.5
  NIG020  小出          37.233  138.962     1     1     1             2    <0.5
  SZO028  川奈          34.952  139.138     1     1     1             1    <0.5
  GIF007  高根          36.038  137.486     1     1     1             1    <0.5
  NGNH32  松本          36.258  137.990     1     1     0             1    <0.5
  NGNH24  松川          35.615  137.880     1     1     1             1    <0.5
  MYGH10  山元          37.941  140.892     1     1     0             1    <0.5
  KNGH23  葉山          35.262  139.611     1     1     1             1    <0.5
  NGNH29  野沢温泉      36.910  138.441     1     1     1             1    <0.5
  NGNH54  飯田          35.449  138.006     1     1     1             1    <0.5
  NIGH11  川西          37.173  138.744     1     1     1             1    <0.5
  SZOH38  函南          35.085  138.978     1     1     1             1    <0.5
  CHBH11  養老          35.287  140.153     1     1     1             1    <0.5
  SZOH54  初島2         35.042  139.168     1     1     1             1    <0.5
  NGNH30  奈川          36.064  137.685     1     1     0             1    <0.5
  NGNH31  塩尻          36.118  137.939     0     1     0             1    <0.5
  CHBH17  勝浦東        35.171  140.340     1     1     0             1    <0.5
  NGNH14  平谷          35.309  137.626     1     1     0             1    <0.5
  YMNH13  身延          35.351  138.420     0     1     0             1    <0.5
  YMTH02  山形          38.269  140.258     0     0     0             1    <0.5
  NGNH15  辰野          36.009  137.930     0     0     0             1    <0.5
  MYGH09  白石          38.009  140.603     0     0     0             1    <0.5
  NGNH25  南信濃        35.299  137.927     0     0     0             0    <0.5
  MYGH08  岩沼          38.113  140.844     0     0     0             0    <0.5
  GIFH24  東白川        35.640  137.319     0     0     0             0    <0.5