最大加速度リスト

地震発生時刻   2020/02/12-19:36:00.00
震央北緯       42.7°
震央東経       142.0°
震源深さ       41.0km
マグニチュード M4.2

  コード  観測点名      緯度    経度     最大加速度 (ガル) 三成分合成値 計測震度
　　　　　 　　         北緯    東経      N-S   E-W   U-D        (ガル)         
  HKD124  由仁          42.999  141.790    67    37     7            73     2.1
  HKD125  穂別          42.761  142.135    30    50    11            51     2.8
  HKD127  追分          42.874  141.820    27    39     9            44     2.5
  SRCH09  栗山          43.059  141.806    16    42    15            44     2.4
  IBUH01  追分          42.874  141.819    28    32    11            35     2.5
  HKD129  苫小牧        42.634  141.606    23    27     5            34     2.2
  HKD103  幌毛志        42.727  142.297    23    28     9            30     2.8
  IKRH03  千歳          42.888  141.640    17    30     4            30     2.4
  HKD128  早来          42.766  141.822    21    15    29            29     2.4
  HDKH01  平取西        42.703  142.230    25    24     6            25     2.6
  IBUH02  穂別          42.871  142.129    10    23     4            23     1.9
  HKD184  千歳          42.790  141.601    20    12    13            21     2.1
  HDKH03  門別東        42.593  142.352    19    14     3            20     2.5
  HKD126  鵡川          42.575  141.928    19    10    14            20     2.3
  HKD185  支笏湖畔      42.776  141.402     8     8     8            10     1.6
  HKD123  夕張          42.993  142.008     6     4     1             7     0.9
  HKD105  門別          42.483  142.054     6     3     3             6     1.2
  SRCH10  夕張          42.993  142.008     5     3     1             6     0.7
  HDKH04  門別西        42.513  142.038     6     4     3             6     1.3
  HKD121  美唄          43.333  141.855     5     3     1             6     0.9
  HKD104  平取          42.589  142.131     5     4     2             5     1.2
  IBUH05  白老          42.563  141.350     4     4     5             5     1.1
  HKD131  登別          42.421  141.081     5     4     4             5     0.9
  SRCH07  三笠          43.230  141.898     4     4     2             5     1.2
  HKD130  白老          42.563  141.350     4     3     5             5     1.1
  HKD181  江別          43.116  141.546     3     4     4             5     1.2
  IBUH06  室蘭          42.412  141.002     3     4     4             4     1.0
  HKD040  占冠          42.980  142.399     4     3     1             4     0.8
  IBUH07  大滝          42.648  141.064     3     4     2             4     0.5
  HKD134  大滝          42.671  141.079     4     3     2             4     0.9
  HKD120  月形          43.344  141.663     3     3     1             3     0.7
  HDKH06  静内          42.350  142.357     2     2     2             3     1.2
  HDKH05  新冠          42.598  142.545     3     3     1             3     0.7
  HKD122  岩見沢        43.197  141.775     2     3     1             3    <0.5
  IKRH01  当別          43.409  141.584     3     2     1             3     0.5
  HKD102  日高          42.877  142.448     2     2     1             3     0.6
  HKD158  椴法華        41.834  141.141     2     2     2             2     0.8
  KKWH08  占冠          43.041  142.656     2     2     2             2     0.7
  SRCH08  砂川          43.514  141.909     2     2     1             2     0.5
  HKD179  当別          43.224  141.517     1     2     1             2    <0.5
  HKD106  静内          42.341  142.369     2     1     1             2     0.5
  HKD099  新得          43.074  142.839     2     2     1             2     0.5
  HKD140  小樽          43.191  140.994     1     1     1             1    <0.5
  TKCH04  新得南        43.174  142.918     1     1     1             1    <0.5
  HDKH07  様似          42.133  142.916     1     0     0             1    <0.5
  TKCH05  本別          43.121  143.618     1     1     0             1    <0.5
  OSMH02  上磯          41.837  140.633     1     1     0             1    <0.5
  SRCH06  深川南        43.695  142.078     1     0     0             1    <0.5
  KSRH02  阿寒南        43.114  144.123     0     0     0             0    <0.5