最大加速度リスト

地震発生時刻   2011/03/12-03:59:00.00
震央北緯       37.0°
震央東経       138.6°
震源深さ       8.0km
マグニチュード M6.7

  コード  観測点名      緯度    経度     最大加速度 (ガル) 三成分合成値 計測震度
　　　　　 　　         北緯    東経      N-S   E-W   U-D        (ガル)         
  NIG023  津南          37.015  138.653   536   704   316           804     5.4
  NGNH29  野沢温泉      36.910  138.441   280   324   259           409     5.1
  NIGH14  塩沢          37.030  138.852   300   346   149           374     4.9
  NIG024  安塚          37.127  138.444   338   217   113           344     4.8
  NIG021  十日町        37.128  138.747   278   248   126           308     4.9
  NIGH11  川西          37.173  138.744   239   158    91           246     4.8
  NIGH06  加茂          37.653  139.068   202   146    55           216     5.0
  GNM002  水上          36.782  138.970   175   117    64           190     4.1
  GNM004  草津          36.617  138.592    95   170    51           174     4.1
  NIGH19  湯沢          36.811  138.785   140   127    71           167     3.9
  GNMH13  水上2         36.862  139.063   160   118    43           163     4.3
  NIGH13  牧            37.054  138.397   143   136    70           159     4.8
  NIGH18  妙高          36.943  138.259    91   137    41           139     4.4
  NIG019  小千谷        37.304  138.812   105   115    42           137     4.1
  NIGH12  湯之谷        37.224  138.982   125    54    33           136     3.7
  NIG022  塩沢          37.036  138.846   113   134    73           136     4.6
  NIG020  小出          37.233  138.962    99   126    30           128     3.9
  NGN003  山ノ内        36.740  138.413    96   103    48           122     3.5
  NIG025  直江津        37.161  138.224    86   116    55           122     4.6
  NGN001  飯山          36.851  138.366    92    94    48           104     4.1
  NIG026  新井          37.023  138.251    96    87    31           101     4.1
  SIT004  長瀞          36.118  139.105    76    61     8            92     3.1
  GNM001  片品          36.772  139.225    77    49    69            85     3.0
  GNM003  沼田          36.658  139.078    69    40    36            74     3.6
  NGNH07  中野          36.743  138.376    64    61    36            67     3.6
  NIGH15  六日          37.053  138.995    51    48    33            63     3.2
  GNM006  吾妻          36.510  138.752    35    54    48            63     3.3
  NIG014  三条          37.641  138.956    55    48    12            61     4.3
  CHB003  白井          35.794  140.056    45    35     9            56     3.3
  NGN002  信濃          36.807  138.207    40    55    17            56     3.6
  FKSH21  只見          37.342  139.315    48    40    17            55     3.2
  NIG017  長岡          37.442  138.843    42    49    21            55     3.3
  IBR013  鉾田          36.159  140.489    42    52    19            54     3.5
  FKS029  桧枝岐        37.016  139.380    43    35    16            53     2.6
  GNMH07  利根          36.700  139.210    49    39    26            52     2.7
  TCGH07  栗山西        36.882  139.453    47    38    25            52     3.2
  FKSH06  伊南          37.172  139.520    38    45    23            51     3.0
  NIGH05  聖籠          37.976  139.279    25    46     4            50     3.1
  FKS023  会津若松      37.477  139.929    34    50    10            50     3.5
  NIG003  佐和田        37.998  138.323    46    41    15            49     3.3
  NIGH09  下田          37.539  139.128    46    28    18            48     3.1
  GNMH14  みどり        36.493  139.322    28    43    15            48     2.4
  IBRH17  霞ヶ浦        36.086  140.314    39    32    16            48     3.0
  NIG018  柏崎          37.372  138.558    44    40    13            46     3.6
  IBR015  岩井          36.069  139.908    41    45    14            46     3.3
  NIGH17  妙高高原      36.857  138.097    43    32    21            45     3.5
  NIGH01  長岡          37.427  138.888    42    32    19            42     3.5
  TCG009  今市          36.726  139.715    39    31    17            42     3.2
  ISK002  正院          37.444  137.288    31    37    27            42     3.9
  NIG012  鹿瀬          37.686  139.477    31    34     8            42     3.3
  FKSH05  下郷          37.254  139.873    32    36    11            41     3.0
  GNM013  高崎          36.318  139.018    36    19     8            40     2.9
  GNM009  桐生          36.411  139.325    29    33    16            39     2.8
  NGNH26  上山田        36.466  138.147    25    31    24            38     2.8
  IBR014  土浦          36.073  140.195    36    31    14            37     3.3
  SITH06  川本          36.113  139.289    30    19     8            36     2.6
  ISK004  能都          37.308  137.147    27    26     6            35     3.2
  NIG027  糸魚川        37.023  137.862    29    33     9            35     2.9
  IBRH11  岩瀬          36.370  140.140    31    33    11            34     3.2
  FKSH10  西郷          37.162  140.093    28    33    11            34     2.8
  NIG028  長岡支所      37.426  138.886    34    30    21            34     3.5
  FKS025  下郷          37.308  139.900    16    27    25            33     2.8
  TCG010  足尾          36.635  139.438    24    24    18            33     2.6
  NGN006  大町          36.509  137.851    30    25     9            33     2.6
  IBR005  笠間          36.385  140.237    32    26     9            32     3.0
  TCG014  茂木          36.545  140.174    21    26     7            32     2.9
  IBRH07  江戸崎        35.952  140.330    28    26     5            32     3.9
  GIF007  高根          36.038  137.486    22    23     8            31     2.7
  GNM010  館林          36.234  139.533    27    30    11            31     2.8
  FKS016  白河          37.123  140.191    22    28     5            31     2.7
  TCGH15  宇都宮        36.559  139.864    24    30     8            31     2.9
  TCGH16  芳賀          36.548  140.075    24    29     4            31     3.1
  TCG004  湯元          36.806  139.420    30    23    18            31     2.9
  SIT008  春日部        35.974  139.753    31    23     7            31     2.9
  TCG008  鹿沼          36.560  139.768    22    24     9            30     3.1
  FKSH07  檜枝岐        37.010  139.375    28    24    18            30     2.4
  TCG012  小山          36.286  139.805    28    23     9            30     3.1
  FKS027  滝原          37.070  139.681    22    23     9            29     2.1
  GNM011  太田          36.291  139.361    25    25     9            28     2.9
  FKS026  南郷          37.266  139.539    25    24     9            27     2.8
  TCGH17  藤原2         36.985  139.692    26    20     7            27     2.2
  IBR011  つくば        36.125  140.090    25    22     7            27     3.1
  GNM005  嬬恋          36.513  138.518    23    25    12            26     2.8
  FKS028  只見          37.349  139.314    23    19    11            26     3.0
  IBRH10  石下          36.111  139.989    24    19    11            26     3.1
  CHB001  野田          35.959  139.873    24    26     6            26     3.0
  IBR016  取手          35.911  140.049    25    23     9            26     3.1
  NIG013  巻            37.764  138.883    24    23    12            25     3.2
  NIG004  小木          37.821  138.280    17    23     7            24     2.6
  ISKH03  内浦          37.346  137.244    22    17     4            24     2.8
  FKSH04  会津高田      37.451  139.813    21    23     7            24     2.8
  NGN004  長野          36.649  138.194    19    20    13            23     2.7
  NIGH08  津川          37.671  139.465    20    21    10            23     2.9
  NIGH04  関川          38.131  139.543    17    23    10            23     2.8
  TCGH14  粟野          36.551  139.615    13    23    19            23     2.1
  NGNH32  松本          36.258  137.990    14    22     7            23     2.3
  FKSH18  三春          37.489  140.538    22     9     7            23     2.3
  FKSH20  浪江          37.491  140.987    22    14     3            23     3.3
  NIGH10  上川          37.544  139.365    21    22    14            23     2.7
  TCG002  塩原          36.990  139.803    13    21     8            22     2.5
  TCG003  藤原          36.814  139.715    14    21     6            22     2.4
  FKS024  中野          37.396  140.132    20    21     7            21     2.9
  IBR006  水戸          36.369  140.453    14    21     6            21     2.9
  IBR012  石岡          36.190  140.287    19    20    15            21     2.9
  ISKH01  珠洲          37.527  137.284    15    21     7            21     3.0
  FKS006  葛尾          37.503  140.759    16    20     4            21     2.7
  GNMH08  嬬恋          36.492  138.524    18    14    12            21     3.1
  CHB007  佐倉          35.723  140.227    20    15     6            20     2.7
  SIT001  本庄          36.243  139.194    17    12     9            20     2.8
  NGN008  上田          36.402  138.249    19    15     8            20     2.6
  FKS022  西会津        37.600  139.647    19    19     8            20     2.9
  IBR009  古河          36.185  139.704    15    16     7            20     3.0
  NIGH07  村松          37.666  139.261    13    19     8            20     2.5
  NIG006  寒川          38.450  139.496    19    14     4            20     2.8
  IBR017  江戸崎        35.954  140.319    19    14    10            20     2.7
  IBRH16  山方          36.641  140.398    14    15     3            19     2.4
  GNMH09  高山          36.621  138.907    11    19     8            19     2.4
  TYM002  氷見          36.866  136.975    17     9     7            19     2.7
  FKS030  金山          37.453  139.513    18    15     5            19     2.3
  TCGH11  今市          36.708  139.769    12    18     6            19     2.1
  YMT015  米沢          37.904  140.100    13    14     5            19     2.7
  NGNH28  戸隠          36.708  138.096    17    14     9            19     3.1
  NGNH35  穂高          36.382  137.820    17    13     5            19     1.9
  IBR008  下館          36.306  139.983    14    13     6            19     2.7
  GNM007  渋川          36.462  139.010    18    13     8            18     2.6
  NGN007  杭瀬下        36.534  138.119    16    14     8            18     2.4
  IBR010  下妻          36.184  139.965    17    16     7            18     2.8
  YMTH07  米沢          37.896  140.028    15    17     5            18     2.5
  SIT010  大宮          35.907  139.648    16    14     5            18     2.9
  NIG010  新潟          37.915  139.011    12    17     5            18     2.6
  YMTH02  山形          38.269  140.258    15    13     3            18     2.8
  NGNH18  開田          35.932  137.595    16    15     6            18     2.4
  NIG015  村松          37.694  139.189    16    14     8            17     2.8
  NIG011  新津          37.801  139.144    12    17     7            17     3.0
  NGNH16  茅野          35.947  138.185    10    17     7            17     2.0
  ISK001  大谷          37.500  137.176    12    16     7            17     2.8
  SIT003  久喜          36.072  139.697    16    12     8            17     3.1
  ISK005  穴水          37.231  136.904    15    17     8            17     2.9
  IBRH21  つくば南      35.981  140.105    16    13    10            17     2.7
  NGNH27  信州新        36.577  138.048    15    16     6            17     2.7
  NGN015  諏訪          36.045  138.112    13    14    10            17     2.8
  ISKH05  穴水          37.222  136.969    14    15     2            16     2.1
  IBRH12  大子          36.837  140.318    16     9     5            16     2.0
  NIG016  寺泊          37.642  138.768    13    14     6            16     2.3
  GNMH05  伊勢崎        36.314  139.185    16     9     8            16     2.6
  GNM014  坂本          36.350  138.718    14    15     7            16     2.4
  NIGH02  朝日          38.280  139.549    14    14     8            16     2.8
  TCG007  宇都宮        36.569  139.886    12    13     5            16     2.4
  FKS013  古殿          37.090  140.556    11    14     4            16     2.4
  NIG002  両津          38.075  138.440    15    14     6            16     2.7
  FKSH02  熱塩加納      37.732  139.882    14    13     7            16     2.5
  SITH11  飯能          35.864  139.273    11    15     5            15     2.4
  NIG008  中条          38.053  139.405    15    13     6            15     2.6
  TCGH09  矢板          36.862  139.836    15     8     4            15     1.8
  NGNH33  生坂          36.460  137.964    13    12     5            15     2.1
  CHB006  成田          35.780  140.307     8    12     6            14     2.1
  NIG007  村上          38.230  139.486    11    12     5            14     2.5
  NIG009  新発田        37.951  139.338    12    13     4            14     2.5
  GNMH12  神流          36.144  138.913    11    11     9            14     2.2
  YMT014  下屋地        37.921  139.870    12    13     4            14     2.3
  SIT011  川口          35.810  139.721    11    11     3            14     2.5
  SITH01  岩槻          35.929  139.735    11    12     4            14     2.7
  TCG013  真岡          36.437  140.023    11    13     6            13     2.4
  CHB002  松戸          35.787  139.903    12     6     3            13     2.1
  IBRH18  ひたちなか    36.363  140.620     8    13     4            13     2.2
  FKS020  猪苗代        37.547  140.108    11    13     4            13     2.8
  CHB012  東金          35.573  140.333    12     8     4            13     2.3
  FKSH01  西会津        37.757  139.715     8    12     2            13     1.6
  AICH17  豊根          35.184  137.727    12     9     3            13     1.9
  YMT013  小国          38.062  139.757    12    10     5            13     2.6
  SITH05  神泉          36.151  139.050    12    12     2            12     1.5
  GNM008  前橋          36.348  139.137    12     7     6            12     2.3
  IBR004  大宮          36.552  140.410    12     9     3            12     2.1
  NIG005  松ヶ崎        37.920  138.498     8    12     5            12     2.2
  TKY027  瑞江          35.693  139.891    11     7     3            12     2.3
  FKS018  郡山          37.396  140.362    12     9     4            12     2.5
  NGNH30  奈川          36.064  137.685    11    11     3            12     1.7
  GNM015  下仁田        36.229  138.758     8    11     3            12     1.4
  NGN012  松本          36.256  137.978     8    10     5            12     1.9
  TCG005  矢板          36.806  139.926    11    11     3            12     2.1
  CHBH04  下総          35.797  140.021    10    10     4            12     2.5
  ISK007  七尾          37.043  136.968     7    11     3            12     2.4
  YMT011  上山          38.150  140.267     9    12     4            12     2.6
  CHB028  市川北        35.766  139.966     8    11     4            12     2.2
  SIT002  熊谷          36.148  139.388    11     6     3            12     2.4
  NGNH13  喬木          35.514  137.877     8    10     4            11     1.7
  IBRH19  つくば        36.214  140.089     8     7     5            11     1.9
  IBRH15  御前山        36.557  140.301     8     9     3            11     1.8
  KNGH10  横浜          35.499  139.519    10    10     6            11     2.4
  FKS008  船引          37.436  140.567    11     6     2            11     2.1
  CHB004  佐原          35.901  140.490     8    11     4            11     2.3
  TCG011  葛生          36.387  139.614     9    10     5            11     1.8
  FKS021  喜多方        37.654  139.863    10     9     2            11     2.3
  IBR007  那珂湊        36.352  140.595     9    10     4            11     2.2
  SIT005  小川          36.056  139.263     9    11     2            11     1.7
  NIG001  岩谷口        38.258  138.434     6    10     4            11     2.1
  CHB008  浦安          35.654  139.902     7    10     4            11     2.2
  NGN024  飯田          35.523  137.837    10     8     5            11     1.9
  CHBH13  成田          35.831  140.298     9     8     5            10     2.2
  IBR018  鹿嶋          35.977  140.632     7     8     4            10     2.2
  FKSH12  平田          37.217  140.570     9     7     3            10     1.8
  NGN013  安曇          36.183  137.785     8    10     5            10     1.8
  NGN017  楢川          35.975  137.826    10    10     4            10     1.5
  FKS019  二本松        37.603  140.437     8     7     4            10     1.8
  SITH08  小鹿野        36.027  138.969    10     7     2            10     1.9
  TYM009  八尾          36.586  137.141    10     8     4            10     2.5
  NGNH03  阿智2         35.479  137.735     9     8     3            10     2.0
  NGNH31  塩尻          36.118  137.939     6    10     5            10     1.5
  KNG008  相模原        35.575  139.327     9     7     3            10     1.6
  FKSH19  都路          37.470  140.723     9     5     3            10     2.1
  TKY003  青梅          35.797  139.291     7     9     3             9     2.1
  NGNH17  佐久          36.142  138.550     9     9     3             9     1.3
  NGN016  富士見        35.913  138.223     8     7     2             9     1.7
  TCG015  芹沼          36.749  139.714     7     9     4             9     2.0
  YMT008  中村          38.386  139.992     8     9     5             9     2.6
  GNMH11  富岡          36.286  138.921     9     8     4             9     2.0
  TCGH10  大田原        36.858  140.023     7     7     4             9     2.0
  NGN005  白馬          36.698  137.854     9     7     3             9     2.2
  GNM016  万場          36.116  138.925     7     7     3             9     1.5
  FKS017  須賀川        37.284  140.369     9     7     4             9     2.3
  SIT014  中津川        35.995  138.801     7     8     4             9     1.5
  YMTH14  西川西        38.386  139.992     8     8     4             9     2.5
  TKY021  猿江          35.688  139.819     5     7     3             9     2.2
  FKSH03  高郷          37.608  139.753     8     8     4             9     2.3
  NGNH23  南木曽        35.606  137.611     9     6     2             9     1.4
  IBR003  日立          36.592  140.645     7     8     3             9     1.7
  YMT012  長井          38.107  140.043     8     6     2             9     2.2
  FKSH14  いわき東      37.026  140.970     6     8     2             8     2.5
  SITH10  都幾川        35.996  139.219     8     7     3             8     1.4
  TKY023  八広          35.725  139.825     8     6     3             8     2.3
  IBR019  北茨城        36.881  140.654     7     6     3             8     1.4
  NGN011  長門          36.256  138.267     8     7     3             8     1.5
  TCGH12  氏家          36.696  139.984     7     8     5             8     2.0
  FKS001  相馬          37.795  140.920     7     5     2             8     2.0
  ISK008  羽咋          36.892  136.778     7     6     5             8     2.3
  YMT003  鶴岡          38.729  139.801     7     7     4             8     2.3
  NGN018  王滝          35.813  137.530     6     5     2             8     1.9
  NGN014  小海          36.096  138.484     8     6     3             8     1.4
  KNG206  平塚ST6       35.097  139.378     6     7     3             8     2.5
  SIT013  所沢          35.797  139.466     8     5     3             8     2.2
  NGN010  小諸          36.328  138.436     5     6     3             8     2.4
  SIT006  秩父          35.995  139.071     7     7     3             8     1.6
  CHB029  行徳          35.695  139.918     8     7     3             8     2.2
  TKY014  亀戸          35.689  139.835     5     6     3             8     2.1
  NGNH11  富士見        35.916  138.305     6     8     3             8     1.6
  TKY024  奥戸          35.740  139.862     7     6     2             8     2.2
  FKS012  勿来          36.907  140.793     7     8     3             8     2.3
  SIT009  川越          35.903  139.483     6     5     2             8     1.9
  FKSH11  矢吹          37.201  140.339     7     5     2             8     2.3
  TKY005  町田          35.578  139.416     6     7     2             8     1.8
  SIT007  東松山        36.054  139.391     6     7     3             8     1.7
  TYM005  新湊          36.782  137.080     6     7     2             7     2.2
  TYM004  宇奈月        36.862  137.527     7     5     3             7     1.7
  TKY015  東白鬚        35.731  139.812     6     5     4             7     2.1
  SIT012  飯能          35.840  139.321     4     6     2             7     1.4
  ISK003  輪島          37.392  136.908     5     6     3             7     2.1
  CHB024  稲毛          35.633  140.078     6     6     3             7     2.3
  KNG009  厚木          35.442  139.362     7     4     2             7     1.9
  ISK015  大町          37.227  136.909     7     6     2             7     1.8
  TYMH01  氷見          36.887  136.928     6     5     2             7     1.8
  GIF018  中津川        35.489  137.500     4     7     5             7     1.7
  TKY026  宇喜田        35.670  139.863     6     6     3             7     2.1
  NGN009  穂高          36.338  137.869     6     6     3             7     1.7
  TYMH06  八尾          36.571  137.160     6     5     3             7     2.3
  TKY025  篠崎          35.714  139.897     5     7     2             7     1.9
  NGNH34  大町中        36.533  137.820     5     5     6             7     1.6
  TKY017  辰巳          35.647  139.809     5     5     3             7     2.2
  FKS010  広野          37.234  141.002     5     7     3             7     2.0
  YMN009  六郷          35.496  138.463     6     7     2             7     2.0
  TKYH12  八王子        35.670  139.265     6     6     3             7     1.7
  KNG002  横浜          35.437  139.634     7     5     2             7     2.1
  KNG001  川崎          35.529  139.706     4     6     3             7     2.0
  TKYH11  江東          35.611  139.812     5     6     2             7     2.1
  TKY013  砂町          35.660  139.834     6     5     3             6     2.1
  FKS015  棚倉          37.022  140.377     5     4     3             6     1.7
  CHB009  千葉          35.608  140.102     6     5     3             6     2.4
  KNGH11  厚木          35.404  139.354     5     6     2             6     2.3
  CHB022  富津          35.308  139.860     4     5     1             6     1.6
  SITH09  皆野          36.072  139.099     6     5     2             6     1.2
  YMTH15  西川東        38.426  140.125     6     5     3             6     2.0
  AICH14  長久手        35.184  137.047     5     5     2             6     1.5
  FKS007  大熊          37.406  140.963     5     5     4             6     1.9
  GIFH15  高山          36.134  137.221     6     4     2             6     1.8
  TCG006  小川          36.764  140.130     6     6     3             6     2.1
  TKY022  横網          35.687  139.796     6     5     3             6     2.1
  KNG013  小田原        35.264  139.152     6     5     3             6     2.4
  NGN019  木曽福島      35.856  137.708     6     5     3             6     1.3
  IBR002  高萩          36.706  140.707     4     6     3             6     2.2
  YMTH05  小国          37.988  139.802     5     5     4             6     1.8
  YMN001  丹波山        35.789  138.920     5     5     2             6     1.0
  TKY006  小金井        35.699  139.503     5     5     2             6     2.0
  IBRH13  高萩          36.795  140.575     4     5     4             6     1.3
  CHB013  茂原          35.433  140.291     4     5     2             6     1.6
  TYM007  富山          36.669  137.212     4     6     2             6     1.8
  SITH03  日高          35.899  139.384     5     6     2             6     1.8
  SITH07  名栗          35.912  139.149     4     5     2             6     1.0
  MYG015  岩沼          38.105  140.870     5     4     1             6     1.8
  NGNH12  南牧          35.970  138.480     5     5     3             6     1.5
  IBRH20  波崎2         35.828  140.732     5     4     2             6     2.0
  TCG016  北高岡        36.529  140.156     4     5     3             6     1.8
  TKYH13  檜原南        35.702  139.127     3     5     2             6     0.9
  TKY004  八王子        35.628  139.403     4     5     2             6     1.9
  FKSH08  長沼          37.282  140.214     5     5     2             5     1.4
  NGNH20  上松          35.787  137.717     3     5     2             5     1.0
  AICH16  設楽          35.154  137.535     3     5     2             5     1.4
  TYMH04  魚津          36.791  137.469     5     5     3             5     1.9
  YMT006  尾花沢        38.600  140.405     5     4     1             5     1.6
  NGNH24  松川          35.615  137.880     5     4     3             5     1.6
  GIF023  土岐          35.388  137.216     4     5     2             5     1.5
  TYM008  大山          36.609  137.283     4     5     2             5     1.9
  CHBH10  千葉          35.546  140.242     4     4     2             5     1.9
  CHB014  姉崎          35.477  140.049     4     5     4             5     1.8
  TKY007  新宿          35.711  139.686     4     5     2             5     1.8
  FKS009  小野          37.278  140.635     4     3     1             5     1.1
  SZO011  富士宮        35.213  138.602     5     5     2             5     1.7
  AICH15  足助          35.139  137.336     5     4     1             5     1.1
  SZO022  佐久間        35.092  137.814     5     4     1             5     1.4
  FKS011  いわき        37.091  140.904     5     5     3             5     1.8
  TKYH02  府中          35.654  139.470     4     3     2             5     1.8
  FKS014  矢祭          36.868  140.430     4     3     2             5     1.6
  KNG010  平塚          35.336  139.350     3     5     2             5     2.0
  CHB015  木更津        35.374  139.916     4     5     2             5     1.9
  TCG001  黒磯          36.942  140.083     5     4     4             5     1.9
  NGNH10  木祖          35.963  137.767     4     5     2             5     1.4
  TKY028  越中島        35.669  139.789     3     5     2             5     2.0
  AIC009  豊田          35.081  137.146     5     4     2             5     1.6
  TYM011  芦弁          36.578  137.385     3     4     1             5     1.6
  YMTH04  上山          38.081  140.298     4     4     1             5     1.3
  FKS004  飯舘          37.680  140.735     3     3     2             5     1.0
  TKY020  塩浜          35.666  139.809     4     3     2             5     2.0
  FKSH17  川俣          37.664  140.597     4     3     1             4     1.2
  YMT005  肘折          38.607  140.162     4     3     3             4     1.7
  CHB010  八日市場      35.708  140.568     4     4     2             4     1.6
  SZOH37  芝川          35.203  138.566     4     4     1             4     1.3
  ISK009  七塚          36.732  136.699     3     4     2             4     1.8
  NGN022  南木曽        35.608  137.613     4     4     2             4     1.3
  NGN023  大鹿          35.579  138.034     2     4     1             4     1.0
  YMT009  寒河江        38.390  140.274     4     4     2             4     1.8
  TYM001  境            36.976  137.626     4     4     3             4     1.5
  MYG017  角田          37.976  140.782     4     3     1             4     1.9
  YMNH08  西野原        35.690  138.734     4     2     1             4     1.3
  YMNH11  大月          35.625  138.978     3     3     2             4     1.5
  YMT001  酒田          38.914  139.813     4     4     1             4     1.9
  YMN004  塩山          35.702  138.727     3     4     2             4     1.4
  CHB005  銚子          35.736  140.830     3     3     1             4     1.9
  NGNH19  川上          35.974  138.584     4     3     2             4     1.1
  SITH04  所沢          35.803  139.535     3     3     2             4     1.6
  TKY016  東雲          35.648  139.799     4     4     2             4     2.0
  YMN005  甲府          35.655  138.568     4     4     2             4     1.5
  YMN010  須玉          35.792  138.410     4     4     2             4     1.5
  ISK014  加賀          36.303  136.315     2     3     2             4     1.7
  FKS005  原町          37.639  140.985     4     3     1             4     1.6
  NGN020  伊那          35.828  137.953     3     4     2             4     1.2
  CHBH14  銚子中        35.734  140.823     3     3     1             4     1.8
  YMTH12  立川          38.636  140.006     3     3     2             4     1.6
  YMN002  大月          35.613  138.947     3     3     2             4     1.1
  CHB016  岬            35.300  140.387     4     3     1             4     1.9
  CHB017  市場          35.299  140.076     4     3     1             4     1.7
  GIF019  恵那          35.450  137.404     3     3     3             4     1.2
  CHB019  鋸南          35.111  139.835     4     3     1             4     1.9
  KNGH18  藤野          35.644  139.128     3     4     2             4     1.4
  FKSH09  郡山          37.353  140.426     4     3     1             4     0.9
  GIFH13  白川          36.274  136.898     4     2     2             4     1.5
  AIC002  小牧          35.298  136.915     3     3     1             4     1.1
  GIFH28  中津川        35.457  137.471     3     3     2             4     1.7
  YMT016  清川          38.789  140.018     3     3     1             4     1.4
  CHB011  蓮沼          35.602  140.501     3     4     2             4     1.7
  TYM012  利賀          36.441  137.035     3     2     1             4     1.3
  TYMH07  利賀          36.441  137.039     3     3     1             4     1.3
  GIF001  白川          36.274  136.898     3     2     3             4     1.5
  SZO013  清水          35.041  138.476     3     3     2             4     1.7
  NGN025  天龍          35.281  137.857     3     3     1             4     1.1
  AIC010  作手          34.976  137.424     3     2     2             4     1.3
  TYM003  魚津          36.816  137.419     3     3     2             3     1.5
  ISK006  富来          37.160  136.690     3     3     2             3     1.3
  YMT007  東根          38.431  140.391     3     3     2             3     1.6
  KNG205  平塚ST5       34.941  139.421     3     3     2             3     1.9
  YMT004  温海          38.628  139.589     3     3     2             3     1.4
  TKY002  桧原          35.730  139.145     3     2     1             3     1.0
  YMTH13  朝日          38.470  139.761     3     3     2             3     1.5
  SZOH34  清水北        35.130  138.424     3     2     1             3     1.2
  NGNH21  伊那          35.831  137.924     3     3     2             3     1.3
  KNG006  二俣川        35.454  139.539     2     3     1             3     1.5
  MYG014  作並          38.318  140.636     3     3     1             3     1.2
  FKS031  川内          37.336  140.813     2     3     2             3     1.3
  CHBH12  富津          35.344  139.855     3     2     1             3     1.4
  YMTH01  天童          38.384  140.381     3     3     1             3     1.7
  KNG201  平塚ST1       34.596  139.918     2     2     1             3     1.6
  YMT010  山形          38.260  140.349     3     3     2             3     1.5
  TYM010  福光          36.560  136.887     3     2     2             3     1.7
  AKTH19  湯沢          39.191  140.471     3     2     1             3     1.0
  TYMH05  井波          36.574  136.958     3     2     1             3     1.6
  GIF010  下呂          35.803  137.245     2     3     1             3     1.2
  GIFH20  下呂北        35.799  137.253     2     3     1             3     1.2
  NGN021  駒ヶ根        35.730  137.934     2     3     1             3     1.4
  AICH13  清洲          35.218  136.851     3     2     1             3     1.4
  CHB026  長南          35.387  140.237     3     3     2             3     1.6
  AIC004  名古屋        35.063  136.974     3     2     1             3     1.1
  GIFH14  上宝          36.249  137.517     2     3     2             3     0.8
  YMTH03  南陽          38.103  140.155     3     2     1             3     1.3
  GIF004  栃尾          36.249  137.517     2     2     2             3     0.9
  GIF002  河合          36.273  137.025     3     2     1             3     1.1
  AIC005  藤岡          35.198  137.206     3     2     1             3     0.8
  MYGH09  白石          38.009  140.603     2     2     1             3     1.4
  ISKH07  金沢          36.515  136.636     2     3     2             3     1.5
  GIFH17  高鷲          35.951  136.873     2     2     1             3     0.9
  TKY001  氷川          35.803  139.096     2     2     2             3     0.7
  AIC011  知多          34.996  136.864     2     2     1             3     1.0
  AICH18  岡崎          34.964  137.238     2     2     1             3     0.7
  GIFH11  八百津        35.486  137.246     3     2     2             3     0.7
  GIF024  明智          35.301  137.387     2     2     1             3     0.9
  YMN006  本栖          35.468  138.607     2     2     1             3     1.0
  AICH07  旭            35.219  137.404     2     2     1             3     0.8
  SZO025  湖西          34.719  137.531     2     2     1             2     1.2
  ISK010  金沢          36.542  136.643     2     2     2             2     1.5
  KNG204  平塚ST4       34.893  139.571     2     2     1             2     1.5
  CHB020  鴨川          35.115  140.102     2     2     1             2     1.4
  KNGH20  松田          35.366  139.126     2     2     1             2     1.3
  AICH12  幡豆          34.788  137.106     2     2     1             2     1.2
  FKS003  福島          37.761  140.480     2     2     1             2     1.2
  GIF008  小坂          35.952  137.260     2     2     1             2     0.6
  MYG016  白石          38.008  140.621     2     2     1             2     1.5
  SZO016  焼津          34.857  138.311     2     1     1             2     1.5
  CHBH16  鴨川          35.138  139.965     2     2     1             2     1.5
  GIFH10  神岡          36.378  137.372     2     2     1             2     0.9
  AIC015  豊橋          34.755  137.405     2     2     1             2     1.2
  YMN003  富士吉田      35.465  138.813     2     2     1             2     1.2
  ISK011  小松          36.397  136.443     2     2     1             2     1.4
  GIFH18  馬瀬          35.899  137.149     2     1     1             2     0.9
  SZO018  榛原          34.740  138.224     2     2     1             2     1.5
  YMNH16  甲府2         35.742  138.565     2     2     1             2     0.5
  SZOH28  浜松          34.668  137.744     2     1     1             2     1.3
  GIFH26  各務原        35.412  136.876     2     2     1             2     0.9
  GIFH09  羽島          35.277  136.700     2     2     1             2     1.3
  IBRH14  十王          36.692  140.548     2     2     1             2     0.8
  KNG203  平塚ST3       34.798  139.643     2     2     1             2     1.5
  YMNH15  上九一色      35.532  138.605     2     2     1             2     0.6
  AKTH05  鳥海          39.072  140.319     2     1     0             2    <0.5
  GIF014  付知          35.658  137.426     2     2     1             2     1.0
  SZOH42  修善寺        34.976  138.913     2     2     1             2     1.4
  SZO017  浜岡          34.637  138.128     1     2     1             2     1.2
  NGNH25  南信濃        35.299  137.927     2     2     1             2     0.5
  AKTH03  矢島          39.222  140.128     2     2     1             2     1.2
  FKI003  福井          36.044  136.228     1     2     0             2     1.3
  AIC014  蒲郡          34.826  137.220     2     2     1             2     0.9
  NGNH54  飯田          35.449  138.006     1     2     1             2     0.6
  FKS002  梁川          37.845  140.601     2     1     1             2     0.9
  KNG004  三崎          35.144  139.622     2     2     1             2     1.2
  GIFH19  朝日南        36.022  137.391     2     1     1             2     0.7
  KNG012  秦野          35.379  139.205     2     1     1             2     1.3
  SZO008  沼津          35.096  138.866     2     2     1             2     1.3
  YMNH12  増穂          35.562  138.449     2     1     1             2     0.9
  KNG202  平塚ST2       34.740  139.839     2     2     1             2     1.4
  NGNH22  長谷          35.795  138.082     1     2     1             2     0.6
  SZO023  天竜          34.874  137.816     2     2     1             2     0.9
  CHBH11  養老          35.287  140.153     1     2     1             2     1.4
  YMNH10  早川北        35.535  138.309     2     2     1             2    <0.5
  AIC008  設楽          35.098  137.570     1     2     1             2     0.7
  SZO012  蒲原          35.127  138.621     2     2     1             2     1.0
  AIC012  安城          34.912  137.045     1     1     1             2     0.9
  KNG011  藤野          35.615  139.155     1     1     1             2     1.0
  AICH09  豊橋          34.664  137.390     2     2     1             2     1.1
  GIF021  美濃加茂      35.443  137.000     1     2     1             2     0.7
  AKTH06  雄勝          38.980  140.495     1     2     1             2     0.7
  SZOH35  伊東中        34.947  139.085     1     1     1             2     0.9
  FKSH16  福島          37.764  140.377     1     1     1             2     1.1
  AICH20  新城          34.898  137.488     1     2     1             2    <0.5
  KNG005  鎌倉          35.319  139.546     1     1     1             2     1.1
  AIC013  長篠          34.934  137.576     1     1     1             2    <0.5
  SIG011  信楽          34.878  136.059     1     1     1             2     0.8
  MYGH02  鳴子          38.859  140.651     2     1     1             2     0.7
  KNGH21  清川          35.463  139.215     1     1     1             2     0.9
  YMT002  新庄          38.768  140.296     1     1     1             2     1.1
  SZO024  浜松          34.710  137.720     1     1     1             2     1.1
  AKTH04  東成瀬        39.174  140.713     1     1     0             2     0.5
  CHB018  勝浦          35.158  140.322     1     1     0             2     0.6
  SZOH30  水窪北        35.223  137.918     1     1     1             2    <0.5
  AICH21  南知多        34.740  136.939     1     1     1             1     0.6
  ISK012  鳥越          36.358  136.605     1     1     1             1     1.1
  SZO014  静岡          34.965  138.374     1     1     1             1     1.1
  YMNH14  都留南        35.511  138.968     1     1     1             1     0.6
  YMNH09  早川          35.433  138.333     1     1     1             1    <0.5
  AKTH17  中仙          39.557  140.612     1     1     0             1     0.7
  IWTH26  一関東        38.969  141.001     1     1     1             1    <0.5
  ISKH09  尾口          36.267  136.717     1     1     1             1     0.9
  MYGH08  岩沼          38.113  140.844     1     1     1             1     0.9
  YMNH13  身延          35.351  138.420     1     1     1             1     0.9
  ISK013  白峰          36.181  136.625     1     1     0             1     0.7
  SZO005  松崎          34.755  138.784     1     1     0             1     1.0
  AICH22  豊橋北        34.785  137.439     1     1     1             1     0.5
  MIE004  亀山          34.857  136.449     1     1     0             1    <0.5
  SZO028  川奈          34.952  139.138     1     1     0             1     1.1
  KYTH07  久御山        34.898  135.746     1     1     1             1     0.7
  KNGH23  葉山          35.262  139.611     1     1     1             1     0.8
  SZOH25  新居          34.691  137.560     1     1     1             1     1.0
  GIFH27  美濃加茂      35.453  137.004     1     1     1             1     0.5
  GIFH04  古川          36.245  137.198     1     1     1             1     0.7
  CHBH17  勝浦東        35.171  140.340     1     1     1             1     0.6
  AKTH16  西仙北        39.545  140.348     1     1     1             1     0.6
  GIFH24  東白川        35.640  137.319     1     1     1             1    <0.5
  AICH11  春日井        35.306  137.057     1     1     1             1    <0.5
  GIFH22  金山          35.668  137.105     1     1     0             1    <0.5
  AIC017  田原          34.673  137.261     1     1     1             1     0.6
  GIFH16  朝日北        36.094  137.344     1     1     1             1     0.6
  SZOH38  函南          35.085  138.978     1     1     1             1     0.8
  AKTH18  大森          39.355  140.387     1     1     1             1     0.6
  GIFH08  大和          35.832  136.962     1     1     0             1     0.5
  IWTH16  雫石          39.644  140.946     1     1     1             1     0.5
  MYGH06  田尻          38.591  141.071     1     1     0             1     0.7
  AKTH01  西木北        39.815  140.579     1     1     1             1     0.5
  AICH19  作手          34.951  137.411     1     1     1             1    <0.5
  SZOH32  龍山東        35.009  137.841     1     1     0             1    <0.5
  SZOH33  静岡南        35.015  138.353     1     1     1             1    <0.5
  IWTH15  矢巾          39.615  141.093     1     1     0             1     0.6
  MIEH10  芸濃          34.822  136.424     1     1     0             1    <0.5
  AICH06  渥美          34.616  137.042     1     1     0             1     0.7
  AKTH02  西木南        39.663  140.572     1     1     0             1    <0.5
  GIFH03  根尾          35.633  136.613     1     1     1             1    <0.5
  SZOH24  引佐          34.834  137.662     0     1     0             1    <0.5
  CHBH20  鴨川南        35.088  140.100     1     1     1             1     0.7
  KNGH19  山北中        35.417  139.044     1     1     0             1    <0.5
  GIFH25  谷汲          35.521  136.613     1     1     0             1    <0.5
  AKTH15  協和          39.688  140.407     0     1     0             1    <0.5
  SZOH39  西伊豆西      34.799  138.772     0     1     0             1    <0.5
  GIFH06  高富          35.504  136.794     1     1     0             1    <0.5
  GIFH21  美並          35.666  136.962     1     1     0             1    <0.5
  MIEH01  四日市        34.985  136.456     1     1     0             1    <0.5
  AKTH09  田代          40.276  140.460     0     1     0             1    <0.5
  FKIH01  永平寺        36.096  136.362     0     0     0             1    <0.5
  SZOH31  川根          34.940  138.077     0     1     0             1    <0.5
  GIFH12  坂内          35.603  136.413     1     0     0             1    <0.5
  SZOH36  藤枝          34.914  138.201     1     1     0             1    <0.5
  MIEH02  大山田        34.766  136.284     1     0     0             1    <0.5
  GIFH23  板取          35.724  136.785     0     0     0             0    <0.5
  SZOH41  南伊豆        34.675  138.834     0     0     0             0    <0.5
  AKTH08  藤里          40.319  140.234     0     0     0             0    <0.5
  SZOH53  掛川3         34.877  138.017     0     0     0             0    <0.5
  SZOH40  河津          34.783  138.970     0     0     0             0    <0.5
  AKTH13  阿仁          39.982  140.407     0     0     0             0    <0.5
  GIFH07  春日          35.418  136.435     0     0     0             0    <0.5
  MIEH07  志摩          34.254  136.822     0     0     0             0    <0.5
  SIGH04  日野          34.964  136.261     0     0     0             0    <0.5
  FKIH06  高浜          35.491  135.484     0     0     0             0    <0.5
  KYTH02  伊根          35.710  135.250     0     0     0             0    <0.5
  AKTH10  大館          40.300  140.581     0     0     0             0    <0.5
  AOMH15  大鰐          40.484  140.556     0     0     0             0    <0.5
  NARH07  天理          34.584  135.854     0     0     0             0    <0.5
  NARH06  山添          34.641  136.051     0     0     0             0    <0.5
  MIEH04  度会          34.353  136.587     0     0     0             0    <0.5
  MIEH08  松阪          34.542  136.503     0     0     0             0    <0.5
  MIEH06  宮川          34.358  136.329     0     0     0             0    <0.5
  MIEH09  紀宝          33.764  135.997     0     0     0             0    <0.5
  NARH03  川上          34.292  136.002     0     0     0             0    <0.5
  NARH04  黒滝          34.306  135.837     0     0     0             0    <0.5
  WKYH09  和歌山        34.287  135.071     0     0     0             0    <0.5
  KYTH04  美山          35.269  135.551     0     0     0             0    <0.5