最大加速度リスト

地震発生時刻   2019/12/04-10:38:00.00
震央北緯       36.8°
震央東経       140.5°
震源深さ       9.0km
マグニチュード M4.9

  コード  観測点名      緯度    経度     最大加速度 (ガル) 三成分合成値 計測震度
　　　　　 　　         北緯    東経      N-S   E-W   U-D        (ガル)         
  IBRH13  高萩          36.795  140.575   399   257   158           433     4.5
  FKS014  矢祭          36.886  140.417    69   209    42           216     3.3
  IBR013  鉾田          36.159  140.489   164   111    46           177     4.0
  IBR003  日立          36.592  140.645   150   145    83           167     3.5
  IBRH14  十王          36.692  140.548   127    81    59           134     2.9
  IBRH16  山方          36.641  140.398   100    86    53           109     3.5
  IBRH06  北茨城2       36.881  140.655    70    73    35            92     3.5
  IBR004  大宮          36.552  140.410    86    40    28            87     3.1
  TCG014  茂木          36.545  140.174    74    62    23            78     3.7
  IBRH15  御前山        36.557  140.301    44    63    21            75     2.9
  TCGH13  馬頭          36.734  140.178    72    48    33            73     3.4
  IBR001  大子          36.776  140.357    60    37    26            69     3.3
  IBR007  那珂湊        36.352  140.595    52    58    27            65     3.4
  IBRH18  ひたちなか    36.363  140.620    30    61    20            63     3.0
  IBR005  笠間          36.385  140.237    51    60    26            63     3.3
  TCGH16  芳賀          36.548  140.075    55    32    14            62     3.1
  IBRH10  石下          36.111  139.989    54    31    21            59     3.4
  IBR014  土浦          36.073  140.195    56    38    18            57     3.2
  TCG009  今市          36.726  139.715    52    43    22            57     3.2
  TCGH12  氏家          36.696  139.984    50    38    18            52     2.8
  FKSH10  西郷          37.162  140.093    47    24    21            49     2.8
  IBR016  取手          35.911  140.049    39    48    14            48     3.0
  IBR006  水戸          36.367  140.454    46    34    22            47     2.8
  IBR015  岩井          36.069  139.908    39    37    15            47     3.1
  IBRH11  岩瀬          36.370  140.140    34    39    12            44     3.0
  IBR010  下妻          36.184  139.965    41    24    11            43     3.1
  IBR002  高萩          36.706  140.707    22    40    21            41     2.7
  IBRH12  大子          36.837  140.318    37    33    20            40     2.7
  IBR012  石岡          36.195  140.271    30    32    16            36     2.8
  IBR017  江戸崎        35.954  140.319    29    34    13            36     2.6
  IBR011  つくば        36.125  140.090    32    32    13            35     3.0
  IBR018  鹿嶋          35.977  140.632    33    28     7            35     2.7
  IBRH17  霞ヶ浦        36.086  140.314    31    26    15            33     2.7
  TCGH14  粟野          36.551  139.615    16    30     6            31     1.9
  IBR008  下館          36.306  139.983    17    26     9            31     2.4
  CHB001  野田          35.959  139.873    22    29     8            30     2.8
  TCG008  鹿沼          36.560  139.768    20    18    12            26     2.8
  CHBH06  匝瑳          35.721  140.505    16    24     7            25     2.5
  TCGH10  大田原        36.858  140.023    22    21    13            25     2.3
  FKS016  白河          37.123  140.191    14    23     9            23     2.2
  CHB003  白井          35.794  140.056    23    20     6            23     2.6
  TCG006  小川          36.764  140.130    22    21    11            23     2.4
  FKSH12  平田          37.217  140.570    18    16     9            21     2.3
  TCGH11  今市          36.708  139.769    14    19     7            21     2.1
  TCG013  真岡          36.437  140.023    11    20     9            21     2.2
  FKS019  二本松        37.603  140.437    12    20     6            20     1.9
  CHB007  佐倉          35.723  140.227    19    17     9            20     2.4
  IBRH19  つくば        36.214  140.089    12    15     6            19     1.9
  FKS012  勿来          36.907  140.793    14    16     9            18     2.5
  TCG003  藤原          36.814  139.715    14    17     6            17     2.0
  TCG005  矢板          36.806  139.926    17    13     5            17     1.9
  TCGH09  矢板          36.862  139.836    13    13     5            17     1.7
  CHBH04  下総          35.797  140.021    15    11     4            17     2.1
  SIT008  春日部        35.983  139.746    14    15     6            16     2.4
  FKS015  棚倉          37.022  140.377    13    16     9            16     1.8
  FKS013  古殿          37.090  140.556    14    12    10            16     1.9
  CHB012  東金          35.573  140.333    12    15     6            16     2.3
  CHB004  佐原          35.901  140.490    14    14     9            15     2.1
  SITH11  飯能          35.864  139.273     9    15     4            15     2.2
  TCG012  小山          36.286  139.805    12    13     5            15     2.2
  FKSH09  郡山          37.353  140.426    13    11     5            14     1.4
  FKS009  小野          37.278  140.635    12     8     4            14     1.4
  TCG016  北高岡        36.529  140.156    12    13     5            13     1.7
  FKS008  船引          37.436  140.567     9    13     5            13     1.6
  GNM011  太田          36.291  139.361    13    10     4            13     2.1
  FKS006  葛尾          37.503  140.759    13    11     4            13     1.9
  FKSH11  矢吹          37.201  140.339     9    10     7            13     1.8
  TCGH06  真岡          36.446  139.951    10    12     4            13     1.8
  CHB002  松戸          35.787  139.903    10    11     4            13     1.9
  GNM009  桐生          36.411  139.325    12    11     7            12     1.9
  FKSH18  三春          37.489  140.538    11     8     5            12     1.8
  TCG015  芹沼          36.749  139.714    10    12     5            12     1.6
  GNM003  沼田          36.658  139.078    11     6     3            12     1.7
  CHB006  成田          35.780  140.307    11    12     6            12     1.9
  CHB028  市川北        35.766  139.966    10    11     8            12     2.1
  FKSH19  都路          37.470  140.723     9    10     5            11     1.7
  CHB010  八日市場      35.708  140.568     8    11     3            11     1.8
  SIT010  大宮          35.907  139.648    11    11     3            11     2.4
  GNMH12  神流          36.144  138.913     9    10     3            11     2.0
  CHB024  稲毛          35.633  140.078     7    10     4            11     1.8
  GNM010  館林          36.234  139.533    10     9     5            11     1.8
  CHB029  行徳          35.695  139.918     8    10     4            11     1.9
  TKY027  瑞江          35.693  139.891    10    10     3            11     1.9
  MYG015  岩沼          38.105  140.870    11     8     2            11     2.0
  FKS024  中野          37.396  140.132     9    10     4            11     2.0
  FKS029  桧枝岐        37.016  139.380     8     8     2            10     1.3
  FKS027  滝原          37.070  139.681     7    10     3            10     0.7
  FKS018  郡山          37.396  140.362     9     9     5            10     1.7
  IBRH20  波崎2         35.828  140.732     5     9     2            10     1.8
  TCG001  黒磯          36.942  140.083     8     9     4            10     1.2
  FKS011  いわき        37.091  140.904     8     8     5            10     1.5
  SIT003  久喜          36.072  139.697     6     9     6            10     1.9
  CHB008  浦安          35.654  139.902     8     8     3             9     1.8
  TCG011  葛生          36.387  139.614     8     9     4             9     1.7
  TKY025  篠崎          35.714  139.897     5     9     3             9     1.7
  FKS017  須賀川        37.284  140.369     8     8     6             9     1.9
  FKS023  会津若松      37.477  139.929     8     8     2             9     2.0
  TKY026  宇喜田        35.670  139.863     9     6     3             9     1.7
  FKSH02  熱塩加納      37.732  139.882     9     4     2             9     1.0
  TCG007  宇都宮        36.569  139.886     8     8     4             9     1.4
  TCGH08  栗山東        36.883  139.646     6     8     4             9     1.2
  TKY017  辰巳          35.647  139.809     6     7     4             8     1.8
  FKS010  広野          37.234  141.002     8     7     3             8     1.7
  FKS004  飯舘          37.680  140.735     8     8     4             8     1.4
  GNM002  水上          36.782  138.970     8     4     1             8     1.3
  SIT006  秩父          35.995  139.071     8     4     2             8     1.2
  CHB011  蓮沼          35.588  140.497     7     7     2             8     1.7
  SIT002  熊谷          36.148  139.388     6     6     4             8     1.8
  GNM001  片品          36.772  139.225     8     4     2             8     1.0
  SITH06  川本          36.113  139.289     5     7     3             8     1.4
  TKY014  亀戸          35.689  139.835     8     7     5             8     1.5
  TKY028  越中島        35.669  139.789     4     8     2             8     1.7
  GNM014  坂本          36.347  138.721     6     7     3             8     1.8
  IBR009  古河          36.185  139.704     6     6     3             8     1.5
  FKSH14  いわき東      37.026  140.970     6     7     3             8     1.9
  FKSH08  長沼          37.282  140.214     6     7     3             8     1.2
  CHBH10  千葉          35.546  140.242     7     5     3             7     1.4
  FKSH06  伊南          37.172  139.520     7     4     1             7     0.9
  KNGH10  横浜          35.499  139.519     5     7     3             7     1.9
  FKSH17  川俣          37.664  140.597     6     6     3             7     1.6
  TKY018  八枝          35.655  139.811     6     4     5             7     1.7
  TKY022  横網          35.687  139.796     6     4     4             7     1.6
  SIT011  川口          35.810  139.721     7     7     2             7     1.6
  TKY021  猿江          35.688  139.819     5     6     3             7     1.5
  SIT004  長瀞          36.118  139.105     6     6     2             7     1.1
  FKS003  福島          37.761  140.480     5     7     3             7     1.2
  TKY007  新宿          35.711  139.686     5     7     3             7     1.5
  FKS001  相馬          37.795  140.920     5     5     2             7     1.5
  FKS002  梁川          37.845  140.601     6     5     2             7     1.3
  GNMH14  みどり        36.493  139.322     5     4     3             7     0.9
  CHBH19  蓮沼          35.594  140.511     5     6     3             7     1.4
  TCG010  足尾          36.635  139.438     5     6     3             6     1.2
  SIT001  本庄          36.243  139.194     4     5     1             6     1.4
  GNM016  万場          36.116  138.925     5     4     1             6     1.2
  TKY015  東白鬚        35.731  139.812     6     6     4             6     1.6
  MYGH07  川崎          38.180  140.641     6     5     2             6     1.3
  CHB009  千葉          35.608  140.102     4     5     3             6     1.5
  TKY024  奥戸          35.740  139.862     5     6     4             6     1.6
  TKY023  八広          35.725  139.825     5     5     3             6     1.5
  GNM006  吾妻          36.510  138.752     4     5     1             6     0.9
  MYGH10  山元          37.941  140.892     4     5     2             6     1.2
  FKS007  大熊          37.406  140.963     5     5     3             6     1.1
  FKS025  下郷          37.308  139.900     5     5     4             6     0.9
  KNG001  川崎          35.529  139.706     4     5     3             6     1.3
  SIT009  川越          35.903  139.483     5     5     2             6     1.3
  TCG004  湯元          36.806  139.420     3     5     2             6     0.9
  GNMH11  富岡          36.286  138.921     5     5     2             5     1.2
  GNMH07  利根          36.700  139.210     5     3     2             5     0.7
  FKS031  川内          37.336  140.813     5     4     3             5     0.9
  MYGH13  南三陸        38.699  141.418     5     3     2             5     1.4
  TKY003  青梅          35.797  139.291     5     4     2             5     1.6
  FKS020  猪苗代        37.547  140.108     5     4     2             5     1.4
  GNM007  渋川          36.464  139.009     5     5     1             5     1.3
  CHB005  銚子          35.736  140.830     5     3     2             5     1.3
  SIT007  東松山        36.054  139.391     5     4     2             5     1.0
  CHB014  姉崎          35.477  140.049     3     4     3             5     1.3
  CHB013  茂原          35.433  140.291     3     4     2             5     1.3
  TCG002  塩原          36.990  139.803     3     4     2             5     0.9
  TKY016  東雲          35.648  139.799     3     4     4             4     1.3
  TKY013  砂町          35.660  139.834     4     4     3             4     1.3
  YMTH02  山形          38.269  140.258     4     4     1             4     1.2
  SIT013  所沢          35.797  139.466     4     3     2             4     1.3
  SITH07  名栗          35.912  139.149     3     3     1             4     0.6
  FKS026  南郷          37.266  139.539     4     3     2             4     0.7
  MYG017  角田          37.976  140.782     4     3     2             4     1.4
  KNG206  平塚ST6       35.097  139.378     3     4     1             4     1.5
  TKYH13  檜原南        35.702  139.127     2     4     1             4     0.5
  FKS028  只見          37.304  139.362     4     4     1             4     0.7
  SITH08  小鹿野        36.027  138.969     3     3     1             4     1.0
  GNMH08  嬬恋          36.492  138.524     4     3     1             4     0.9
  SITH05  神泉          36.151  139.050     3     3     1             4     0.7
  FKS005  原町          37.639  140.985     3     3     2             4     0.6
  SITH04  所沢          35.803  139.535     2     3     1             3     1.0
  TKY004  八王子        35.628  139.403     3     2     1             3     0.8
  KNG002  横浜          35.437  139.634     3     3     2             3     1.3
  SIT005  小川          36.056  139.263     3     3     1             3     0.9
  FKSH05  下郷          37.254  139.873     3     3     1             3     0.6
  YMT014  下屋地        37.921  139.870     2     3     1             3     0.5
  MYGH14  利府          38.340  140.955     3     2     1             3     1.0
  FKS021  喜多方        37.654  139.863     2     3     1             3     0.5
  YMT011  上山          38.150  140.267     3     2     1             3     1.0
  GNM008  前橋          36.348  139.137     3     2     1             3     1.1
  MYG016  白石          38.008  140.621     2     2     1             3     0.9
  YMNH11  大月          35.625  138.978     3     2     1             3     1.0
  TKYH12  八王子        35.670  139.265     3     2     1             3     0.8
  YMN002  大月          35.613  138.947     2     3     1             3     0.7
  TKY006  小金井        35.699  139.503     2     3     1             3     0.9
  CHB026  長南          35.387  140.237     2     2     1             3     0.7
  TKY020  塩浜          35.666  139.809     2     2     2             3     1.0
  YMN004  塩山          35.702  138.727     2     2     1             3     0.8
  YMN009  六郷          35.496  138.463     2     2     1             3     1.0
  KNGH11  厚木          35.404  139.354     2     2     1             3     1.0
  CHB017  市場          35.299  140.076     2     2     1             2     1.0
  GNM005  嬬恋          36.513  138.518     2     2     1             2     0.5
  MYG010  石巻          38.429  141.282     2     2     1             2     1.2
  SIT014  中津川        35.995  138.801     2     2     1             2    <0.5
  MYG013  仙台          38.266  140.929     2     2     1             2     0.6
  TKY001  氷川          35.803  139.096     2     2     1             2    <0.5
  MYGH09  白石          38.009  140.603     2     2     1             2     0.6
  MYG002  歌津          38.726  141.511     2     2     1             2    <0.5
  NGN014  小海          36.096  138.484     2     1     0             2    <0.5
  NIGH04  関川          38.131  139.543     1     2     1             2    <0.5
  YMN001  丹波山        35.789  138.920     2     2     1             2    <0.5
  GNM004  草津          36.617  138.592     2     1     1             2    <0.5
  KNG205  平塚ST5       34.941  139.421     2     2     0             2     0.8
  KNG004  三崎          35.144  139.622     1     2     1             2     0.6
  YMT010  山形          38.260  140.349     1     1     1             2    <0.5
  CHB019  鋸南          35.111  139.835     2     1     1             2     0.8
  MYGH08  岩沼          38.113  140.844     2     1     1             2     0.5
  CHB016  岬            35.300  140.387     2     2     1             2     0.8
  YMT015  米沢          37.904  140.100     2     1     1             2     0.5
  TKY002  桧原          35.730  139.145     1     1     1             2    <0.5
  MYG008  北上          38.568  141.427     1     2     1             2    <0.5
  YMT008  中村          38.386  139.992     2     1     0             2     0.7
  YMNH08  西野原        35.690  138.734     1     1     0             2    <0.5
  MYGH11  河北          38.516  141.342     1     1     1             2    <0.5
  IWTH27  陸前高田      39.031  141.532     1     1     0             1    <0.5
  YMTH14  西川西        38.386  139.992     1     1     0             1     0.6
  YMTH07  米沢          37.896  140.028     1     1     1             1    <0.5
  CHB018  勝浦          35.158  140.322     1     1     1             1    <0.5
  NIGH15  六日          37.053  138.995     1     1     1             1    <0.5
  GNMH09  高山          36.621  138.907     1     1     1             1    <0.5
  NIGH06  加茂          37.653  139.068     1     1     1             1    <0.5
  TCGH17  藤原2         36.985  139.692     1     1     1             1    <0.5
  YMTH15  西川東        38.426  140.125     1     1     0             1    <0.5
  KNG201  平塚ST1       34.596  139.918     0     1     0             1    <0.5
  NIGH19  湯沢          36.811  138.785     1     1     1             1    <0.5
  KNG204  平塚ST4       34.893  139.571     1     1     0             1    <0.5
  CHBH11  養老          35.287  140.153     1     1     1             1    <0.5
  CHBH17  勝浦東        35.171  140.340     1     1     0             1    <0.5
  KNGH23  葉山          35.262  139.611     1     1     1             1    <0.5
  YMNH15  上九一色      35.532  138.605     1     1     0             1    <0.5
  KNGH20  松田          35.366  139.126     1     1     0             1    <0.5
  NIGH07  村松          37.666  139.261     1     1     0             1    <0.5
  IWTH26  一関東        38.969  141.001     1     1     0             1    <0.5
  YMTH05  小国          37.988  139.802     1     1     0             1    <0.5
  MYGH04  東和          38.786  141.325     1     1     0             1    <0.5
  IWTH20  花巻南        39.343  141.047     1     1     0             1    <0.5
  AKTH06  雄勝          38.980  140.495     1     1     0             1    <0.5
  YMNH16  甲府2         35.742  138.565     0     1     0             1    <0.5
  YMNH10  早川北        35.535  138.309     0     1     0             1    <0.5
  YMNH12  増穂          35.562  138.449     1     1     0             1    <0.5
  MYGH06  田尻          38.591  141.071     1     0     0             1    <0.5
  NGNH24  松川          35.615  137.880     0     1     0             1    <0.5
  NIGH03  荒川          38.133  139.429     0     0     0             1    <0.5
  YMTH12  立川          38.636  140.006     0     1     0             1    <0.5
  NIGH02  朝日          38.280  139.549     0     0     0             0    <0.5
  NGNH23  南木曽        35.606  137.611     0     0     0             0    <0.5
  NIGH11  川西          37.173  138.744     0     0     0             0    <0.5
  YMTH08  八幡          38.970  140.033     0     0     0             0    <0.5