最大加速度リスト

地震発生時刻   2020/02/01-02:07:00.00
震央北緯       36.0°
震央東経       140.1°
震源深さ       63.0km
マグニチュード M5.3

  コード  観測点名      緯度    経度     最大加速度 (ガル) 三成分合成値 計測震度
　　　　　 　　         北緯    東経      N-S   E-W   U-D        (ガル)         
  TCG014  茂木          36.545  140.174   160   151    26           203     4.4
  IBR016  取手          35.911  140.049    76   125    33           125     3.8
  IBRH17  霞ヶ浦        36.086  140.314    57    65   108           108     3.4
  IBR013  鉾田          36.159  140.489    79    97    61           106     3.5
  TCG009  今市          36.726  139.715    63    91    22            93     3.9
  IBRH11  岩瀬          36.370  140.140    56    87    25            89     3.9
  IBR010  下妻          36.184  139.965    48    85    42            87     3.6
  IBR017  江戸崎        35.954  140.319    77    57    32            85     3.4
  IBRH15  御前山        36.557  140.301    76    50    11            85     3.1
  IBR011  つくば        36.125  140.090    51    68    18            78     3.2
  IBR014  土浦          36.073  140.195    50    74    22            78     3.4
  IBR012  石岡          36.195  140.271    72    67    38            73     3.5
  TCGH11  今市          36.708  139.769    28    72    15            73     3.1
  IBR005  笠間          36.385  140.237    66    63    33            72     3.6
  IBRH18  ひたちなか    36.363  140.620    33    61    23            64     3.1
  CHB007  佐倉          35.723  140.227    58    48    18            62     3.4
  TCG013  真岡          36.437  140.023    30    55    23            62     3.4
  IBRH10  石下          36.111  139.989    29    60    19            61     3.8
  CHB001  野田          35.959  139.873    53    41    14            60     3.4
  TCG008  鹿沼          36.560  139.768    42    55    34            57     3.6
  CHB003  白井          35.794  140.056    52    41    20            56     3.3
  IBRH16  山方          36.641  140.398    29    45    10            51     2.8
  TCGH16  芳賀          36.548  140.075    35    38    14            49     3.2
  IBR015  岩井          36.069  139.908    45    32    24            47     3.1
  GNM010  館林          36.234  139.533    34    38    10            47     3.1
  CHB028  市川北        35.766  139.966    39    38    13            47     3.1
  CHB006  成田          35.780  140.307    34    43    26            45     3.1
  IBR006  水戸          36.367  140.454    36    42    15            44     2.8
  IBR004  大宮          36.552  140.410    34    41    14            44     2.8
  IBR001  大子          36.776  140.357    24    39     9            43     3.1
  CHBH13  成田          35.831  140.298    31    38    13            39     2.9
  TCG005  矢板          36.806  139.926    27    38     7            39     2.8
  SIT008  春日部        35.983  139.746    26    38     8            38     3.3
  SIT011  川口          35.810  139.721    33    20     5            38     3.3
  TKY022  横網          35.687  139.796    33    19    14            34     3.4
  TCGH12  氏家          36.696  139.984    22    32     9            34     2.6
  IBR008  下館          36.306  139.983    31    30    12            34     2.9
  TKY027  瑞江          35.693  139.891    22    28    11            33     3.1
  IBRH12  大子          36.837  140.318    30    22     6            31     2.6
  TCG003  藤原          36.814  139.715    24    30    12            30     2.7
  TKY018  八枝          35.655  139.811    24    19    12            29     3.4
  CHB029  行徳          35.695  139.918    29    22     6            29     3.1
  TCGH14  粟野          36.551  139.615    26    23    10            29     2.1
  TCG012  小山          36.286  139.805    20    26    18            29     2.8
  CHBH06  匝瑳          35.721  140.505    24    20     9            28     2.8
  IBRH06  北茨城2       36.881  140.655    17    23     6            28     2.4
  CHB004  佐原          35.901  140.490    25    24    18            28     2.5
  IBR007  那珂湊        36.352  140.595    26    22    12            28     2.7
  FKSH12  平田          37.217  140.570    25    25     5            27     2.8
  TKY017  辰巳          35.647  139.809    22    24    10            27     3.3
  CHB002  松戸          35.787  139.903    25    19    12            27     2.6
  TKY021  猿江          35.688  139.819    25    26     9            27     3.2
  TKY013  砂町          35.660  139.834    24    23     9            27     3.3
  IBR018  鹿嶋          35.977  140.632    16    26    16            26     2.5
  KNGH10  横浜          35.499  139.519    19    24    11            25     3.0
  TKY028  越中島        35.669  139.789    22    19     6            25     3.4
  TKY025  篠崎          35.714  139.897    20    23     5            25     2.9
  CHB008  浦安          35.654  139.902    20    20     7            25     3.2
  CHB024  稲毛          35.633  140.078    15    20     7            25     2.7
  SIT003  久喜          36.072  139.697    14    24    11            24     3.1
  TCG016  北高岡        36.529  140.156    17    21    11            24     2.6
  FKS016  白河          37.123  140.191    18    16     3            23     2.3
  CHBH04  下総          35.797  140.021    21    22     9            23     2.5
  TKY023  八広          35.725  139.825    17    22     6            23     3.1
  TCGH09  矢板          36.862  139.836    17    18     9            23     2.4
  TCGH06  真岡          36.446  139.951    15    17     7            22     2.4
  TCG015  芹沼          36.749  139.714    18    19    12            22     2.5
  FKSH10  西郷          37.162  140.093    20    19    10            22     2.5
  GNM009  桐生          36.411  139.325    18    21     8            22     2.3
  TKY014  亀戸          35.689  139.835    19    15    10            21     2.9
  TKY015  東白鬚        35.731  139.812    20    18     8            21     3.0
  CHB014  姉崎          35.477  140.049    16    20    12            21     2.7
  TKY026  宇喜田        35.670  139.863    19    17    10            21     2.9
  TKY007  新宿          35.711  139.686    11    20     8            21     2.5
  TCG007  宇都宮        36.569  139.886    18    19     8            21     2.3
  IBR003  日立          36.592  140.645    18    17    11            20     2.2
  CHB022  富津          35.308  139.860    14    18     6            20     2.5
  CHB012  東金          35.573  140.333    18    17     8            20     2.7
  GNM001  片品          36.772  139.225    17    16     6            20     2.0
  TKY020  塩浜          35.666  139.809    16    15     5            20     3.2
  CHB015  木更津        35.374  139.916    19    12    10            19     2.6
  IBRH13  高萩          36.795  140.575    17    16     7            19     2.5
  TKY024  奥戸          35.740  139.862    17    16     9            19     2.7
  IBR002  高萩          36.706  140.707    10    18     5            18     2.2
  KNG206  平塚ST6       35.097  139.378    13    13     3            18     2.6
  FKS006  葛尾          37.503  140.759    11    16     3            18     2.4
  TCGH10  大田原        36.858  140.023    15    14     5            17     2.1
  GNM011  太田          36.291  139.361    12    13     7            17     2.4
  TKY016  東雲          35.648  139.799    13    15     6            16     2.9
  KNG001  川崎          35.529  139.706    12    12    11            16     2.6
  TCG010  足尾          36.635  139.438    14    14     8            16     2.2
  IBRH19  つくば        36.214  140.089    11    12     7            15     1.9
  KNG202  平塚ST2       34.740  139.839    10    14     5            15     2.3
  CHB011  蓮沼          35.588  140.497    13    13     4            15     2.5
  IBR009  古河          36.185  139.704    10    14     7            15     2.5
  TCG006  小川          36.764  140.130    14    12     7            15     2.1
  SIT010  大宮          35.907  139.648    12    13     5            14     2.7
  KNG201  平塚ST1       34.596  139.918     4    14     1            14     2.2
  KNG205  平塚ST5       34.941  139.421    12    12     2            14     2.3
  KNG004  三崎          35.144  139.622    11    12     4            14     2.2
  GNMH12  神流          36.144  138.913     9    10     9            14     2.0
  CHB009  千葉          35.608  140.102    12    13     7            14     2.5
  TCG004  湯元          36.806  139.420    12    13     6            14     2.2
  SITH11  飯能          35.864  139.273     9    10     5            13     2.1
  KNG203  平塚ST3       34.798  139.643    13    12     1            13     2.0
  CHB010  八日市場      35.708  140.568    12    12     5            13     2.3
  SIT004  長瀞          36.118  139.105    10    12     4            13     1.5
  TCGH08  栗山東        36.883  139.646    13     8     5            13     1.9
  FKS013  古殿          37.090  140.556    10    11     4            13     2.4
  SIT007  東松山        36.054  139.391    11    10     4            13     1.7
  SITH06  川本          36.113  139.289    11    11     4            12     1.7
  TCG011  葛生          36.387  139.614    11    10     6            12     1.8
  CHBH19  蓮沼          35.594  140.511     8    10     5            12     2.4
  CHBH10  千葉          35.546  140.242     9    12     6            12     2.2
  CHB017  市場          35.299  140.076    10    10     6            12     2.4
  GNMH13  水上2         36.862  139.063    11     9     2            11     1.9
  IBRH20  波崎2         35.828  140.732     8    10     6            11     2.4
  TKY004  八王子        35.628  139.403    11     8     5            11     1.9
  FKSH18  三春          37.489  140.538    11     8     3            11     2.0
  SZO003  東伊豆        34.816  139.055     9     9     4            11     2.0
  FKS014  矢祭          36.886  140.417     7    10     3            11     1.8
  IBRH14  十王          36.692  140.548     8     7     5            11     1.3
  KNG204  平塚ST4       34.893  139.571     7     9     2            10     1.9
  TKY003  青梅          35.797  139.291    10     9     3            10     2.2
  TKY006  小金井        35.699  139.503     9    10     5            10     2.1
  SIT009  川越          35.903  139.483     8     9     5            10     1.7
  GNM003  沼田          36.658  139.078    10     9     5            10     1.8
  CHB013  茂原          35.433  140.291     7     8     4            10     2.1
  FKS017  須賀川        37.284  140.369     7     8     5            10     2.0
  KNG002  横浜          35.437  139.634     9     9     8            10     2.4
  SZO001  熱海          35.142  139.079     6     9     3             9     1.1
  FKS008  船引          37.436  140.567     7     8     2             9     1.9
  KNG009  厚木          35.442  139.362     9     7     4             9     2.1
  GNM002  水上          36.782  138.970     8     7     2             9     1.3
  SIT002  熊谷          36.148  139.388     6     9     6             9     1.8
  FKSH20  浪江          37.491  140.987     6     8     2             9     1.9
  SITH05  神泉          36.151  139.050     7     8     3             8     1.3
  KNGH11  厚木          35.404  139.354     6     7     3             8     2.4
  FKSH19  都路          37.470  140.723     7     7     3             8     1.8
  SIT005  小川          36.056  139.263     8     5     3             8     1.4
  CHB026  長南          35.387  140.237     7     8     4             8     1.9
  FKS029  桧枝岐        37.016  139.380     8     7     1             8     1.1
  SIT013  所沢          35.797  139.466     7     7     4             8     1.9
  GNMH14  みどり        36.493  139.322     7     8     4             8     1.2
  FKS012  勿来          36.907  140.793     7     8     3             8     1.9
  TKY008  岡田          34.785  139.391     7     6     5             8     1.6
  CHB019  鋸南          35.111  139.835     8     7     4             8     2.3
  SIT006  秩父          35.995  139.071     8     7     2             8     1.3
  TKY005  町田          35.580  139.414     8     6     4             8     1.8
  MYGH13  南三陸        38.699  141.418     8     3     2             8     1.7
  FKSH11  矢吹          37.201  140.339     7     7     3             7     1.8
  CHB016  岬            35.300  140.387     6     7     3             7     2.1
  TCG001  黒磯          36.942  140.083     5     6     4             7     1.7
  GNMH07  利根          36.700  139.210     7     6     3             7     1.5
  YMNH11  大月          35.625  138.978     6     7     3             7     1.9
  FKS019  二本松        37.603  140.437     7     6     2             7     1.6
  FKS024  中野          37.396  140.132     4     6     3             7     1.8
  KNG006  二俣川        35.454  139.539     6     7     2             7     1.8
  FKS009  小野          37.278  140.635     7     5     2             7     1.3
  YMN004  塩山          35.702  138.727     4     4     7             7     1.1
  TCG002  塩原          36.990  139.803     4     5     3             7     1.5
  KNG008  相模原        35.575  139.327     6     7     4             7     1.6
  FKS010  広野          37.234  141.002     6     5     2             7     1.5
  CHB020  鴨川          35.115  140.102     6     4     3             7     1.8
  TKYH12  八王子        35.670  139.265     6     4     3             6     1.7
  FKS027  滝原          37.070  139.681     3     6     1             6     0.8
  SITH07  名栗          35.912  139.149     4     5     1             6     0.9
  KNG003  横須賀        35.273  139.658     6     5     2             6     1.4
  FKSH17  川俣          37.664  140.597     4     4     1             6     1.4
  FKSH08  長沼          37.282  140.214     5     5     2             6     1.3
  KNG013  小田原        35.264  139.152     5     5     4             6     1.8
  FKSH14  いわき東      37.026  140.970     6     5     2             6     1.5
  FKS011  いわき        37.091  140.904     5     4     2             6     1.4
  MYG015  岩沼          38.105  140.870     5     5     1             6     1.7
  CHBH11  養老          35.287  140.153     5     5     3             6     1.7
  GNM006  吾妻          36.510  138.752     6     5     2             6     1.2
  YMN002  大月          35.613  138.947     5     5     4             6     1.3
  KNGH18  藤野          35.644  139.128     5     6     2             6     1.5
  CHB018  勝浦          35.158  140.322     5     5     2             6     1.6
  FKS004  飯舘          37.680  140.735     5     4     2             5     1.2
  CHB021  白浜          34.908  139.898     3     5     2             5     1.4
  FKSH09  郡山          37.353  140.426     5     4     1             5     0.8
  FKS031  川内          37.336  140.813     5     5     2             5     1.5
  KNG010  平塚          35.334  139.345     5     5     2             5     1.7
  SITH04  所沢          35.803  139.535     5     4     2             5     1.5
  KNG014  山北          35.361  139.083     5     5     3             5     1.4
  YMNH14  都留南        35.511  138.968     4     4     4             5     0.9
  SZO011  富士宮        35.213  138.602     3     5     1             5     1.2
  SZO002  伊東          34.965  139.103     5     4     3             5     1.5
  FKS018  郡山          37.396  140.362     4     5     3             5     1.5
  SZOH42  修善寺        34.976  138.913     5     5     2             5     1.5
  FKS023  会津若松      37.477  139.929     5     5     1             5     1.7
  KNGH20  松田          35.366  139.126     3     4     4             5     1.2
  FKS001  相馬          37.795  140.920     4     4     1             5     1.5
  GNM016  万場          36.116  138.925     3     4     2             5     1.0
  TKY009  波浮港        34.687  139.441     4     4     2             5     0.9
  NGN014  小海          36.096  138.484     4     3     2             4     0.8
  TKYH13  檜原南        35.702  139.127     4     4     2             4     0.7
  TCGH17  藤原2         36.985  139.692     4     4     1             4     1.4
  MYGH07  川崎          38.180  140.641     3     4     1             4     0.9
  MYGH10  山元          37.941  140.892     3     4     1             4     1.1
  SIT001  本庄          36.243  139.194     2     4     2             4     1.3
  YMN001  丹波山        35.789  138.920     3     3     1             4     0.5
  YMN009  六郷          35.496  138.463     4     3     1             4     1.4
  KNG012  秦野          35.379  139.205     4     3     1             4     1.0
  KNG005  鎌倉          35.319  139.546     4     3     1             4     0.9
  YMN005  甲府          35.655  138.568     3     4     2             4     1.3
  FKS007  大熊          37.406  140.963     3     3     2             4     1.2
  SZOH35  伊東中        34.947  139.085     3     3     2             4     1.5
  YMN003  富士吉田      35.465  138.813     3     3     4             4     0.8
  SZO007  修善寺        34.977  138.947     4     3     1             4    <0.5
  FKS005  原町          37.639  140.985     3     2     1             3     1.0
  KNGH23  葉山          35.262  139.611     3     3     2             3     1.2
  NGNH18  開田          35.932  137.595     3     2     1             3     0.7
  CHB025  千倉          34.971  139.946     2     3     2             3     1.1
  FKS015  棚倉          37.022  140.377     3     3     1             3     1.3
  CHB027  勝浦北        35.181  140.266     3     2     1             3     0.9
  FKS003  福島          37.761  140.480     3     3     1             3     1.0
  SZOH34  清水北        35.130  138.424     3     2     2             3     0.9
  CHBH17  勝浦東        35.171  140.340     3     3     2             3     0.9
  MYG017  角田          37.976  140.782     2     3     1             3     1.3
  KNGH21  清川          35.463  139.215     3     3     2             3     0.8
  TKY001  氷川          35.803  139.096     3     3     2             3     0.6
  YMNH08  西野原        35.690  138.734     3     3     3             3     0.9
  GNM007  渋川          36.464  139.009     3     3     1             3     1.1
  MYGH14  利府          38.340  140.955     3     3     1             3     0.9
  SITH08  小鹿野        36.027  138.969     3     3     1             3     0.8
  GNM014  坂本          36.347  138.721     3     3     1             3     0.9
  FKS028  只見          37.304  139.362     2     2     1             3     0.8
  GNM008  前橋          36.348  139.137     3     2     1             3     1.2
  SIT012  飯能          35.840  139.321     3     3     1             3     0.9
  GNMH11  富岡          36.286  138.921     2     2     1             3     0.6
  YMN010  須玉          35.792  138.410     2     2     1             3     0.6
  TKY002  桧原          35.730  139.145     3     3     1             3     0.6
  MYG002  歌津          38.726  141.511     2     2     1             3    <0.5
  KNGH19  山北中        35.417  139.044     2     2     2             3    <0.5
  FKS025  下郷          37.308  139.900     2     2     2             3     0.5
  SIT014  中津川        35.995  138.801     2     3     1             3    <0.5
  FKS002  梁川          37.845  140.601     2     2     1             3     0.6
  YMNH15  上九一色      35.532  138.605     2     2     2             2    <0.5
  MYG013  仙台          38.266  140.929     2     1     1             2     0.8
  SZOH38  函南          35.085  138.978     2     2     2             2     0.6
  SZO028  川奈          34.952  139.138     2     2     1             2     0.6
  SZO008  沼津          35.096  138.866     2     2     1             2     0.7
  IWT012  北上          39.321  141.138     2     2     1             2     0.8
  NGN016  富士見        35.913  138.223     2     2     1             2     0.9
  YMN006  本栖          35.468  138.607     2     2     1             2     0.5
  GNM015  下仁田        36.229  138.758     2     2     1             2    <0.5
  SZO012  蒲原          35.127  138.621     1     2     1             2     0.6
  MYG010  石巻          38.429  141.282     2     2     1             2     0.8
  TKY010  新島          34.378  139.257     2     2     1             2     0.7
  KNG011  藤野          35.615  139.155     2     2     1             2     0.7
  IWTH27  陸前高田      39.031  141.532     1     2     1             2    <0.5
  MYG008  北上          38.568  141.427     2     2     1             2    <0.5
  NIGH15  六日          37.053  138.995     2     1     1             2     0.7
  SZO005  松崎          34.755  138.784     2     1     0             2     0.8
  GNM004  草津          36.617  138.592     2     2     1             2    <0.5
  GIF007  高根          36.038  137.486     1     2     1             2    <0.5
  NIGH14  塩沢          37.030  138.852     2     1     1             2     0.5
  MYGH11  河北          38.516  141.342     2     1     1             2    <0.5
  SZO010  御殿場        35.313  138.906     1     1     1             2     0.7
  SZO014  静岡          34.965  138.374     1     2     0             2     0.5
  YMNH12  増穂          35.562  138.449     2     1     1             2    <0.5
  SZOH40  河津          34.783  138.970     2     1     1             2    <0.5
  SZOH39  西伊豆西      34.799  138.772     2     2     1             2    <0.5
  SZOH54  初島2         35.042  139.168     1     1     1             2    <0.5
  YMT011  上山          38.150  140.267     2     1     1             2     0.8
  NIG022  塩沢          37.036  138.846     2     2     1             2     0.8
  NIGH19  湯沢          36.811  138.785     1     1     1             2    <0.5
  GNMH08  嬬恋          36.492  138.524     2     1     1             2     0.7
  YMNH16  甲府2         35.742  138.565     1     2     1             2    <0.5
  YMTH02  山形          38.269  140.258     1     2     0             2     0.7
  NGN015  諏訪          36.045  138.112     1     2     2             2     1.0
  GNM005  嬬恋          36.513  138.518     1     1     1             2    <0.5
  MYG016  白石          38.008  140.621     1     1     1             2     0.6
  YMTH06  高畠          37.963  140.184     1     1     0             1     0.5
  YMNH10  早川北        35.535  138.309     1     1     1             1    <0.5
  IWTH04  住田          39.181  141.391     1     1     0             1    <0.5
  GNMH09  高山          36.621  138.907     1     1     1             1    <0.5
  FKS030  金山          37.453  139.513     1     1     1             1     0.6
  IWT020  藪川          39.784  141.329     1     1     0             1     0.7
  MYGH09  白石          38.009  140.603     1     1     1             1    <0.5
  MYGH08  岩沼          38.113  140.844     1     1     1             1    <0.5
  MYG001  気仙沼        38.901  141.568     1     1     0             1    <0.5
  NGNH23  南木曽        35.606  137.611     1     1     1             1    <0.5
  IWTH20  花巻南        39.343  141.047     1     1     0             1    <0.5
  NGNH24  松川          35.615  137.880     1     1     1             1    <0.5
  IWTH28  一関西2       39.009  140.864     1     1     0             1    <0.5
  CHBH20  鴨川南        35.088  140.100     1     1     1             1    <0.5
  NIGH11  川西          37.173  138.744     1     1     0             1    <0.5
  IWTH26  一関東        38.969  141.001     1     1     0             1    <0.5
  YMTH14  西川西        38.386  139.992     1     1     0             1    <0.5
  IWTH23  釜石          39.274  141.823     1     1     0             1    <0.5
  NGNH31  塩尻          36.118  137.939     0     0     1             1    <0.5
  NGNH30  奈川          36.064  137.685     0     1     0             1    <0.5
  YMTH07  米沢          37.896  140.028     1     1     0             1    <0.5
  MYGH03  唐桑          38.921  141.638     0     1     0             1    <0.5
  NGNH32  松本          36.258  137.990     0     0     0             1    <0.5
  NIGH05  聖籠          37.976  139.279     0     0     0             1    <0.5
  NGNH54  飯田          35.449  138.006     0     0     0             1    <0.5
  NGNH29  野沢温泉      36.910  138.441     0     0     0             0    <0.5
  NGNH25  南信濃        35.299  137.927     0     0     0             0    <0.5
  MYGH06  田尻          38.591  141.071     0     0     0             0    <0.5
  NIGH02  朝日          38.280  139.549     0     0     0             0    <0.5
  IWTH15  矢巾          39.615  141.093     0     0     0             0    <0.5
  AKTH06  雄勝          38.980  140.495     0     0     0             0    <0.5
  NGNH15  辰野          36.009  137.930     0     0     0             0    <0.5
  YMTH12  立川          38.636  140.006     0     0     0             0    <0.5