最大加速度リスト

地震発生時刻   2011/03/11-15:15:00.00
震央北緯       36.1°
震央東経       141.3°
震源深さ       43.0km
マグニチュード M7.7

  コード  観測点名      緯度    経度     最大加速度 (ガル) 三成分合成値 計測震度
　　　　　 　　         北緯    東経      N-S   E-W   U-D        (ガル)         
  IBR013  鉾田          36.159  140.489   556   925   347           957     6.0
  IBRH18  ひたちなか    36.363  140.620   306   604   175           630     5.3
  IBR003  日立          36.592  140.645   480   334   202           585     5.3
  IBR007  那珂湊        36.352  140.595   461   477   150           480     5.4
  IBR018  鹿嶋          35.977  140.632   408   355   220           408     5.2
  TCG014  茂木          36.545  140.174   250   395   153           403     5.2
  IBR006  水戸          36.369  140.453   381   342   196           400     5.1
  IBR004  大宮          36.552  140.410   345   266   114           393     4.7
  TCG009  今市          36.726  139.715   321   362    95           376     5.2
  TCGH16  芳賀          36.548  140.075   283   345   105           366     5.2
  IBRH16  山方          36.641  140.398   235   313   118           328     4.9
  CHB005  銚子          35.736  140.830   299   176    70           316     5.3
  FKSH10  西郷          37.162  140.093   294   197   120           313     4.8
  IBRH11  岩瀬          36.370  140.140   273   288   119           302     5.3
  IBRH15  御前山        36.557  140.301   287   207    93           288     4.7
  CHB012  東金          35.573  140.333   276   159    92           285     5.2
  IBR014  土浦          36.073  140.195   192   202    83           275     5.2
  IBRH17  霞ヶ浦        36.086  140.314   218   198   143           259     4.9
  IBR005  笠間          36.385  140.237   247   213   118           257     5.1
  CHB007  佐倉          35.723  140.227   245   199    80           256     4.8
  IBRH20  波崎2         35.828  140.732   168   228    77           246     5.3
  CHB004  佐原          35.901  140.490   177   220   144           245     4.7
  IBR010  下妻          36.184  139.965   165   199    84           244     4.9
  IBR012  石岡          36.190  140.287   162   233   131           244     5.0
  IBRH12  大子          36.837  140.318   235   200    81           238     4.7
  IBR017  江戸崎        35.954  140.319   200   180   172           233     4.6
  KNG206  平塚ST6       35.097  139.378    90   202    46           223     5.4
  IBRH21  つくば南      35.981  140.105   137   193   135           215     4.7
  CHB001  野田          35.959  139.873   136   212    64           213     4.8
  TCGH11  今市          36.708  139.769   169   199    71           212     4.3
  CHB010  八日市場      35.708  140.568   186   188    78           212     5.1
  CHB003  白井          35.794  140.056   131   207   106           210     4.7
  CHBH14  銚子中        35.734  140.823   179   125    62           204     5.1
  IBRH13  高萩          36.795  140.575   182   145   117           204     4.5
  IBR016  取手          35.911  140.049   170   171   135           197     4.6
  TCGH13  馬頭          36.734  140.178   153   157    68           185     4.6
  TCG013  真岡          36.437  140.023   156   139   106           181     4.8
  TCGH10  大田原        36.858  140.023   137   149    88           173     4.3
  IBR011  つくば        36.125  140.090   127   147    63           172     4.7
  CHB006  成田          35.780  140.307   139   150   103           166     4.7
  TCG012  小山          36.286  139.805   146   138    69           159     4.7
  CHBH13  成田          35.831  140.298   152   127    91           155     4.6
  IBRH10  石下          36.111  139.989   133   117    84           153     4.8
  IBR001  大子          36.776  140.357   151   124    56           152     4.6
  TKY017  辰巳          35.647  139.809   147    95    32           149     4.9
  IBR019  北茨城        36.881  140.654   123   143    60           145     4.1
  IBR002  高萩          36.706  140.707   103   142    68           142     4.5
  CHB014  姉崎          35.477  140.049    77   133    50           136     4.8
  IBRH07  江戸崎        35.952  140.330    90   112   116           132     4.9
  FKS018  郡山          37.396  140.362    92   116    61           129     4.4
  FKSH11  矢吹          37.201  140.339   110   123    47           129     4.4
  IBR008  下館          36.306  139.983    96   109    81           129     4.7
  CHB011  蓮沼          35.602  140.501   125   112    56           127     5.0
  TCG006  小川          36.764  140.130   105    90    55           121     4.3
  TCGH15  宇都宮        36.559  139.864   112    77    58           119     3.9
  CHB028  市川北        35.766  139.966    76    96    76           117     4.2
  FKS013  古殿          37.090  140.556   113    91    33           114     4.2
  IBR015  岩井          36.069  139.908   108    94    61           113     4.3
  GNM009  桐生          36.411  139.325   102    86    34           113     4.3
  IWT007  釜石          39.270  141.856    78   110    34           112     3.4
  TCG008  鹿沼          36.560  139.768    95    67    54           108     4.2
  IBRH14  十王          36.692  140.548   101    70    73           107     3.6
  CHBH04  下総          35.797  140.021    73   101    57           107     4.4
  TCGH12  氏家          36.696  139.984    96    75    69           107     3.9
  CHB016  岬            35.300  140.387    94    97    25           102     4.8
  GNMH12  神流          36.144  138.913    68   100    32           101     3.9
  CHB002  松戸          35.787  139.903    97    77    59            99     4.0
  FKSH18  三春          37.489  140.538    93    78    45            98     3.7
  TKY027  瑞江          35.693  139.891    81    89    39            98     4.6
  SIT011  川口          35.810  139.721    83    69    18            96     4.6
  FKS023  会津若松      37.477  139.929    78    76    21            95     4.3
  TCGH14  粟野          36.551  139.615    69    92    36            95     3.4
  IBRH19  つくば        36.214  140.089    71    85    45            94     3.7
  CHB015  木更津        35.374  139.916    70    92    36            93     4.7
  SITH06  川本          36.113  139.289    54    90    19            93     3.4
  KNGH10  横浜          35.499  139.519    74    90    38            90     4.3
  SIT008  春日部        35.974  139.753    83    82    26            90     4.6
  TCG003  藤原          36.814  139.715    75    87    34            90     3.9
  TKY023  八広          35.725  139.825    59    85    32            90     4.5
  FKS014  矢祭          36.868  140.430    47    84    30            88     3.9
  CHB029  行徳          35.695  139.918    76    82    32            88     4.4
  SIT004  長瀞          36.118  139.105    47    77    16            88     3.1
  TCG001  黒磯          36.942  140.083    69    79    35            85     3.9
  TKY021  猿江          35.688  139.819    74    59    29            85     4.6
  FKSH08  長沼          37.282  140.214    82    80    26            85     3.8
  FKS008  船引          37.436  140.567    73    65    17            84     3.6
  TCG005  矢板          36.806  139.926    72    76    23            83     3.9
  TKY028  越中島        35.669  139.789    79    76    26            83     4.5
  TCG016  北高岡        36.529  140.156    66    79    36            83     3.8
  CHB008  浦安          35.654  139.902    74    73    28            82     4.6
  FKS004  飯舘          37.680  140.735    82    74    24            82     3.5
  FKS009  小野          37.278  140.635    77    70    23            82     3.6
  TKY026  宇喜田        35.670  139.863    75    69    36            81     4.4
  CHB009  千葉          35.608  140.102    66    78    29            81     4.3
  CHBH10  千葉          35.546  140.242    61    73    46            81     4.5
  TKY018  八枝          35.655  139.811    60    73    43            80     4.4
  IWTH23  釜石          39.274  141.823    48    73    21            79     2.7
  GNM001  片品          36.772  139.225    71    65    31            78     3.4
  FKS019  二本松        37.603  140.437    66    75    24            78     3.7
  FKSH12  平田          37.217  140.570    76    51    21            77     3.8
  TKY020  塩浜          35.666  139.809    76    45    19            77     4.3
  CHB013  茂原          35.433  140.291    60    69    24            76     4.4
  TKY022  横網          35.687  139.796    65    64    27            76     4.5
  TKY013  砂町          35.660  139.834    74    62    23            76     4.5
  TKY015  東白鬚        35.731  139.812    55    72    31            76     4.2
  FKS029  桧枝岐        37.016  139.380    71    40    10            75     2.9
  SIT003  久喜          36.072  139.697    67    63    40            75     4.3
  TKY024  奥戸          35.740  139.862    51    74    47            74     4.3
  TCG015  芹沼          36.749  139.714    64    65    46            74     3.8
  GNM011  太田          36.291  139.361    42    66    21            73     3.9
  TKY025  篠崎          35.714  139.897    70    72    32            73     4.2
  FKS001  相馬          37.795  140.920    56    50    21            71     3.8
  FKSH20  浪江          37.491  140.987    53    53    22            71     4.1
  CHB026  長南          35.387  140.237    48    63    24            70     4.4
  MYG015  岩沼          38.105  140.870    49    61    20            70     4.0
  FKSH19  都路          37.470  140.723    56    60    21            69     3.6
  IWTH27  陸前高田      39.031  141.532    68    30    23            69     2.6
  IBR009  古河          36.185  139.704    47    62    31            69     4.0
  GNM012  伊勢崎        36.315  139.192    61    67    27            68     3.9
  TKY014  亀戸          35.689  139.835    65    62    33            67     4.2
  GNM003  沼田          36.658  139.078    64    65    24            67     3.7
  CHB017  市場          35.299  140.076    64    48    33            67     4.1
  KNG002  横浜          35.437  139.634    52    53    23            66     4.3
  FKSH17  川俣          37.664  140.597    40    65    15            65     3.7
  FKSH14  いわき東      37.026  140.970    56    64    26            65     4.1
  MYG002  歌津          38.726  141.511    64    49    18            65     2.7
  IWT009  大東          39.019  141.403    34    64    19            64     2.7
  TKY016  東雲          35.648  139.799    59    49    24            64     4.3
  KNG001  川崎          35.529  139.706    57    58    23            64     4.1
  FKS012  勿来          36.907  140.793    49    52    31            63     3.9
  MYG001  気仙沼        38.901  141.568    60    37    28            63     3.1
  FKS011  いわき        37.091  140.904    61    44    36            62     3.7
  TCGH07  栗山西        36.882  139.453    44    52    22            62     3.4
  FKS003  福島          37.761  140.480    50    46    21            62     3.8
  CHB022  富津          35.308  139.860    59    57    19            62     3.9
  TCGH09  矢板          36.862  139.836    45    49    31            62     3.4
  TKY007  新宿          35.711  139.686    55    61    31            61     3.9
  TCG010  足尾          36.635  139.438    58    55    22            61     3.5
  SITH11  飯能          35.864  139.273    53    56    19            60     3.5
  CHBH16  鴨川          35.138  139.965    33    54    15            60     4.4
  FKS005  原町          37.639  140.985    53    50    18            60     3.6
  KNGH11  厚木          35.404  139.354    59    42    10            59     4.2
  IWT013  遠野          39.337  141.538    54    54    20            58     3.3
  FKS015  棚倉          37.022  140.377    57    40    20            57     3.6
  MYGH10  山元          37.941  140.892    48    52    19            56     3.5
  GNM010  館林          36.234  139.533    52    53    23            56     3.8
  SIT010  大宮          35.907  139.648    48    45    20            55     4.1
  CHBH12  富津          35.344  139.855    45    45    15            55     4.0
  TKY003  青梅          35.797  139.291    49    40    12            55     3.7
  CHB019  鋸南          35.111  139.835    47    43    22            54     4.3
  GNMH05  伊勢崎        36.314  139.185    44    40    17            54     3.8
  SITH01  岩槻          35.929  139.735    41    50    25            52     4.0
  FKS002  梁川          37.845  140.601    50    43    16            51     3.5
  KNG013  小田原        35.264  139.152    38    44    18            49     4.1
  YMTH06  高畠          37.963  140.184    42    44    13            49     3.6
  FKS020  猪苗代        37.547  140.108    45    43    16            47     4.1
  KNG201  平塚ST1       34.596  139.918    43    39     7            47     3.9
  FKS016  白河          37.123  140.191    46    46    15            47     3.4
  SIT009  川越          35.903  139.483    45    45    23            47     3.4
  MYG004  築館          38.729  141.022    46    20    11            46     3.1
  KNG009  厚木          35.442  139.362    46    34    13            46     3.7
  GNMH13  水上2         36.862  139.063    42    25    11            46     3.5
  MYG017  角田          37.976  140.782    34    35    12            46     3.8
  CHB018  勝浦          35.158  140.322    44    31    14            46     3.6
  MYG012  塩竈          38.318  141.019    32    39    21            45     3.5
  FKS024  中野          37.396  140.132    40    41    22            45     4.0
  TCG007  宇都宮        36.569  139.886    37    37    30            45     3.3
  CHBH11  養老          35.287  140.153    33    43    21            45     4.0
  KNG006  二俣川        35.454  139.539    30    41    10            44     3.5
  GNM013  高崎          36.318  139.018    32    41    12            44     3.7
  SIT013  所沢          35.797  139.466    32    37    18            44     3.6
  TCG004  湯元          36.806  139.420    38    37    30            43     3.5
  KNG010  平塚          35.336  139.350    31    41    17            43     4.1
  KNG202  平塚ST2       34.740  139.839    30    36    14            43     3.8
  SIT007  東松山        36.054  139.391    33    41    14            43     3.2
  IWT012  北上          39.321  141.138    41    23     9            42     3.2
  GNM002  水上          36.782  138.970    40    31     8            42     2.9
  GNM008  前橋          36.348  139.137    34    41    14            41     3.7
  KNG205  平塚ST5       34.941  139.421    36    41    11            41     3.8
  FKSH09  郡山          37.353  140.426    30    34    11            41     2.8
  SIT006  秩父          35.995  139.071    40    29    12            40     3.0
  KNG004  三崎          35.144  139.622    27    37    12            40     3.5
  MYG003  東和          38.735  141.311    33    32    13            40     2.3
  YMT015  米沢          37.904  140.100    37    33    13            39     3.6
  TKY006  小金井        35.699  139.503    37    28    18            39     3.5
  TKYH12  八王子        35.670  139.265    39    21    15            39     3.3
  IWTH05  藤沢          38.865  141.351    24    39    16            39     2.4
  SITH05  神泉          36.151  139.050    33    32    11            39     3.0
  KNG007  藤沢          35.339  139.490    21    35    12            38     3.7
  KNG008  相模原        35.575  139.327    24    37    17            38     3.2
  TKY005  町田          35.578  139.416    35    37    17            38     3.7
  GNM016  万場          36.116  138.925    37    22     9            38     3.0
  CHB020  鴨川          35.115  140.102    33    34    11            38     3.8
  FKS017  須賀川        37.284  140.369    32    35    17            37     3.6
  GNM006  吾妻          36.510  138.752    28    37    15            37     2.9
  MYG008  北上          38.577  141.451    19    36    11            36     2.5
  MYG014  作並          38.318  140.636    35    34    10            36     3.4
  TCG002  塩原          36.990  139.803    29    36    17            36     3.2
  YMT011  上山          38.150  140.267    34    21    11            35     3.5
  TKY004  八王子        35.628  139.403    32    33    17            35     3.6
  FKS027  滝原          37.070  139.681    27    29    11            35     2.4
  GNMH14  みどり        36.493  139.322    34    28    15            34     2.8
  TKYH02  府中          35.654  139.470    26    34    12            34     3.6
  TCG011  葛生          36.387  139.614    30    33    17            34     3.0
  YMNH11  大月          35.625  138.978    29    32    12            34     3.6
  IWTH21  山田          39.473  141.934    27    26    14            33     2.6
  SITH10  都幾川        35.996  139.219    29    32    16            33     2.8
  IWT005  宮古          39.647  141.946    29    13    25            33     2.7
  FKS025  下郷          37.308  139.900    22    20    24            32     2.8
  MYGH09  白石          38.009  140.603    26    29    19            32     3.5
  GNMH07  利根          36.700  139.210    31    28    15            31     2.9
  FKS022  西会津        37.600  139.647    24    28    12            31     3.4
  YMN009  六郷          35.496  138.463    30    14     8            30     3.3
  SIT005  小川          36.056  139.263    22    28     9            30     2.7
  FKSH16  福島          37.764  140.377    23    26    14            30     3.3
  IWTH02  玉山          39.825  141.383    25    18     5            29     2.5
  MYG006  古川          38.580  140.965    27    24     7            29     3.5
  MYG010  石巻          38.428  141.281    24    24     8            29     3.5
  CHB027  勝浦北        35.181  140.266    22    22    14            28     3.6
  IWTH22  東和          39.334  141.302    21    26    14            28     2.6
  CHBH17  勝浦東        35.171  140.340    25    27    11            28     3.5
  GNM007  渋川          36.462  139.010    27    24    14            28     3.2
  KNG203  平塚ST3       34.798  139.643    25    27    10            28     3.4
  SIT002  熊谷          36.148  139.388    24    26    14            27     3.4
  GNMH11  富岡          36.286  138.921    25    20    12            27     3.1
  FKSH02  熱塩加納      37.732  139.882    20    20    13            27     2.8
  YMT007  東根          38.431  140.391    23    21     9            26     3.0
  KNG204  平塚ST4       34.893  139.571    22    23     8            26     3.5
  SITH08  小鹿野        36.027  138.969    26    22     9            26     2.7
  KNG003  横須賀        35.273  139.658    26    17     9            26     3.3
  SITH04  所沢          35.803  139.535    23    22    12            25     3.5
  NGN015  諏訪          36.045  138.112    23    19    10            25     3.7
  IWTH04  住田          39.181  141.391    21    20    11            25     2.7
  FKS026  南郷          37.266  139.539    23    17     9            25     2.9
  KNG014  山北          35.361  139.083    21    22     8            24     3.2
  SZO010  御殿場        35.309  138.935    23    18    10            24     3.5
  FKSH03  高郷          37.608  139.753    20    15    10            24     3.0
  SITH03  日高          35.899  139.384    20    17    12            24     3.5
  IWT016  川井          39.600  141.679    23    12     7            24     2.5
  IWT026  相去          39.257  141.098    22    16    11            24     2.8
  KNGH23  葉山          35.262  139.611    19    18    12            23     3.5
  SITH07  名栗          35.912  139.149    16    22     7            23     2.3
  FKSH06  伊南          37.172  139.520    15    23     8            23     2.4
  SIT001  本庄          36.243  139.194    21    22    10            23     3.3
  KNGH18  藤野          35.644  139.128    22    20     9            23     3.1
  IWTH26  一関東        38.969  141.001    18    22    10            22     2.5
  IWTH20  花巻南        39.343  141.047    17    22     6            22     2.9
  YMTH02  山形          38.269  140.258    19    20     7            22     3.1
  NGN016  富士見        35.913  138.223    19    11     6            22     3.4
  IWT020  藪川          39.784  141.329    15    21     7            22     3.1
  MYGH08  岩沼          38.113  140.844    19    18    10            21     3.1
  SZO003  東伊豆        34.816  139.055    16    17     7            21     2.7
  MYG007  豊里          38.588  141.251    20    21     9            21     2.7
  KNG005  鎌倉          35.319  139.546    19    21    11            21     3.5
  SITH09  皆野          36.072  139.099    20    14    12            21     2.6
  TKYH13  檜原南        35.702  139.127    16    20    11            20     2.4
  YMTH04  上山          38.081  140.298    19    19     7            20     2.5
  FKS028  只見          37.349  139.314    20    16    10            20     3.1
  YMN005  甲府          35.655  138.568    18    19     8            20     3.2
  FKSH07  檜枝岐        37.010  139.375    19    17     7            20     2.2
  SZO011  富士宮        35.213  138.602    18    20     6            20     2.9
  FKSH04  会津高田      37.451  139.813    17    18     7            20     3.0
  YMN002  大月          35.613  138.947    18    18    10            20     2.8
  FKS021  喜多方        37.654  139.863    13    18     6            19     2.7
  CHBH20  鴨川南        35.088  140.100    18    11    10            19     3.3
  YMN004  塩山          35.702  138.727    14    17     7            19     3.2
  SZOH42  修善寺        34.976  138.913    16    18     7            18     3.1
  IWTH18  川井南        39.463  141.678    17    11     8            18     1.8
  GNMH08  嬬恋          36.492  138.524    16    15     9            18     3.0
  MYGH05  小野田        38.579  140.780    14    17     7            18     3.0
  IWTH01  二戸東        40.238  141.342    13    16     5            18     2.6
  CHB025  千倉          34.971  139.946    17    13     8            18     3.1
  SZO013  清水          35.041  138.476    16    14     6            18     3.2
  IWT019  岩泉          39.849  141.803    13    15     7            17     2.8
  NIG012  鹿瀬          37.686  139.477    16    14     7            17     3.1
  KNGH20  松田          35.366  139.126    13    17     9            17     3.1
  NGN014  小海          36.096  138.484    17    11     5            17     2.2
  IWT017  門馬          39.634  141.438    15    15     7            16     2.1
  SZOH35  伊東中        34.947  139.085    12    15     5            16     2.9
  MYG009  大和          38.447  140.887    15    14     9            16     3.0
  IWT021  西根          39.920  141.082    16    12     5            16     2.7
  FKSH21  只見          37.342  139.315    12    15     8            16     2.8
  GNM004  草津          36.617  138.592    14    16     8            16     2.8
  SIT014  中津川        35.995  138.801    12    15     5            16     2.1
  TKY008  岡田          34.785  139.391    15    12     8            16     2.6
  IWT003  普代          40.008  141.886    12    15     5            16     2.9
  GNM014  坂本          36.350  138.718    12    15     9            15     2.9
  KNG012  秦野          35.379  139.205    14    13     8            15     3.0
  NGNH12  南牧          35.970  138.480    12    14     7            15     3.0
  MYG005  鳴子          38.799  140.651    13    15     9            15     3.1
  YMTH07  米沢          37.896  140.028    11    13     7            15     2.9
  TKY001  氷川          35.803  139.096    11    15     9            15     2.4
  IWTH12  九戸          40.153  141.424    12    14     5            15     2.2
  NGNH11  富士見        35.916  138.305    11    14     5            15     2.5
  SZO002  伊東          34.965  139.103    12    14     6            14     2.6
  YMNH08  西野原        35.690  138.734    11    14     5            14     2.8
  FKSH05  下郷          37.254  139.873    14    12     4            14     2.5
  GNM015  下仁田        36.229  138.758    12    12     5            14     2.0
  SIT012  飯能          35.840  139.321    11    13     6            14     2.7
  YMT014  下屋地        37.921  139.870     9    14     6            14     2.3
  NIG011  新津          37.801  139.144    13    13     4            14     3.0
  IWTH24  金ヶ崎        39.198  141.012    14    12     7            14     2.6
  IWT018  盛岡          39.695  141.148     9    11     5            14     1.7
  YMT008  中村          38.386  139.992    11    13     6            14     2.9
  TKY002  桧原          35.730  139.145    11    12     6            13     2.3
  CHB021  白浜          34.908  139.898    12    12     6            13     2.9
  YMN003  富士吉田      35.465  138.813    12    13     5            13     2.9
  NIGH01  長岡          37.427  138.888    11     9     6            13     2.6
  YMTH14  西川西        38.386  139.992    11    12     6            13     2.9
  KNGH21  清川          35.463  139.215    11    11    10            13     2.7
  IWTH03  岩泉          39.802  141.652     9    12     5            13     1.6
  NIG028  長岡支所      37.426  138.886    10     9     6            13     2.6
  YMN001  丹波山        35.789  138.920    10    12     4            13     2.2
  SZO008  沼津          35.096  138.866    13     9     6            13     2.9
  IWT008  大船渡        39.081  141.708    10    11     5            13     1.8
  IWTH15  矢巾          39.615  141.093    10    10     4            12     2.4
  NGN008  上田          36.402  138.249     9    10     4            12     2.9
  TCGH17  藤原2         36.985  139.692    12    11     6            12     2.0
  YMTH01  天童          38.384  140.381     9    11     5            12     2.8
  GNM005  嬬恋          36.513  138.518    10    11     7            12     2.6
  AOM007  南通          41.226  141.396    11     9     3            12     2.5
  NIG014  三条          37.641  138.956    12     9     4            12     2.9
  AOMH05  野辺地        40.856  141.103    10    10     3            12     2.0
  NIGH06  加茂          37.653  139.068    12     8     6            12     2.4
  NGN010  小諸          36.328  138.436     8    11     4            12     2.8
  AOMH16  新郷          40.462  141.092     9     9     5            12     2.7
  NIGH08  津川          37.671  139.465    11    11     7            12     2.8
  KNG011  藤野          35.615  139.155    10    10     6            12     2.7
  NGNH19  川上          35.974  138.584    11     9     5            11     2.4
  SZO016  焼津          34.857  138.311    10     9     4            11     2.9
  NGNH16  茅野          35.947  138.185    10    10     5            11     2.4
  GNMH09  高山          36.621  138.907     9    10     5            11     2.5
  AKTH04  東成瀬        39.174  140.713     9    10     4            11     2.0
  NIGH19  湯沢          36.811  138.785    10     9     7            11     2.2
  YMN010  須玉          35.792  138.410    10     9     5            11     2.8
  TKY010  新島          34.378  139.257     9     7     4            10     2.8
  YMTH15  西川東        38.426  140.125    10     9     4            10     2.7
  AOM012  八戸          40.514  141.481    10    10     4            10     2.3
  AOMH13  八戸          40.579  141.445     7     9     3            10     2.7
  SZO012  蒲原          35.127  138.621     8     8     5            10     2.6
  YMT006  尾花沢        38.600  140.405     7    10     4            10     2.5
  IWT001  種市          40.410  141.719     8     8     3            10     2.0
  SZO005  松崎          34.755  138.784    10     7     3            10     2.7
  SZO014  静岡          34.965  138.374     9     8     3            10     2.6
  GIF003  神岡          36.332  137.301     9     5     3            10     0.5
  IWT022  安代          40.101  141.052    10     6     3            10     2.0
  NIGH02  朝日          38.280  139.549     9     8     7            10     2.7
  NIG025  直江津        37.161  138.224     9     7     3            10     2.6
  FKS030  金山          37.453  139.513     9     7     5            10     2.3
  IWT024  二戸          40.263  141.290     9     6     4             9     2.0
  NGN024  飯田          35.523  137.837     7     7     4             9     2.6
  TKY009  波浮港        34.687  139.441     9     8     6             9     2.5
  YMT001  酒田          38.914  139.813     9     9     3             9     2.6
  NIG019  小千谷        37.304  138.812     8     9     5             9     2.6
  NIG018  柏崎          37.372  138.558     8     8     4             9     2.8
  SZO018  榛原          34.740  138.224     9     8     5             9     2.7
  SZOH34  清水北        35.130  138.424     9     6     4             9     2.3
  IWTH17  川井北        39.644  141.598     6     7     4             9     1.6
  IWTH16  雫石          39.644  140.946     7     7     4             9     2.2
  YMN006  本栖          35.468  138.607     8     8     4             9     2.6
  YMT005  肘折          38.607  140.162     8     7     4             9     2.4
  YMNH12  増穂          35.562  138.449     8     7     5             9     2.5
  NGNH24  松川          35.615  137.880     8     6     4             9     2.5
  OSKH02  此花          34.663  135.390     8     8     2             9     2.4
  KNGH19  山北中        35.417  139.044     5     7     6             9     2.3
  IWT023  葛巻          40.037  141.450     8     6     2             8     1.6
  IWTH06  二戸西        40.261  141.171     8     5     4             8     1.9
  NIG023  津南          37.015  138.653     6     5     6             8     2.3
  NIGH11  川西          37.173  138.744     7     5     5             8     2.4
  SZO028  川奈          34.952  139.138     8     7     3             8     2.5
  IWTH11  一戸          40.081  141.191     7     7     4             8     2.2
  AOM006  川内          41.198  140.997     6     8     2             8     1.5
  AKT011  宮田          39.813  140.580     8     6     3             8     2.2
  AKT016  大曲          39.454  140.476     8     6     2             8     2.2
  IWT010  一関          38.933  141.117     7     8     3             8     1.9
  NIGH04  関川          38.131  139.543     6     7     5             8     2.4
  AOMH17  名川          40.449  141.337     7     6     4             8     1.9
  NIGH05  聖籠          37.976  139.279     6     8     3             8     2.4
  MYGH06  田尻          38.591  141.071     6     8     5             8     2.4
  YMNH15  上九一色      35.532  138.605     6     7     4             8     2.1
  NIGH10  上川          37.544  139.365     7     5     5             8     2.0
  AKTH06  雄勝          38.980  140.495     7     5     3             8     1.9
  YMT012  長井          38.107  140.043     6     6     3             8     2.0
  NGNH17  佐久          36.142  138.550     7     7     4             8     1.8
  AOM010  野辺地        40.872  141.142     7     6     3             8     2.1
  NIG020  小出          37.233  138.962     6     6     5             8     2.3
  IWT002  久慈          40.182  141.764     7     6     3             8     2.3
  YMT009  寒河江        38.390  140.274     7     5     4             8     2.4
  AOMH12  十和田湖東    40.585  141.155     6     6     4             8     2.1
  NIGH09  下田          37.539  139.128     7     7     4             7     2.2
  AOM021  十和田        40.615  141.208     6     5     2             7     2.3
  YMTH12  立川          38.636  140.006     5     7     4             7     2.3
  SZO017  浜岡          34.637  138.128     6     6     4             7     2.4
  NIG007  村上          38.230  139.486     7     5     3             7     2.4
  YMT013  小国          38.062  139.757     7     6     3             7     2.2
  NIGH14  塩沢          37.030  138.852     6     6     4             7     2.3
  NGNH21  伊那          35.831  137.924     6     5     4             7     2.4
  NIG008  中条          38.053  139.405     7     5     4             7     2.2
  ISK002  正院          37.444  137.288     5     7     2             7     2.4
  AKTH17  中仙          39.557  140.612     5     5     4             7     2.1
  GIFH28  中津川        35.457  137.471     6     6     3             7     2.6
  NGNH18  開田          35.932  137.595     6     7     3             7     2.0
  YMT010  山形          38.260  140.349     6     5     4             7     2.2
  AKTH19  湯沢          39.191  140.471     7     4     2             7     2.1
  NIG009  新発田        37.951  139.338     6     5     3             7     2.4
  SZOH37  芝川          35.203  138.566     6     6     3             7     2.2
  AIC003  津島          35.173  136.740     7     5     2             7     2.4
  YMNH16  甲府2         35.742  138.565     5     5     4             7     2.1
  IWT015  川尻          39.318  140.779     6     6     3             7     1.9
  NIG003  佐和田        37.998  138.323     6     4     4             6     2.3
  NGN002  信濃          36.807  138.207     4     5     4             6     2.2
  NGN001  飯山          36.851  138.366     5     6     3             6     2.4
  YMT017  新庄支所      38.791  140.313     6     5     3             6     2.3
  NGN007  杭瀬下        36.534  138.119     6     5     2             6     2.3
  IWTH09  久慈南        40.086  141.712     5     6     4             6     1.4
  YMT003  鶴岡          38.729  139.801     6     5     3             6     2.3
  IWT025  大志田        39.517  140.830     6     6     2             6     1.4
  YMT002  新庄          38.768  140.296     5     6     4             6     2.3
  NIG021  十日町        37.128  138.747     5     6     5             6     2.3
  NGNH03  阿智2         35.479  137.735     5     5     3             6     2.1
  FKSH01  西会津        37.757  139.715     5     6     3             6     1.7
  GIFH09  羽島          35.277  136.700     5     5     2             6     2.3
  NGN021  駒ヶ根        35.730  137.934     5     5     4             6     2.3
  YMTH08  八幡          38.970  140.033     5     5     3             6     2.3
  AKT015  本荘          39.383  140.050     6     4     2             6     2.2
  SZOH39  西伊豆西      34.799  138.772     5     6     3             6     2.0
  NGN020  伊那          35.828  137.953     5     5     4             6     2.4
  TKY012  八丈          33.119  139.799     6     5     3             6     1.9
  NGNH23  南木曽        35.606  137.611     5     4     2             6     2.0
  NIG017  長岡          37.442  138.843     5     5     3             6     2.3
  SZOH28  浜松          34.668  137.744     4     5     2             6     2.3
  NGN022  南木曽        35.608  137.613     5     5     3             6     2.2
  SZOH33  静岡南        35.015  138.353     5     4     3             6     2.1
  NGN017  楢川          35.975  137.826     4     4     3             6     1.9
  AKTH01  西木北        39.815  140.579     3     5     2             5     2.0
  YMNH10  早川北        35.535  138.309     5     5     3             5     1.8
  AKTH16  西仙北        39.545  140.348     5     4     3             5     2.0
  NIGH15  六日          37.053  138.995     4     4     4             5     1.7
  IWT014  石鳥谷        39.484  141.147     5     5     3             5     2.0
  AIC010  作手          34.976  137.424     5     4     1             5     1.8
  IWT011  水沢          39.145  141.152     4     5     3             5     2.2
  AKTH14  鹿角          40.062  140.808     5     4     3             5     1.6
  NGNH29  野沢温泉      36.910  138.441     4     4     3             5     1.9
  AOM013  南部          40.412  141.280     5     4     1             5     1.6
  NIGH12  湯之谷        37.224  138.982     5     5     3             5     1.9
  AIC001  尾西          35.298  136.750     5     4     2             5     2.2
  SZO025  湖西          34.719  137.531     5     5     2             5     2.1
  AOM014  子ノ口        40.437  140.941     5     4     3             5     2.2
  TKY029  三宅          34.075  139.479     4     5     2             5     2.0
  NIG015  村松          37.694  139.189     5     4     5             5     2.2
  YMN007  南部          35.279  138.465     4     4     4             5     2.0
  YMNH13  身延          35.351  138.420     3     5     3             5     2.1
  GIF018  中津川        35.489  137.500     4     5     2             5     2.1
  TYM002  氷見          36.866  136.975     5     4     2             5     2.2
  MIE003  四日市        34.970  136.636     5     4     2             5     1.9
  NIGH18  妙高          36.943  138.259     4     5     2             5     2.0
  NGNH13  喬木          35.514  137.877     4     5     3             5     1.9
  NIGH13  牧            37.054  138.397     4     5     2             5     1.9
  SIG003  長浜          35.377  136.264     5     3     1             5     2.3
  AICH14  長久手        35.184  137.047     3     5     2             5     2.1
  NIG024  安塚          37.127  138.444     4     5     2             5     1.9
  AKTH03  矢島          39.222  140.128     4     5     2             5     2.1
  SZO019  掛川          34.770  137.998     4     4     2             5     2.2
  AIC004  名古屋        35.063  136.974     5     3     2             5     2.0
  SZO004  南伊豆        34.647  138.819     4     3     3             5     2.0
  AKT014  角館          39.595  140.555     4     5     2             5     1.5
  YMTH05  小国          37.988  139.802     4     4     3             5     1.8
  NGNH10  木祖          35.963  137.767     4     3     3             5     1.9
  NIG002  両津          38.075  138.440     4     4     2             5     2.1
  IWTH07  軽米          40.270  141.571     4     3     2             5     1.4
  AKT023  椿台          39.146  140.717     4     3     2             5     1.8
  AOMH18  田子          40.296  141.014     4     4     2             5     1.2
  SZO021  本川根        35.097  138.133     4     4     3             5     1.9
  YMNH09  早川          35.433  138.333     4     4     2             4     2.0
  MYGH02  鳴子          38.859  140.651     4     4     2             4     1.6
  YMN008  早川          35.432  138.332     4     4     2             4     2.0
  AKTH02  西木南        39.663  140.572     4     4     2             4     1.6
  AICH09  豊橋          34.664  137.390     4     4     2             4     2.0
  OSKH05  大阪          34.716  135.520     4     3     2             4     1.8
  GIFH20  下呂北        35.799  137.253     3     4     2             4     1.8
  NIG026  新井          37.023  138.251     4     3     2             4     1.8
  AOM020  青森          40.819  140.750     4     4     2             4     2.1
  OSK004  四條畷        34.740  135.639     4     2     3             4     1.9
  AOM028  八甲田        40.700  140.919     4     4     2             4     2.0
  AKT012  田沢湖        39.699  140.718     4     3     2             4     1.6
  SZOH25  新居          34.691  137.560     4     3     2             4     2.0
  AIC009  豊田          35.081  137.146     4     3     2             4     2.0
  AIC015  豊橋          34.755  137.405     4     4     2             4     2.1
  GIF014  付知          35.658  137.426     4     3     2             4     2.0
  NIGH07  村松          37.666  139.261     3     4     2             4     1.4
  NGNH32  松本          36.258  137.990     4     4     2             4     1.7
  AOMH06  六ヶ所        40.966  141.374     4     4     2             4     1.6
  AOM008  横浜          41.084  141.255     3     4     2             4     1.6
  NGN006  大町          36.509  137.851     3     2     2             4     2.0
  AIC016  美浜          34.779  136.909     4     4     2             4     1.8
  GIF007  高根          36.038  137.486     3     4     2             4     1.3
  NGN011  長門          36.256  138.267     4     3     2             4     1.8
  KYTH07  久御山        34.898  135.746     3     3     2             4     2.0
  AOM024  蟹田          41.047  140.640     4     4     1             4     1.9
  YMN011  芦安          35.638  138.383     4     4     3             4     1.8
  SIG008  永源寺        35.070  136.295     4     2     1             4     2.0
  SZOH40  河津          34.783  138.970     4     3     2             4     1.6
  TYM005  新湊          36.782  137.080     4     3     1             4     1.9
  NGN025  天龍          35.281  137.857     4     3     2             4     1.8
  NGN019  木曽福島      35.856  137.708     4     3     2             4     1.6
  NGN012  松本          36.256  137.978     3     3     3             4     1.9
  IWTH10  安代          40.139  140.953     4     3     1             4     1.2
  SZO015  梅ヶ島        35.243  138.341     3     3     3             4     1.7
  NGNH28  戸隠          36.708  138.096     3     4     2             4     1.9
  YMTH13  朝日          38.470  139.761     3     4     2             4     1.5
  AIC011  知多          34.996  136.864     4     3     2             4     1.9
  NGNH27  信州新        36.577  138.048     4     3     2             4     1.7
  NGN023  大鹿          35.579  138.034     4     3     2             4     1.6
  TYM009  八尾          36.586  137.141     3     3     1             4     1.6
  AICH17  豊根          35.184  137.727     2     4     2             4     1.3
  AKT010  秋田          39.722  140.100     3     3     2             4     1.8
  NAR002  奈良          34.668  135.835     3     2     2             4     1.9
  NGN018  王滝          35.813  137.530     3     4     2             4     1.5
  KYTH05  網野          35.681  135.027     3     3     1             4     1.9
  MIE001  藤原          35.172  136.494     3     3     2             4     1.8
  NIG016  寺泊          37.642  138.768     3     4     2             4     1.8
  AKT013  協和          39.607  140.321     3     3     2             4     1.7
  AKT020  象潟          39.202  139.909     3     3     1             4     1.8
  AKT017  横手          39.297  140.563     3     3     2             3     1.7
  AKT008  飯田川        39.883  140.072     2     3     3             3     1.7
  GIF005  高山          36.154  137.251     3     3     1             3     1.0
  AKT002  大館          40.268  140.566     3     3     1             3     1.8
  SIG002  今津          35.422  136.024     3     2     1             3     1.8
  AIC012  安城          34.912  137.045     3     2     2             3     1.8
  ISK008  羽咋          36.892  136.778     3     3     1             3     1.9
  NGNH33  生坂          36.460  137.964     3     3     2             3     1.8
  FKI003  福井          36.044  136.228     3     3     1             3     1.9
  NIGH17  妙高高原      36.857  138.097     3     3     2             3     1.8
  SIG007  近江八幡      35.134  136.096     3     3     2             3     1.9
  GIF010  下呂          35.803  137.245     3     3     2             3     1.7
  SZO006  土肥          34.911  138.794     3     3     2             3     1.7
  AICH16  設楽          35.154  137.535     3     2     2             3     1.4
  AICH12  幡豆          34.788  137.106     2     3     1             3     1.5
  NGNH31  塩尻          36.118  137.939     3     3     2             3     1.8
  SIG005  彦根          35.249  136.242     2     3     1             3     1.8
  SZO027  西伊豆        34.790  138.801     3     3     2             3     1.6
  AOM019  五所川原      40.815  140.447     3     3     2             3     1.8
  AKT022  玉川          39.774  140.667     3     3     2             3     1.6
  AICH06  渥美          34.616  137.042     3     2     1             3     1.5
  FKI008  三方          35.548  135.908     3     2     1             3     1.8
  NGN004  長野          36.649  138.194     3     2     2             3     1.6
  AKTH13  阿仁          39.982  140.407     3     3     1             3     0.8
  YMT016  清川          38.789  140.018     3     2     2             3     1.5
  AKT018  鳥海          39.194  140.190     3     3     2             3     1.7
  NGNH22  長谷          35.795  138.082     3     3     2             3     1.7
  SZO022  佐久間        35.092  137.814     3     2     2             3     1.4
  GIFH26  各務原        35.412  136.876     3     2     1             3     1.5
  AKTH18  大森          39.355  140.387     3     3     2             3     1.6
  SZO023  天竜          34.874  137.816     3     3     2             3     1.6
  AOMH04  青森          40.852  140.676     3     3     2             3     1.7
  AOM016  弘前          40.602  140.499     2     3     1             3     1.5
  YMNH14  都留南        35.511  138.968     2     3     2             3     1.5
  MIE004  亀山          34.857  136.449     3     2     1             3     1.5
  NIG006  寒川          38.450  139.496     3     2     1             3     1.4
  SZOH41  南伊豆        34.675  138.834     3     3     2             3     1.6
  ISK007  七尾          37.043  136.968     3     2     1             3     1.7
  SIG012  甲賀          34.904  136.231     3     2     1             3     1.5
  NGNH14  平谷          35.309  137.626     2     3     2             3     1.5
  AOM009  六ヶ所        40.967  141.373     2     2     1             3     1.6
  GIF023  土岐          35.388  137.216     3     2     2             3     1.5
  MIE018  椿世          34.870  136.455     3     2     1             3     1.5
  SZOH36  藤枝          34.914  138.201     2     2     3             3     1.6
  AKT003  藤里          40.278  140.263     2     2     1             3     1.5
  FKIH04  三方          35.559  135.869     3     2     1             3     1.6
  AKT009  男鹿          39.888  139.847     2     2     1             3     1.5
  NIG001  岩谷口        38.258  138.434     2     2     2             3     1.5
  AKT007  琴丘          40.046  140.081     2     2     1             3     1.5
  AICH22  豊橋北        34.785  137.439     3     2     1             3     1.1
  SZOH31  川根          34.940  138.077     2     2     2             3     1.4
  AKTH12  五城目        39.916  140.222     2     2     1             3     1.4
  SZO026  春野          34.982  137.898     2     2     2             3     1.5
  AOMH03  川内          41.234  140.990     2     3     2             3     1.6
  NIG004  小木          37.821  138.280     2     2     1             3     1.4
  OSK002  高槻          34.857  135.596     2     2     1             3     1.6
  SIG010  大津          34.972  135.897     2     2     1             3     1.6
  NGNH25  南信濃        35.299  137.927     2     2     2             3     1.4
  AICH21  南知多        34.740  136.939     2     2     1             3     1.2
  AOM027  脇野沢        41.145  140.822     2     2     1             3     1.2
  AOM023  中里          40.968  140.433     2     2     1             3     1.4
  GIF024  明智          35.301  137.387     2     2     2             2     1.4
  AOMH09  岩木          40.620  140.350     1     2     1             2     1.1
  AKT001  小坂          40.328  140.743     2     2     1             2     0.9
  ISK005  穴水          37.231  136.904     2     2     1             2     1.4
  AOMH01  大間          41.527  140.913     2     2     1             2     1.6
  MIEH01  四日市        34.985  136.456     2     2     1             2     1.6
  AIC017  田原          34.673  137.261     2     1     1             2     1.4
  SZOH53  掛川3         34.877  138.017     2     2     2             2     1.3
  ISK014  加賀          36.303  136.315     2     2     1             2     1.4
  NGN003  山ノ内        36.740  138.413     2     2     1             2     0.9
  NAR001  生駒          34.715  135.727     2     1     1             2     1.3
  AICH07  旭            35.219  137.404     2     2     1             2     1.3
  SZOH32  龍山東        35.009  137.841     2     2     2             2     1.4
  ISK010  金沢          36.542  136.643     2     2     1             2     1.5
  AKTH15  協和          39.688  140.407     2     2     2             2     0.8
  AKT019  雄勝          39.038  140.451     2     2     1             2     1.2
  NGNH07  中野          36.743  138.376     2     2     2             2     1.3
  SIG009  甲西          35.005  136.085     2     2     1             2     1.5
  AOMH08  鰺ヶ沢        40.762  140.312     2     2     1             2     1.3
  GIF021  美濃加茂      35.443  137.000     2     2     1             2     1.3
  MIE005  上野          34.768  136.115     2     2     1             2     1.3
  MIEH10  芸濃          34.822  136.424     2     2     1             2     1.3
  NGN005  白馬          36.698  137.854     2     2     2             2     1.5
  NGN013  安曇          36.183  137.785     2     2     2             2     1.3
  AIC014  蒲郡          34.826  137.220     2     1     1             2     1.1
  AIC013  長篠          34.934  137.576     2     2     1             2     1.3
  FKI009  小浜          35.496  135.752     2     2     1             2     1.4
  SZOH30  水窪北        35.223  137.918     2     2     2             2     1.3
  AOM025  今別          41.179  140.480     2     2     1             2     1.4
  TYM010  福光          36.560  136.887     2     2     1             2     1.4
  AOMH14  西目屋        40.549  140.273     1     2     1             2     0.9
  AICH10  鳳来          35.000  137.624     2     1     1             2     1.2
  FKI010  高浜          35.490  135.551     2     1     0             2     1.3
  GIFH24  東白川        35.640  137.319     1     2     1             2     1.3
  AOM004  尻屋          41.409  141.449     2     2     1             2    <0.5
  SIG011  信楽          34.878  136.059     2     1     1             2     1.0
  AOM022  東田沢        40.992  140.916     2     2     1             2     1.1
  SIGH03  信楽          34.853  136.032     2     2     1             2     1.1
  YMT004  温海          38.628  139.589     2     2     1             2     1.3
  GIF017  揖斐川        35.483  136.571     2     1     1             2     1.2
  ISK011  小松          36.397  136.443     1     2     1             2     1.4
  AKTH05  鳥海          39.072  140.319     2     2     1             2     0.9
  KYTH08  京都          35.009  135.730     2     1     1             2     1.4
  GIFH03  根尾          35.633  136.613     2     1     1             2     1.2
  ISKH06  志賀          37.053  136.821     1     2     1             2     1.3
  NIG005  松ヶ崎        37.920  138.498     1     2     1             2     1.1
  TYM008  大山          36.609  137.283     2     2     1             2     1.3
  OSKH04  交野          34.763  135.705     1     1     1             2     0.8
  GIFH11  八百津        35.486  137.246     2     1     1             2     1.2
  GIFH06  高富          35.504  136.794     1     1     1             2     1.2
  AICH19  作手          34.951  137.411     2     1     1             2     1.1
  NIG027  糸魚川        37.023  137.862     1     2     1             2     1.3
  TYMH06  八尾          36.571  137.160     2     2     1             2     1.3
  GIF015  美濃          35.545  136.907     2     2     1             2     1.2
  AIC002  小牧          35.298  136.915     1     1     2             2     1.2
  GIFH27  美濃加茂      35.453  137.004     1     2     2             2     1.2
  AICH15  足助          35.139  137.336     2     1     1             2     1.0
  ISKH07  金沢          36.515  136.636     1     1     2             2     1.2
  SZOH24  引佐          34.834  137.662     2     1     1             2     1.0
  AOM015  碇ヶ関        40.474  140.631     2     1     1             2     1.2
  GIFH21  美並          35.666  136.962     2     1     1             2     1.2
  KYT011  亀岡          35.017  135.564     2     1     1             2     1.3
  GIFH08  大和          35.832  136.962     1     1     1             2     1.2
  GIFH25  谷汲          35.521  136.613     2     1     1             2     1.2
  GIF026  美山          35.591  136.741     2     1     1             2     1.2
  TYM003  魚津          36.816  137.419     1     1     1             2     1.1
  AOM001  大間          41.527  140.924     1     1     0             2     1.2
  GIF016  七宗          35.542  137.119     1     1     1             2     1.1
  AOM002  福浦          41.328  140.813     1     1     1             2     0.7
  AICH18  岡崎          34.964  137.238     1     1     1             2     0.9
  GIFH18  馬瀬          35.899  137.149     1     1     1             2     1.1
  SIGH04  日野          34.964  136.261     1     1     1             2     1.0
  GIF008  小坂          35.952  137.260     1     1     1             2     1.1
  AICH11  春日井        35.306  137.057     1     1     1             2     1.1
  GIFH22  金山          35.668  137.105     2     1     1             2     1.1
  KYT013  宇治          34.878  135.805     1     1     1             2     0.8
  ISKH03  内浦          37.346  137.244     1     1     1             1     1.1
  NARH07  天理          34.584  135.854     1     1     1             1     0.8
  GIF013  金山          35.664  137.162     1     1     1             1     1.0
  MIE008  名張          34.629  136.107     1     1     1             1     0.7
  AOMH15  大鰐          40.484  140.556     1     1     1             1     0.8
  MIEH02  大山田        34.766  136.284     1     1     1             1     0.7
  GIFH23  板取          35.724  136.785     1     1     1             1     0.8
  KYTH02  伊根          35.710  135.250     1     1     1             1     0.9
  NARH06  山添          34.641  136.051     1     1     1             1     0.8
  GIFH17  高鷲          35.951  136.873     1     1     1             1     0.8
  OKYH01  玉野          34.507  133.891     1     1     1             1    <0.5
  SIG004  朽木          35.348  135.918     1     1     1             1     0.8
  FKIH07  小浜          35.457  135.727     1     1     1             1     0.8
  GIFH12  坂内          35.603  136.413     1     1     1             1     0.7
  OSKH01  田尻          34.398  135.284     1     1     1             1     0.8
  MIEH07  志摩          34.254  136.822     1     1     1             1     0.6
  GIFH13  白川          36.274  136.898     1     1     1             1     0.8
  MIEH08  松阪          34.542  136.503     1     1     1             1     0.5
  GIFH07  春日          35.418  136.435     1     1     1             1     0.7
  AOMH10  黒石          40.609  140.665     1     1     0             1     0.6
  NARH03  川上          34.292  136.002     1     1     1             1    <0.5
  KMMH12  人吉          32.205  130.737     1     1     1             1    <0.5
  MIEH04  度会          34.353  136.587     1     1     1             1    <0.5
  FKIH06  高浜          35.491  135.484     1     1     1             1     0.5
  WKYH09  和歌山        34.287  135.071     1     1     1             1    <0.5
  KYTH01  野田川        35.524  135.124     1     1     0             1    <0.5
  HYGH10  加古川        34.816  134.808     1     1     1             1     0.5
  SMNH13  江津          35.009  132.307     0     1     0             1    <0.5
  KGWH04  大内          34.226  134.304     1     1     1             1    <0.5
  MIEH06  宮川          34.358  136.329     1     0     1             1     0.5
  ISKH09  尾口          36.267  136.717     1     1     1             1    <0.5
  AOMH07  深浦          40.745  140.023     1     1     0             1    <0.5
  WKYH07  上富田        33.689  135.440     0     1     0             1    <0.5
  TTRH07  関金          35.365  133.749     1     0     0             1    <0.5
  KYTH03  福知山        35.313  135.133     1     0     0             1    <0.5
  KYTH06  亀岡          35.047  135.485     1     1     1             1    <0.5
  MIEH05  尾鷲          34.064  136.169     1     1     0             1    <0.5
  NARH04  黒滝          34.306  135.837     1     0     0             1    <0.5
  ISKH05  穴水          37.222  136.969     1     1     1             1    <0.5
  TKSH04  徳島          33.990  134.534     1     0     1             1    <0.5
  FKIH01  永平寺        36.096  136.362     0     1     1             1    <0.5
  KYTH04  美山          35.269  135.551     1     0     1             1    <0.5
  SMNH11  平田          35.426  132.801     1     0     0             1    <0.5
  TTRH06  河原          35.395  134.199     0     0     0             1    <0.5
  EHMH05  砥部          33.711  132.803     1     0     0             1    <0.5
  TKSH06  井川          34.000  133.893     1     0     0             1    <0.5
  MIEH09  紀宝          33.764  135.997     0     0     0             1    <0.5
  SMNH01  伯太          35.296  133.260     1     0     0             1    <0.5
  OKYH05  建部          34.868  133.853     0     0     0             1    <0.5
  HYGH11  山東          35.292  134.907     1     0     0             1    <0.5
  TTRH03  溝口          35.355  133.492     1     0     0             1    <0.5
  OKYH12  大原          35.100  134.319     1     0     0             1    <0.5
  EHMH12  宇和          33.427  132.506     0     0     0             1    <0.5
  WKYH04  すさみ        33.556  135.545     0     0     0             1    <0.5
  OKYH08  哲多          34.910  133.405     0     0     0             1    <0.5
  EHMH10  宮窪          34.192  133.058     0     0     0             1    <0.5
  HYGH03  波賀          35.219  134.524     0     0     0             1    <0.5
  HYGH02  南光          35.067  134.423     1     0     0             1    <0.5
  TTRH02  日野          35.231  133.391     0     0     0             1    <0.5
  HYGH07  夢前          35.032  134.670     0     0     0             0    <0.5
  OKYH11  勝央          35.073  134.116     0     0     0             0    <0.5
  OKYH04  真備          34.643  133.686     0     0     0             0    <0.5
  HRSH04  沼隈          34.379  133.349     0     0     0             0    <0.5
  SMNH07  美都          34.694  132.040     0     0     0             0    <0.5
  OKYH07  神郷          35.049  133.317     0     0     0             0    <0.5
  HYGH14  出石          35.457  134.862     0     0     0             0    <0.5
  SMNH16  加茂          35.342  132.899     0     0     0             0    <0.5
  SMNH12  吉田          35.163  132.856     0     0     0             0    <0.5
  HRSH14  沖美          34.209  132.406     0     0     0             0    <0.5
  YMGH02  美祢          34.111  131.143     0     0     0             0    <0.5
  FKOH10  浮羽          33.289  130.817     0     0     0             0    <0.5
  HRSH09  吉舎          34.702  132.952     0     0     0             0    <0.5
  MYZH13  都城南        31.730  131.079     0     0     0             0    <0.5
  OKYH14  北房          34.936  133.620     0     0     0             0    <0.5
  HRSH11  神石          34.822  133.167     0     0     0             0    <0.5
  OKYH09  湯原          35.181  133.677     0     0     0             0    <0.5
  HRSH01  三原          34.374  133.024     0     0     0             0    <0.5
  OKYH06  美星          34.676  133.528     0     0     0             0    <0.5
  SMNH02  仁多          35.224  133.086     0     0     0             0    <0.5
  OITH11  九重          33.284  131.212     0     0     0             0    <0.5
  KGSH05  祁答院        31.870  130.496     0     0     0             0    <0.5
  SMNH05  羽須美        34.870  132.640     0     0     0             0    <0.5
  HRSH07  呉            34.288  132.641     0     0     0             0    <0.5
  OKYH03  岡山          34.778  133.789     0     0     0             0    <0.5
  TTRH05  岩美          35.573  134.343     0     0     0             0    <0.5
  HRSH12  広島          34.581  132.429     0     0     0             0    <0.5
  YMGH10  むつみ        34.484  131.633     0     0     0             0    <0.5
  HRSH10  芸北          34.747  132.379     0     0     0             0    <0.5
  OITH01  山国          33.412  131.033     0     0     0             0    <0.5
  KGSH02  阿久根        31.994  130.208     0     0     0             0    <0.5
  OITH08  宇目西        32.839  131.536     0     0     0             0    <0.5
  SAGH05  白石          33.181  130.105     0     0     0             0    <0.5
  HRSH08  佐伯          34.394  132.161     0     0     0             0    <0.5
  KMMH07  三角          32.623  130.558     0     0     0             0    <0.5