最大加速度リスト

地震発生時刻   2011/04/28-18:28:00.00
震央北緯       37.4°
震央東経       141.8°
震源深さ       44.0km
マグニチュード M5.7

  コード  観測点名      緯度    経度     最大加速度 (ガル) 三成分合成値 計測震度
　　　　　 　　         北緯    東経      N-S   E-W   U-D        (ガル)         
  MYGH10  山元          37.941  140.892   100   119    31           120     3.8
  FKS006  葛尾          37.503  140.759    58    94    23            99     4.1
  TCG014  茂木          36.545  140.174    48    69    14            82     3.7
  FKS005  原町          37.639  140.985    69    63    29            78     3.3
  FKS010  広野          37.234  141.002    71    56    30            73     3.4
  FKS001  相馬          37.795  140.920    57    46    26            69     3.4
  FKSH19  都路          37.470  140.723    62    49    26            64     3.4
  FKS016  白河          37.123  140.191    63    49    15            64     3.3
  FKSH12  平田          37.217  140.570    62    45    23            63     3.5
  FKS008  船引          37.436  140.567    56    43    16            57     2.9
  MYG017  角田          37.976  140.782    55    39    17            55     3.5
  FKS004  飯舘          37.680  140.735    48    50    24            52     3.0
  TCGH16  芳賀          36.548  140.075    29    51     5            51     3.4
  TCGH13  馬頭          36.734  140.178    38    45    13            51     3.3
  MYG012  塩竈          38.318  141.019    32    37    19            50     3.2
  FKSH10  西郷          37.162  140.093    43    25    26            44     2.9
  MYG015  岩沼          38.105  140.870    42    38    16            43     3.5
  TCG009  今市          36.726  139.715    42    35     9            43     3.2
  IBRH16  山方          36.641  140.398    41    29    11            43     2.9
  MYG016  白石          38.008  140.621    32    34    14            42     3.1
  IBR003  日立          36.592  140.645    40    37    14            42     2.7
  FKS009  小野          37.278  140.635    33    40    13            41     2.6
  IBR001  大子          36.776  140.357    33    36    14            40     3.2
  IBRH11  岩瀬          36.370  140.140    38    33    11            40     3.2
  MYG004  築館          38.729  141.022    35    26     7            38     2.6
  FKSH17  川俣          37.664  140.597    28    34    15            38     2.9
  FKS002  梁川          37.845  140.601    27    29    10            36     2.6
  MYG014  作並          38.318  140.636    26    31    11            35     2.9
  FKS019  二本松        37.603  140.437    29    34    14            35     2.9
  FKS011  いわき        37.091  140.904    32    29    21            34     3.0
  MYG010  石巻          38.428  141.281    21    33     9            34     2.8
  IBR013  鉾田          36.159  140.489    25    28    11            33     2.6
  MYGH09  白石          38.009  140.603    21    31    16            33     2.8
  FKS012  勿来          36.907  140.793    30    32    10            32     3.1
  YMTH04  上山          38.081  140.298    30    27     7            31     2.3
  IBR002  高萩          36.706  140.707    30    21    12            31     2.7
  FKSH14  いわき東      37.026  140.970    27    30    12            30     3.2
  FKS031  川内          37.336  140.813    26    19    24            30     2.7
  IBR004  大宮          36.552  140.410    28    23     8            30     2.4
  FKSH18  三春          37.489  140.538    29    27    16            30     2.9
  FKSH09  郡山          37.353  140.426    28    25     6            30     2.3
  FKSH11  矢吹          37.201  140.339    24    24    11            29     2.8
  MYG002  歌津          38.726  141.511    28    25     8            29     2.2
  MYG007  豊里          38.588  141.251    18    25    10            28     2.4
  FKS013  古殿          37.090  140.556    27    24    10            27     2.9
  FKS017  須賀川        37.284  140.369    19    27    12            27     2.9
  MYG013  仙台          38.266  140.929    24    19    10            27     2.7
  IBRH12  大子          36.837  140.318    26    26    10            27     2.5
  IBRH15  御前山        36.557  140.301    23    17     6            26     2.5
  IBRH13  高萩          36.795  140.575    23    21    13            26     2.8
  FKS024  中野          37.396  140.132    18    25    10            25     3.1
  IBR005  笠間          36.385  140.237    25    22    10            25     2.7
  IBR019  北茨城        36.881  140.654    22    23     9            24     2.3
  IWT012  北上          39.321  141.138    22    19     7            24     2.7
  TCG006  小川          36.764  140.130    23    13     6            24     2.6
  FKS018  郡山          37.396  140.362    23    21    12            24     2.8
  MYG003  東和          38.735  141.311    18    22     7            24     2.3
  TCGH10  大田原        36.858  140.023    22    17     8            23     2.3
  MYG011  牡鹿          38.305  141.504    14    21     9            22     2.0
  FKS003  福島          37.761  140.480    18    20     9            22     2.5
  FKS020  猪苗代        37.547  140.108    17    21     5            21     2.6
  IBRH14  十王          36.692  140.548    21    14     8            21     1.7
  TCGH12  氏家          36.696  139.984    18    16     6            19     2.2
  IWT009  大東          39.019  141.403    17    16     4            19     1.7
  FKSH08  長沼          37.282  140.214    17    15     5            18     2.0
  YMTH06  高畠          37.963  140.184    12    18     7            18     2.4
  FKS023  会津若松      37.477  139.929    17    13     4            18     2.6
  IBR007  那珂湊        36.352  140.595    17    14     6            18     2.3
  IWTH05  藤沢          38.865  141.351    16    16     7            18     2.1
  MYGH08  岩沼          38.113  140.844    17    14     8            17     2.6
  IWTH02  玉山          39.825  141.383    11    15     2            16     2.2
  IWTH27  陸前高田      39.031  141.532    13    13     5            15     1.9
  YMT015  米沢          37.904  140.100    12    14     4            15     2.6
  MYG009  大和          38.447  140.887    13    13     6            15     2.2
  TCGH11  今市          36.708  139.769    12    14     4            14     2.1
  IBR006  水戸          36.369  140.453    11    14     7            14     2.0
  IBR014  土浦          36.073  140.195     9    14     5            14     1.9
  TCG005  矢板          36.806  139.926    12    12     2            14     2.2
  IWT007  釜石          39.270  141.856    14    13     5            14     2.1
  IWTH26  一関東        38.969  141.001    13    12     5            14     1.9
  MYGH04  東和          38.786  141.325    12    11     3            13     1.4
  IBR017  江戸崎        35.954  140.319    13    10     9            13     1.8
  MYG006  古川          38.580  140.965    10    13     5            13     2.3
  IBRH17  霞ヶ浦        36.086  140.314    11    10     7            13     1.9
  MYGH05  小野田        38.579  140.780    10    12     5            13     2.1
  TCG008  鹿沼          36.560  139.768    10    12     7            13     2.3
  IBRH18  ひたちなか    36.363  140.620    10    13     7            13     2.0
  MYG001  気仙沼        38.901  141.568    11    11     5            12     2.0
  TCGH14  粟野          36.551  139.615     9    12     3            12     1.4
  FKSH04  会津高田      37.451  139.813    10     9     3            12     2.2
  IBR008  下館          36.306  139.983     9    12     4            12     1.8
  TCG001  黒磯          36.942  140.083     8    12     7            12     2.4
  IWT010  一関          38.933  141.117    10    10     4            12     2.0
  FKS015  棚倉          37.022  140.377    11     9     4            12     2.1
  TCG013  真岡          36.437  140.023    11    11     6            12     1.9
  IWT020  藪川          39.784  141.329     5    11     3            11     2.4
  IWT026  相去          39.257  141.098    11     9     7            11     2.0
  CHB003  白井          35.794  140.056     9    11     5            11     2.2
  YMT011  上山          38.150  140.267    10    11     5            11     2.3
  IWTH04  住田          39.181  141.391    10    10     5            11     2.0
  IBR016  取手          35.911  140.049    10    10     5            11     1.8
  MYGH03  唐桑          38.921  141.638     8    10     4            11     1.3
  IBR010  下妻          36.184  139.965    11     7     4            11     2.0
  IBR012  石岡          36.190  140.287     8    10     4            11     2.1
  IBR015  岩井          36.069  139.908     8    10     4            10     1.9
  FKSH16  福島          37.764  140.377     8     8     5            10     1.9
  FKS014  矢祭          36.868  140.430     8     9     4            10     1.7
  IBR011  つくば        36.125  140.090     8     9     3            10     1.9
  IBR018  鹿嶋          35.977  140.632     7     8     3            10     1.7
  IWTH23  釜石          39.274  141.823     9     8     3             9     1.2
  FKSH03  高郷          37.608  139.753     8     4     2             9     2.0
  YMTH07  米沢          37.896  140.028     9     7     4             9     1.9
  IWT013  遠野          39.337  141.538     7     7     4             9     1.7
  SITH06  川本          36.113  139.289     7     8     2             9     1.4
  TCG002  塩原          36.990  139.803     5     9     2             9     1.7
  MYG005  鳴子          38.799  140.651     8     8     4             9     1.8
  GNM009  桐生          36.411  139.325     7     7     2             9     1.7
  IWTH22  東和          39.334  141.302     5     8     5             9     1.3
  CHB007  佐倉          35.723  140.227     8     6     4             9     1.8
  IWTH21  山田          39.473  141.934     8     8     3             9     1.6
  TCG012  小山          36.286  139.805     7     7     4             8     1.8
  SITH11  飯能          35.864  139.273     8     6     2             8     1.7
  IBRH10  石下          36.111  139.989     8     8     6             8     2.2
  YMT010  山形          38.260  140.349     6     8     4             8     1.8
  CHBH13  成田          35.831  140.298     7     8     4             8     1.8
  AKTH04  東成瀬        39.174  140.713     6     8     2             8     1.8
  CHB001  野田          35.959  139.873     7     6     4             8     1.6
  TCG003  藤原          36.814  139.715     6     7     2             8     1.5
  KNGH10  横浜          35.499  139.519     5     7     3             8     1.9
  TCG016  北高岡        36.529  140.156     6     6     3             8     1.6
  FKS025  下郷          37.308  139.900     5     6     6             8     1.4
  IWTH20  花巻南        39.343  141.047     6     7     3             8     1.9
  YMTH02  山形          38.269  140.258     5     7     3             7     1.8
  IWT017  門馬          39.634  141.438     7     7     3             7     1.4
  TCG015  芹沼          36.749  139.714     7     6     4             7     1.7
  IWTH14  田老          39.743  141.909     6     4     3             7     1.0
  IWT021  西根          39.920  141.082     7     4     2             7     1.5
  IWTH18  川井南        39.463  141.678     7     6     4             7     1.1
  YMT007  東根          38.431  140.391     6     7     3             7     1.8
  FKS027  滝原          37.070  139.681     7     5     2             7     0.7
  IWT014  石鳥谷        39.484  141.147     6     6     3             7     1.8
  YMTH01  天童          38.384  140.381     6     6     2             7     1.6
  IWTH28  一関西2       39.009  140.864     6     6     4             7     1.6
  TCGH06  真岡          36.446  139.951     6     5     2             7     1.5
  CHB002  松戸          35.787  139.903     6     4     2             7     1.2
  TCG007  宇都宮        36.569  139.886     6     5     2             6     1.5
  GNM011  太田          36.291  139.361     6     6     2             6     1.6
  NIG012  鹿瀬          37.686  139.477     6     4     1             6     1.9
  GNMH12  神流          36.144  138.913     6     5     3             6     1.6
  IWT019  岩泉          39.849  141.803     5     6     3             6     1.9
  IWTH15  矢巾          39.615  141.093     5     4     2             6     1.5
  CHB028  市川北        35.766  139.966     6     5     3             6     1.4
  CHB004  佐原          35.901  140.490     4     5     2             6     1.4
  TKY027  瑞江          35.693  139.891     4     5     2             5     1.4
  IBRH07  江戸崎        35.952  140.330     5     4     3             5     2.0
  IWT025  大志田        39.517  140.830     4     5     1             5     1.2
  YMT008  中村          38.386  139.992     3     5     2             5     1.6
  IWT003  普代          40.008  141.886     4     5     2             5     1.8
  SITH10  都幾川        35.996  139.219     4     5     1             5     1.2
  FKS022  西会津        37.600  139.647     5     4     2             5     1.7
  YMTH14  西川西        38.386  139.992     3     5     3             5     1.6
  YMTH03  南陽          38.103  140.155     4     4     1             5     0.9
  IWT011  水沢          39.145  141.152     5     4     2             5     1.5
  YMT006  尾花沢        38.600  140.405     5     5     2             5     1.6
  MYGH06  田尻          38.591  141.071     4     4     4             5     1.4
  SIT006  秩父          35.995  139.071     4     5     1             5     1.2
  SIT003  久喜          36.072  139.697     4     4     2             5     1.6
  IWTH24  金ヶ崎        39.198  141.012     4     5     2             5     1.5
  IWT001  種市          40.410  141.719     4     4     1             5     1.2
  IWT016  川井          39.600  141.679     4     4     2             5     1.2
  TCGH09  矢板          36.862  139.836     4     4     3             5     1.3
  SIT004  長瀞          36.118  139.105     3     5     1             5     0.7
  AKT016  大曲          39.454  140.476     4     4     1             5     1.6
  IBRH19  つくば        36.214  140.089     5     3     2             5     1.1
  TCG011  葛生          36.387  139.614     4     4     2             5     1.1
  IWTH01  二戸東        40.238  141.342     4     4     1             5     1.5
  IWTH08  久慈北        40.269  141.783     4     3     1             5     1.4
  SIT007  東松山        36.054  139.391     4     4     1             4     1.0
  AOM007  南通          41.226  141.396     3     4     1             4     1.5
  FKS029  桧枝岐        37.016  139.380     4     3     1             4    <0.5
  SITH01  岩槻          35.929  139.735     4     4     2             4     1.4
  FKS026  南郷          37.266  139.539     4     3     1             4     1.1
  YMT012  長井          38.107  140.043     4     4     2             4     1.1
  CHB024  稲毛          35.633  140.078     4     4     2             4     1.3
  YMT005  肘折          38.607  140.162     4     3     3             4     1.6
  IWT005  宮古          39.647  141.946     3     2     4             4     1.3
  AKTH06  雄勝          38.980  140.495     4     4     2             4     1.2
  KNG206  平塚ST6       35.097  139.378     4     4     1             4     1.6
  GNM010  館林          36.234  139.533     4     4     2             4     1.3
  CHB009  千葉          35.608  140.102     4     3     2             4     1.3
  TKY003  青梅          35.797  139.291     4     4     1             4     1.4
  GNM003  沼田          36.658  139.078     3     4     1             4     1.3
  IWTH12  九戸          40.153  141.424     4     4     2             4     1.3
  CHB029  行徳          35.695  139.918     3     4     2             4     1.3
  IWT018  盛岡          39.695  141.148     3     4     1             4     1.0
  CHB012  東金          35.573  140.333     4     3     3             4     1.2
  TCGH07  栗山西        36.882  139.453     3     4     1             4     1.0
  TKY026  宇喜田        35.670  139.863     3     4     2             4     1.2
  IWTH03  岩泉          39.802  141.652     4     3     2             4     0.5
  TKY021  猿江          35.688  139.819     3     3     2             4     1.4
  TKY017  辰巳          35.647  139.809     3     4     3             4     1.4
  AKT011  宮田          39.813  140.580     3     3     1             4     1.2
  AOMH16  新郷          40.462  141.092     4     3     2             4     1.5
  YMT009  寒河江        38.390  140.274     3     3     1             4     1.2
  TCG010  足尾          36.635  139.438     3     4     2             4     1.1
  SIT009  川越          35.903  139.483     3     2     2             4     1.0
  KNG201  平塚ST1       34.596  139.918     3     3     0             4     1.2
  IWT002  久慈          40.182  141.764     4     3     1             4     1.2
  GNMH05  伊勢崎        36.314  139.185     3     2     1             4     1.1
  SITH05  神泉          36.151  139.050     3     3     1             3     0.5
  SIT010  大宮          35.907  139.648     3     3     1             3     1.5
  KNG202  平塚ST2       34.740  139.839     3     3     1             3     1.1
  IBR009  古河          36.185  139.704     3     3     2             3     1.2
  TKY028  越中島        35.669  139.789     3     3     2             3     1.2
  TKYH11  江東          35.611  139.812     2     3     1             3     1.2
  SITH07  名栗          35.912  139.149     3     3     1             3     0.5
  YMT013  小国          38.062  139.757     3     3     1             3     1.1
  GNMH14  みどり        36.493  139.322     2     3     1             3    <0.5
  TKY025  篠崎          35.714  139.897     2     3     1             3     1.1
  TKY024  奥戸          35.740  139.862     3     3     2             3     1.2
  KNGH18  藤野          35.644  139.128     2     2     1             3     0.8
  YMTH15  西川東        38.426  140.125     3     3     1             3     1.3
  AOM012  八戸          40.514  141.481     3     3     1             3     1.1
  AOMH13  八戸          40.579  141.445     2     2     1             3     1.3
  YMNH11  大月          35.625  138.978     3     3     1             3     1.2
  SIT005  小川          36.056  139.263     2     3     1             3     0.6
  GNM001  片品          36.772  139.225     3     2     2             3    <0.5
  TKY005  町田          35.578  139.416     2     2     1             3     0.9
  TKYH12  八王子        35.670  139.265     3     2     1             3     1.0
  IWTH06  二戸西        40.261  141.171     2     2     1             3     0.7
  AKT023  椿台          39.146  140.717     2     2     2             3     0.9
  NIGH08  津川          37.671  139.465     3     2     2             3     1.3
  IWT022  安代          40.101  141.052     3     2     1             3     0.9
  CHB008  浦安          35.654  139.902     2     2     2             3     1.3
  TCG004  湯元          36.806  139.420     2     2     2             3     0.8
  GNM007  渋川          36.462  139.010     3     2     1             3     0.8
  AOMH17  名川          40.449  141.337     3     2     1             3     0.8
  SIT001  本庄          36.243  139.194     2     2     1             3     1.0
  IBRH20  波崎2         35.828  140.732     2     2     1             3     1.0
  NIGH10  上川          37.544  139.365     2     2     1             3     0.9
  IWTH11  一戸          40.081  141.191     2     2     1             3     1.1
  IWT015  川尻          39.318  140.779     2     2     1             2     0.8
  TKY013  砂町          35.660  139.834     2     2     1             2     1.0
  MYGH02  鳴子          38.859  140.651     2     2     1             2     0.7
  GNM006  吾妻          36.510  138.752     2     2     1             2     0.6
  YMT003  鶴岡          38.729  139.801     2     2     1             2     1.1
  YMT002  新庄          38.768  140.296     2     2     1             2     0.9
  AKTH19  湯沢          39.191  140.471     2     2     1             2     0.9
  SITH08  小鹿野        36.027  138.969     2     2     1             2     0.6
  IWTH17  川井北        39.644  141.598     2     2     1             2     0.5
  NIGH06  加茂          37.653  139.068     2     2     1             2     0.8
  IWTH16  雫石          39.644  140.946     2     2     1             2     0.9
  AKTH13  阿仁          39.982  140.407     2     2     0             2    <0.5
  AOM014  子ノ口        40.437  140.941     2     2     1             2     1.1
  AKT012  田沢湖        39.699  140.718     2     1     1             2     0.7
  AKTH17  中仙          39.557  140.612     2     2     1             2     1.0
  SIT002  熊谷          36.148  139.388     2     2     1             2     0.9
  FKSH21  只見          37.342  139.315     1     2     1             2     0.8
  CHBH10  千葉          35.546  140.242     2     2     1             2     0.7
  YMN009  六郷          35.496  138.463     2     2     1             2     1.1
  FKSH06  伊南          37.172  139.520     2     2     1             2    <0.5
  GNMH07  利根          36.700  139.210     2     2     1             2    <0.5
  FKS028  只見          37.349  139.314     2     2     1             2     1.1
  YMTH13  朝日          38.470  139.761     1     2     1             2    <0.5
  NIGH02  朝日          38.280  139.549     2     2     1             2     0.9
  YMT017  新庄支所      38.791  140.313     1     2     1             2     0.8
  IWTH09  久慈南        40.086  141.712     2     2     1             2    <0.5
  SIT014  中津川        35.995  138.801     2     1     0             2    <0.5
  SITH03  日高          35.899  139.384     2     1     1             2     0.6
  NIG007  村上          38.230  139.486     2     1     1             2     0.9
  SZOH42  修善寺        34.976  138.913     1     2     1             2     0.6
  AOMH12  十和田湖東    40.585  141.155     2     2     1             2     0.8
  AKTH16  西仙北        39.545  140.348     2     2     1             2     0.8
  GNMH08  嬬恋          36.492  138.524     1     2     1             2     0.7
  AKTH01  西木北        39.815  140.579     1     2     1             2     1.0
  NGNH11  富士見        35.916  138.305     2     2     0             2     0.7
  TKYH02  府中          35.654  139.470     1     2     1             2     0.6
  KSRH10  浜中          43.208  145.117     1     2     0             2     0.5
  YMTH12  立川          38.636  140.006     2     1     1             2     0.9
  GNMH11  富岡          36.286  138.921     1     1     1             2     0.5
  AKTH05  鳥海          39.072  140.319     2     1     1             2    <0.5
  SITH09  皆野          36.072  139.099     2     1     1             2    <0.5
  AKT017  横手          39.297  140.563     1     1     0             2    <0.5
  AKT018  鳥海          39.194  140.190     1     1     2             2     0.6
  YMTH08  八幡          38.970  140.033     2     2     1             2     0.7
  AKTH18  大森          39.355  140.387     1     1     1             2     0.6
  KSRH03  標茶北        43.385  144.628     1     1     1             2    <0.5
  NIGH01  長岡          37.427  138.888     1     2     1             2     0.8
  AKTH03  矢島          39.222  140.128     1     1     1             2     0.9
  CHB017  市場          35.299  140.076     1     1     1             2     0.7
  NMRH04  別海東        43.398  145.122     2     1     0             2    <0.5
  NIGH05  聖籠          37.976  139.279     1     1     1             2     0.7
  AKTH02  西木南        39.663  140.572     1     1     1             2     0.5
  IWTH07  軽米          40.270  141.571     1     1     1             1    <0.5
  NIG028  長岡支所      37.426  138.886     1     1     1             1     0.8
  YMNH08  西野原        35.690  138.734     1     1     0             1     0.5
  NGNH37  御代田        36.331  138.497     1     1     1             1    <0.5
  FKSH01  西会津        37.757  139.715     1     1     0             1    <0.5
  NIG006  寒川          38.450  139.496     1     1     0             1    <0.5
  KSRH09  白糠南        42.986  143.984     1     1     0             1    <0.5
  SITH04  所沢          35.803  139.535     1     1     1             1    <0.5
  TCGH17  藤原2         36.985  139.692     1     1     1             1    <0.5
  NIGH09  下田          37.539  139.128     1     1     0             1     0.5
  NGNH19  川上          35.974  138.584     1     1     0             1    <0.5
  KNGH20  松田          35.366  139.126     1     1     1             1    <0.5
  NMRH03  中標津        43.551  144.966     1     1     0             1    <0.5
  YMNH14  都留南        35.511  138.968     1     1     0             1    <0.5
  NMRH02  標津南        43.677  144.962     1     1     0             1    <0.5
  TKCH08  大樹          42.486  143.152     1     1     0             1    <0.5
  IWTH10  安代          40.139  140.953     1     1     0             1    <0.5
  NMRH05  別海西        43.390  144.802     1     1     0             1    <0.5
  NGNH16  茅野          35.947  138.185     1     1     0             1    <0.5
  KSRH02  阿寒南        43.114  144.123     1     1     0             1    <0.5
  SZOH34  清水北        35.130  138.424     1     1     0             1    <0.5
  NIGH07  村松          37.666  139.261     1     1     0             1    <0.5
  AKTH15  協和          39.688  140.407     1     1     0             1    <0.5
  GNMH09  高山          36.621  138.907     0     1     0             1    <0.5
  KSRH05  鶴居西        43.256  144.234     1     1     0             1    <0.5
  KNGH21  清川          35.463  139.215     1     0     0             1    <0.5
  AKTH07  小坂          40.456  140.839     1     0     0             1    <0.5
  YMNH10  早川北        35.535  138.309     1     0     0             1    <0.5
  HDKH07  様似          42.133  142.916     0     0     0             1    <0.5
  AOMH03  川内          41.234  140.990     1     0     0             1    <0.5
  KNGH19  山北中        35.417  139.044     0     0     0             1    <0.5
  SZOH38  函南          35.085  138.978     0     0     0             1    <0.5
  AOMH04  青森          40.852  140.676     0     1     0             1    <0.5
  TKCH04  新得南        43.174  142.918     1     0     0             1    <0.5
  AKTH10  大館          40.300  140.581     0     0     0             1    <0.5
  NGNH03  阿智2         35.479  137.735     0     0     0             1    <0.5
  AKTH08  藤里          40.319  140.234     0     0     0             1    <0.5
  TKCH06  芽室          42.892  143.060     0     0     0             0    <0.5
  OSMH01  知内          41.598  140.421     0     0     0             0    <0.5
  SZOH39  西伊豆西      34.799  138.772     0     0     0             0    <0.5
  SZOH54  初島2         35.042  139.168     0     0     0             0    <0.5
  TKCH03  足寄西        43.271  143.432     0     0     0             0    <0.5
  KSRH08  白糠北        43.160  143.894     0     0     0             0    <0.5
  YMNH09  早川          35.433  138.333     0     0     0             0    <0.5
  NMRH01  標津北        43.785  145.025     0     0     0             0    <0.5
  KSRH01  阿寒北        43.436  144.084     0     0     0             0    <0.5
  NGNH22  長谷          35.795  138.082     0     0     0             0    <0.5
  AOMH15  大鰐          40.484  140.556     0     0     0             0    <0.5
  OSMH02  上磯          41.837  140.633     0     0     0             0    <0.5
  HDKH01  平取西        42.703  142.230     0     0     0             0    <0.5
  AOMH08  鰺ヶ沢        40.762  140.312     0     0     0             0    <0.5
  NGNH54  飯田          35.449  138.006     0     0     0             0    <0.5
  SZOH33  静岡南        35.015  138.353     0     0     0             0    <0.5
  NGNH25  南信濃        35.299  137.927     0     0     0             0    <0.5