最大加速度リスト

地震発生時刻   2018/09/06-04:10:00.00
震央北緯       42.7°
震央東経       142.0°
震源深さ       32.0km
マグニチュード M4.7

  コード  観測点名      緯度    経度     最大加速度 (ガル) 三成分合成値 計測震度
　　　　　 　　         北緯    東経      N-S   E-W   U-D        (ガル)         
  HDKH01  平取西        42.703  142.230    85    84    19           113     3.8
  HKD125  穂別          42.761  142.135    66    83    26            88     3.8
  IBUH01  追分          42.874  141.819    32    34    10            47     2.8
  HKD128  早来          42.766  141.822    37    31    30            45     3.3
  HKD126  鵡川          42.575  141.928    40    34    19            44     3.6
  HKD104  平取          42.589  142.131    28    41    13            43     2.7
  HKD185  支笏湖畔      42.776  141.402    36    31    21            36     2.6
  HDKH03  門別東        42.593  142.352    29    31     8            31     2.8
  IBUH02  穂別          42.871  142.129     9    30     4            30     2.1
  HKD127  追分          42.874  141.820    23    29     8            29     2.5
  HDKH04  門別西        42.513  142.038    21    23    11            28     2.6
  IBUH06  室蘭          42.412  141.002    26    17    18            27     2.6
  HKD129  苫小牧        42.634  141.606    19    22     6            27     2.4
  HKD103  幌毛志        42.727  142.297    22    19     5            25     2.8
  HKD184  千歳          42.790  141.601    22    16    14            24     2.4
  HKD131  登別          42.421  141.081    20    21     9            21     2.1
  HKD105  門別          42.483  142.054    15    19    10            21     2.5
  HKD124  由仁          42.999  141.790    17     8     3            17     1.5
  IBUH07  大滝          42.648  141.064    11    13     5            17     1.9
  HKD134  大滝          42.671  141.079    13    14     5            15     2.0
  HKD182  広島          42.992  141.552    10    12     2            13     1.5
  SRCH09  栗山          43.059  141.806    11    13     3            13     2.1
  IKRH03  千歳          42.888  141.640     6    11     4            12     1.7
  HKD159  戸井          41.716  141.002     9     9     3            11     2.0
  IBUH05  白老          42.563  141.350    10     9     8            10     1.8
  HKD130  白老          42.563  141.350    10     6     6            10     1.8
  HKD132  室蘭          42.348  141.032     8     7     5             9     1.6
  HKD157  南茅部        41.905  140.970     7     6     4             9     1.3
  SBSH08  喜茂別        42.768  140.977     7     7     4             8     1.4
  HKD106  静内          42.341  142.369     6     8     2             8     1.6
  HKD155  鹿部          42.044  140.806     8     6     2             8     1.1
  HKD158  椴法華        41.834  141.141     7     6     4             7     1.8
  HDKH06  静内          42.350  142.357     7     6     4             7     1.9
  HKD145  喜茂別        42.798  140.936     7     4     2             7     1.1
  HKD180  札幌          43.139  141.351     7     5     2             7     1.7
  HKD181  江別          43.116  141.546     6     5     4             7     1.6
  HKD108  三石          42.253  142.564     5     6     1             6     1.5
  SBSH07  真狩          42.763  140.808     5     4     2             6     0.9
  HKD139  余市          43.197  140.782     3     5     1             5     1.0
  HKD179  当別          43.224  141.517     2     4     2             5     1.1
  HKD154  森            42.096  140.563     4     4     2             5     1.1
  HKD183  定山渓        42.972  141.165     4     4     1             5    <0.5
  SRCH07  三笠          43.230  141.898     4     3     1             4     1.1
  HKD102  日高          42.877  142.448     4     3     2             4     1.3
  HKD097  生花          42.618  143.421     4     3     1             4     1.0
  HKD156  七飯          41.900  140.696     4     4     1             4     0.7
  HDKH05  新冠          42.598  142.545     3     3     1             4     1.1
  KKWH08  占冠          43.041  142.656     3     2     1             4     1.2
  AOMH01  大間          41.527  140.913     3     3     1             3     0.6
  AOM003  大畑          41.405  141.169     3     3     2             3     1.0
  SRCH08  砂川          43.514  141.909     3     2     1             3     0.9
  HKD121  美唄          43.333  141.855     3     3     1             3     0.8
  HKD122  岩見沢        43.197  141.775     2     3     1             3     0.6
  IKRH01  当別          43.409  141.584     3     3     1             3     0.6
  HKD107  農屋          42.419  142.499     2     3     1             3     1.0
  HKD120  月形          43.344  141.663     2     2     1             3     0.6
  HKD140  小樽          43.191  140.994     2     2     1             3     0.5
  SRCH10  夕張          42.993  142.008     2     2     1             3     0.6
  HKD178  石狩          43.172  141.305     2     2     2             3     1.0
  OSMH02  上磯          41.837  140.633     2     2     1             2     0.7
  HKD123  夕張          42.993  142.008     2     2     1             2     0.6
  HKD099  新得          43.074  142.839     2     2     1             2     0.8
  HKD109  浦河          42.168  142.767     2     2     1             2     0.9
  SBSH04  共和          42.976  140.622     2     1     1             2    <0.5
  AOMH05  野辺地        40.856  141.103     2     2     1             2     0.5
  HDKH07  様似          42.133  142.916     2     2     0             2     0.5
  HKD142  赤井川        43.085  140.820     2     2     1             2     0.5
  SBSH03  赤井川        43.084  140.820     2     2     1             2     0.5
  HKD040  占冠          42.980  142.399     2     2     1             2     0.7
  IWT001  種市          40.410  141.719     2     1     1             2    <0.5
  AOM007  南通          41.169  141.385     1     2     0             2    <0.5
  AOM002  福浦          41.328  140.813     2     2     0             2    <0.5
  TKCH05  本別          43.121  143.618     1     1     0             2    <0.5
  AOM001  大間          41.527  140.924     1     1     0             2    <0.5
  HKD118  滝川          43.552  141.917     2     2     1             2    <0.5
  HKD095  帯広          42.931  143.214     2     2     1             2    <0.5
  AOMH06  六ヶ所        40.966  141.374     2     2     1             2    <0.5
  AOMH16  新郷          40.462  141.092     2     1     1             2    <0.5
  HKD135  壮瞥          42.553  140.887     2     2     2             2    <0.5
  HKD177  厚田          43.400  141.435     1     1     1             2    <0.5
  HKD098  大樹          42.498  143.279     2     2     1             2     0.5
  HKD138  積丹          43.292  140.601     2     1     0             2    <0.5
  AOMH17  名川          40.449  141.337     1     1     1             2    <0.5
  KKWH13  美瑛西        43.511  142.391     1     1     0             1    <0.5
  KSRH09  白糠南        42.986  143.984     1     1     1             1     0.5
  AOMH12  十和田湖東    40.585  141.155     1     1     1             1    <0.5
  TKCH04  新得南        43.174  142.918     1     1     1             1    <0.5
  AOMH13  八戸          40.579  141.445     1     1     0             1    <0.5
  SRCH06  深川南        43.695  142.078     1     1     0             1    <0.5
  HYMH02  厚沢部        41.986  140.309     1     1     0             1    <0.5
  KSRH07  鶴居南        43.136  144.327     1     1     0             1    <0.5
  NMRH04  別海東        43.398  145.122     1     1     0             1    <0.5
  TKCH03  足寄西        43.271  143.432     1     1     0             1    <0.5
  KKWH14  中富良野      43.384  142.524     1     1     0             1    <0.5
  KSRH06  鶴居東        43.220  144.429     1     1     0             1    <0.5
  AOMH03  川内          41.234  140.990     1     0     0             1    <0.5
  KSRH04  標茶南        43.214  144.680     1     1     0             1    <0.5
  NMRH03  中標津        43.551  144.966     0     0     0             1    <0.5
  KSRH01  阿寒北        43.436  144.084     0     0     0             0    <0.5
  TKCH10  新得北        43.334  142.945     0     0     0             0    <0.5
  OSMH01  知内          41.598  140.421     0     0     0             0    <0.5
  TKCH01  陸別          43.468  143.683     0     0     0             0    <0.5