最大加速度リスト

地震発生時刻   2018/09/06-03:08:00.00
震央北緯       42.7°
震央東経       142.0°
震源深さ       37.0km
マグニチュード M6.7

  コード  観測点名      緯度    経度     最大加速度 (ガル) 三成分合成値 計測震度
　　　　　 　　         北緯    東経      N-S   E-W   U-D        (ガル)         
  HKD127  追分          42.874  141.820  1004   904  1591          1796     6.4
  IBUH01  追分          42.874  141.819  1316   929  1060          1505     6.7
  HKD125  穂別          42.761  142.135   599   742   204           774     6.1
  HKD103  幌毛志        42.727  142.297   566   674   344           738     5.9
  HKD128  早来          42.766  141.822   556   672   396           716     6.4
  IBUH02  穂別          42.871  142.129   348   679   139           716     5.4
  HDKH01  平取西        42.703  142.230   539   633   316           669     5.9
  HKD126  鵡川          42.575  141.928   388   661   335           662     6.4
  HKD124  由仁          42.999  141.790   560   356   120           631     4.9
  SRCH09  栗山          43.059  141.806   533   498   248           614     5.5
  HKD185  支笏湖畔      42.776  141.402   384   559   325           587     5.2
  HKD184  千歳          42.790  141.601   320   354   449           451     5.3
  HDKH04  門別西        42.513  142.038   359   422   197           426     5.8
  HKD129  苫小牧        42.634  141.606   369   326   126           392     5.2
  HKD105  門別          42.483  142.054   250   372   320           373     5.6
  HDKH03  門別東        42.593  142.352   300   326   109           360     5.2
  HKD104  平取          42.589  142.131   276   349   113           357     5.1
  HKD131  登別          42.421  141.081   269   351   166           355     4.9
  IKRH02  新篠津        43.220  141.652   223   295    75           300     5.2
  HKD181  江別          43.116  141.546   247   238   117           278     5.1
  IBUH05  白老          42.563  141.350   185   233   129           270     4.6
  IBUH06  室蘭          42.412  141.002   226   251   203           263     5.1
  IBUH07  大滝          42.648  141.064   216   202    82           232     4.7
  HKD130  白老          42.563  141.350   155   169   127           206     4.5
  HKD182  広島          42.992  141.552   199   177   107           206     4.7
  HKD106  静内          42.341  142.369   138   180    41           202     5.0
  HDKH06  静内          42.350  142.357   177   150   107           201     5.0
  IKRH03  千歳          42.888  141.640   172   189   102           191     5.0
  HKD120  月形          43.344  141.663   122   185    52           188     4.4
  HKD134  大滝          42.671  141.079   171   159    72           186     4.6
  HKD180  札幌          43.139  141.351   143   154    68           169     5.0
  IKRH01  当別          43.409  141.584   164   115    42           166     4.2
  HKD132  室蘭          42.348  141.032   157   139    70           160     4.5
  HKD121  美唄          43.333  141.855   159    85    26           159     4.3
  HKD157  南茅部        41.905  140.970   145   147    50           156     4.1
  HKD176  四番川        43.532  141.592    93   107    39           137     4.1
  HKD123  夕張          42.993  142.008   107   116    43           135     4.3
  HKD158  椴法華        41.834  141.141   112   106    65           134     4.6
  HKD155  鹿部          42.044  140.806   122    90    39           134     4.1
  HKD159  戸井          41.716  141.002    81   120    41           129     4.2
  SBSH08  喜茂別        42.768  140.977   108   106    50           129     4.1
  HKD139  余市          43.197  140.782   127   123    55           129     4.1
  SRCH10  夕張          42.993  142.008   110   126    44           128     4.3
  HKD108  三石          42.253  142.564   113   118    32           126     4.3
  HKD178  石狩          43.172  141.305   110    80    55           113     4.6
  HKD179  当別          43.224  141.517    93    96    41           112     4.4
  HKD156  七飯          41.900  140.696    95    90    24           109     3.8
  SBSH07  真狩          42.763  140.808    93    70    57           108     4.0
  SRCH07  三笠          43.230  141.898   104    82    50           105     4.2
  HKD183  定山渓        42.972  141.165    97    91    28           102     3.4
  HKD154  森            42.096  140.563    69    94    37           101     4.0
  HKD133  伊達          42.473  140.866    83    77    36           101     3.9
  HKD122  岩見沢        43.197  141.775    94    83    49            99     4.2
  HKD102  日高          42.877  142.448    82    92    42            98     4.4
  HKD040  占冠          42.980  142.399    91    57    28            91     3.9
  HKD118  滝川          43.552  141.917    76    52    23            88     3.7
  HKD145  喜茂別        42.798  140.936    71    62    30            83     3.8
  OSMH02  上磯          41.837  140.633    71    80    23            81     3.8
  HKD099  新得          43.074  142.839    73    51    31            77     4.2
  SBSH03  赤井川        43.084  140.820    54    64    24            76     4.1
  SRCH08  砂川          43.514  141.909    70    67    30            74     3.8
  HKD091  浦幌          42.809  143.659    58    61    31            70     4.1
  KKWH08  占冠          43.041  142.656    54    59    19            70     3.8
  HDKH05  新冠          42.598  142.545    60    57    28            69     3.9
  HKD142  赤井川        43.085  140.820    58    55    23            69     4.0
  HKD177  厚田          43.400  141.435    57    63    25            67     3.8
  HKD092  池田          42.928  143.448    57    57    17            67     3.8
  HKD140  小樽          43.191  140.994    61    56    29            64     3.6
  AOM003  大畑          41.405  141.169    54    57    35            64     3.8
  HKD119  芦別          43.520  142.191    37    58    17            60     3.8
  HKD107  農屋          42.419  142.499    48    58    23            59     4.0
  AOM005  むつ          41.295  141.197    52    57    18            58     3.6
  AOMH01  大間          41.527  140.913    35    55    14            56     3.3
  HKD100  広尾          42.286  143.312    49    52    17            55     3.4
  HKD175  浜益          43.602  141.388    41    45    20            53     3.5
  KKWH11  和寒          43.975  142.283    33    52     8            53     3.7
  HKD135  壮瞥          42.553  140.887    42    39    22            53     3.6
  HKD097  生花          42.618  143.421    46    30    12            50     3.3
  HKD153  上の湯        42.124  140.376    49    37    20            50     3.2
  KKWH07  富良野        43.370  142.341    49    39    17            49     3.6
  HKD160  函館          41.770  140.738    47    33    19            48     3.6
  TKCH04  新得南        43.174  142.918    37    46    21            48     3.8
  HKD138  積丹          43.292  140.601    37    40    10            48     3.3
  HKD144  倶知安        42.906  140.767    37    48    17            48     3.8
  RMIH05  小平西        44.025  141.788    28    46    10            47     3.5
  HKD109  浦河          42.168  142.767    38    46    18            46     3.6
  AOM010  野辺地        40.872  141.142    39    46    14            46     3.4
  AOMH05  野辺地        40.856  141.103    39    45    13            46     3.2
  HKD169  木間内        41.935  140.369    32    44    16            46     3.1
  HKD095  帯広          42.931  143.214    31    40    17            44     3.5
  AOM011  三沢          40.680  141.367    33    41    19            44     3.3
  HDKH07  様似          42.133  142.916    37    30    15            43     3.5
  SRCH06  深川南        43.695  142.078    39    35    19            42     3.6
  HKD023  雄冬          43.773  141.369    42    36    11            42     3.3
  HKD117  深川          43.724  142.053    41    35    15            42     3.5
  AOMH16  新郷          40.462  141.092    38    37    19            42     3.4
  HKD086  直別          42.854  143.858    33    35    15            41     3.4
  HKD151  長万部        42.494  140.354    30    40    12            41     3.5
  KKWH13  美瑛西        43.511  142.391    39    35    14            41     3.5
  HKD021  留萌          43.941  141.637    37    36    12            40     3.6
  AOMH06  六ヶ所        40.966  141.374    33    36    12            39     2.9
  HKD110  様似          42.131  142.935    35    35    10            39     3.6
  HKD039  富良野        43.342  142.385    35    27    20            37     3.7
  TKCH05  本別          43.121  143.618    35    28    11            37     3.1
  HKD022  増毛          43.852  141.528    29    36    17            37     3.6
  HKD116  沼田          43.801  141.934    31    34    11            37     3.6
  HKD098  大樹          42.498  143.279    34    33    21            37     3.6
  KSRH09  白糠南        42.986  143.984    34    30    13            37     3.5
  HKD038  南富良野      43.167  142.566    35    33    13            36     3.5
  HKD036  旭川          43.773  142.365    27    35    14            36     3.6
  SBSH04  共和          42.976  140.622    29    31    12            36     3.0
  HKD146  ニセコ        42.808  140.688    34    28    18            35     3.7
  IWTH02  玉山          39.825  141.383    26    28     4            34     2.8
  AOMH12  十和田湖東    40.585  141.155    26    25    14            33     2.8
  SRCH04  沼田          43.820  141.940    21    32    11            33     3.4
  SBSH02  泊            43.053  140.502    33    19     8            33     2.8
  AOM007  南通          41.169  141.385    28    26     8            33     2.7
  AOM006  川内          41.198  140.997    30    29    13            32     3.1
  AOM012  八戸          40.514  141.481    24    29    11            32     2.8
  IWT001  種市          40.410  141.719    22    31    13            32     2.9
  TKCH03  足寄西        43.271  143.432    31    22    10            32     3.2
  AOM008  横浜          41.084  141.255    29    29    17            31     3.1
  HYMH02  厚沢部        41.986  140.309    23    29    14            31     3.2
  HKD096  中札内        42.697  143.136    26    27    17            31     3.2
  HKD143  岩内          42.979  140.509    25    30     9            31     3.3
  AOM001  大間          41.527  140.924    26    27    11            30     3.0
  AOM004  尻屋          41.409  141.449    29    17     9            29     2.6
  HKD037  美瑛          43.589  142.468    23    27    13            29     3.3
  HKD090  本別          43.121  143.618    27    25    12            29     2.9
  KSRH02  阿寒南        43.114  144.123    21    25     7            29     3.3
  IWTH08  久慈北        40.269  141.783    28    20    11            28     3.0
  SRCH05  深川北        43.824  142.159    20    24     7            28     2.9
  AOMH17  名川          40.449  141.337    27    21    13            28     2.8
  AOM002  福浦          41.328  140.813    19    26     7            27     2.7
  HKD089  足寄          43.244  143.554    27    24    13            27     3.0
  HKD084  阿寒          43.114  144.123    21    24     7            27     3.2
  HKD094  士幌          43.169  143.241    20    26    13            26     3.2
  HKD161  木古内        41.679  140.433    22    18    13            25     3.3
  KKWH14  中富良野      43.384  142.524    23    21    17            25     3.2
  KSRH01  阿寒北        43.436  144.084    20    19     9            25     3.5
  AOMH13  八戸          40.579  141.445    24    22     7            25     3.1
  HKD136  豊浦          42.589  140.644    21    19    10            24     2.9
  IWTH01  二戸東        40.238  141.342    16    23     6            23     2.7
  SRCH03  幌加内南      43.999  142.126    18    18     8            23     3.1
  IWTH12  九戸          40.153  141.424    18    23     8            23     2.5
  KSRH07  鶴居南        43.136  144.327    22    21     8            23     2.8
  SBSH06  蘭越          42.831  140.483    16    21    10            22     3.2
  HKD032  和寒          44.023  142.412    20    20     6            22     3.1
  HKD041  天人峡        43.625  142.684    16    17    16            22     3.2
  HKD085  白糠          42.958  144.070    20    19    10            22     3.3
  HKD167  熊石          42.130  139.982    21    17     6            22     2.6
  HKD165  今金          42.429  140.018    18    19     5            21     2.9
  AOM009  六ヶ所        40.967  141.373    17    16     9            21     2.6
  HKD093  糠平          43.319  143.305    19    13     9            21     2.9
  AOM024  蟹田          41.047  140.640    18    18     7            20     3.0
  HKD070  本別海        43.385  145.284    16    14     5            20     2.9
  HKD113  目黒          42.129  143.315    14    17     7            19     2.4
  AOMH11  十和田湖西    40.580  140.995    14    19     6            19     2.2
  IWT020  藪川          39.784  141.329    15    18     7            19     3.1
  HKD112  えりも岬      41.937  143.240    16    17     6            19     2.5
  NMRH05  別海西        43.390  144.802    14    16     7            19     2.5
  HKD147  蘭越          42.805  140.530    16    16     8            18     3.1
  HKD082  阿寒湖畔      43.437  144.085    17    17     7            18     3.3
  AOM027  脇野沢        41.145  140.822    15    15     7            18     2.7
  KSRH06  鶴居東        43.220  144.429    15    13     6            18     2.5
  HKD071  厚床          43.233  145.260    15    15     4            17     2.5
  AOM013  南部          40.412  141.280    15    16     4            17     2.5
  HKD148  黒松内        42.668  140.305    16    13     9            17     3.1
  HKD078  塘路          43.149  144.498    16    14    11            17     2.6
  KSRH03  標茶北        43.385  144.628    14    16     6            17     2.4
  AOM023  中里          40.968  140.433    14    16     6            17     2.8
  OSMH01  知内          41.598  140.421    16    13     6            17     3.1
  ABSH07  白滝          43.849  143.086    15    14     8            16     2.8
  AOM020  青森          40.819  140.750    13    16     6            16     2.9
  NMRH04  別海東        43.398  145.122    13    16     5            16     2.7
  HKD168  江差          41.869  140.127    13    12    10            16     2.7
  HKD068  上西春別      43.411  144.770    12    12     4            15     2.4
  HKD077  釧路          42.984  144.382    11    14     7            15     2.7
  IWT004  田老          39.736  141.967    14    11     7            15     2.5
  HKD115  幌加内        44.007  142.148    11    12     5            15     2.7
  HKD069  別海          43.394  145.117    14    14     4            15     2.6
  AOM021  十和田        40.615  141.208    12    13     8            15     2.5
  HKD137  余別          43.324  140.379    10    12     8            14     2.5
  HKD152  八雲          42.259  140.264     9    14     8            14     2.8
  HKD024  達布          44.049  141.857    13    12     4            14     2.7
  KKWH12  美瑛東        43.504  142.601    12    10     7            14     2.7
  IWT021  西根          39.920  141.082    13    12     4            14     2.3
  HKD066  標津          43.662  145.131    13    11     3            14     2.5
  TKCH10  新得北        43.334  142.945    10    11     7            14     2.4
  AOMH03  川内          41.234  140.990    13    13     7            14     2.4
  KSRH04  標茶南        43.214  144.680    13    12     7            14     2.5
  AKTH14  鹿角          40.062  140.808    13     9     3            14     2.2
  KSRH05  鶴居西        43.256  144.234    11    13     6            14     2.5
  HKD083  鶴居          43.233  144.325    12     9     6            13     2.6
  IWT002  久慈          40.182  141.764    13    10     3            13     2.4
  IWT012  北上          39.321  141.138    10    11     4            13     2.3
  HKD162  福島          41.486  140.247    12     8     3            13     2.3
  AOM022  東田沢        40.992  140.916    10    10     4            13     2.3
  HKD164  瀬棚          42.450  139.854    12    10     5            13     2.7
  HYMH01  北檜山        42.485  139.968    13     9     6            13     2.6
  HKD033  愛別          43.909  142.570    10    11     4            13     2.5
  AOM014  子ノ口        40.437  140.941    13    10     7            13     2.5
  AOM019  五所川原      40.815  140.447    12    10     5            13     2.8
  IWTH14  田老          39.743  141.909    11    10     2            13     1.6
  AOM025  今別          41.179  140.480    11    12     5            13     2.5
  NMRH02  標津南        43.677  144.962    11    10     4            12     2.0
  SBSH09  黒松内        42.610  140.484     7    11     5            12     2.5
  TKCH01  陸別          43.468  143.683     9    11     6            12     2.6
  SRCH02  幌加内中      44.116  142.141    11    11     4            12     2.5
  NMRH03  中標津        43.551  144.966    10     9     3            11     2.4
  IWTH07  軽米          40.270  141.571    11     7     4            11     1.8
  AOM016  弘前          40.602  140.499     7    11     3            11     2.3
  HKD067  中標津        43.555  144.973    10     9     4            11     2.3
  HKD030  士別          44.182  142.394    11     6     5            11     2.6
  IWT003  普代          40.008  141.886    10     8     5            11     2.3
  AOM026  小泊          41.128  140.311     8     9     4            11     2.4
  HKD101  トムラウシ    43.334  142.947    10    10     5            11     2.4
  IWT017  門馬          39.634  141.438    11     9     3            11     1.8
  HKD173  青苗          42.066  139.452     9     8     5            11     2.6
  IWTH11  一戸          40.081  141.191     9    10     5            11     2.4
  AOM028  八甲田        40.700  140.919    10    10     7            11     2.5
  IWT016  川井          39.600  141.679    10     8     4            11     1.9
  HKD171  小砂子        41.649  139.998    10     9     3            10     2.0
  MYGH13  南三陸        38.699  141.418    10     7     3            10     2.0
  HKD150  島牧          42.701  140.062     9    10     5            10     2.5
  IWT024  二戸          40.261  141.291    10     8     4            10     2.0
  HKD044  興部          44.480  143.128     8    10     3            10     2.7
  IWTH03  岩泉          39.802  141.652     9    10     2            10     1.4
  HKD080  弟子屈        43.508  144.448     9     9     5            10     2.3
  HKD079  標茶          43.303  144.600     8    10     5            10     2.4
  HKD174  北島歌        42.595  139.829     9     8     4            10     1.9
  IWT005  宮古          39.647  141.946     8     5     9            10     1.9
  IWTH04  住田          39.181  141.391     8     9     3            10     2.0
  HKD034  上川          43.854  142.769     8     8     4            10     2.3
  HKD019  羽幌          44.361  141.698     9     8     6             9     2.7
  KKWH15  上川          43.855  142.766     9     6     3             9     2.4
  HKD076  厚岸          43.051  144.850     7     9     5             9     2.3
  AOMH08  鰺ヶ沢        40.762  140.312     9     6     3             9     2.1
  AOMH18  田子          40.296  141.014     9     8     3             9     1.7
  ABSH06  湧別北        44.215  143.620     7     9     3             9     2.6
  IWT007  釜石          39.270  141.856     8     8     3             9     1.8
  IWTH21  山田          39.473  141.934     7     9     2             9     1.6
  KKWH04  名寄          44.438  142.406     7     6     9             9     2.6
  HKD075  浜中          43.077  145.130     5     8     4             9     1.7
  HKD166  大成          42.229  139.818     4     9     3             9     1.7
  ABSH11  女満別        43.914  144.191     8     7     3             9     2.5
  HKD020  港町          44.149  141.664     8     8     4             9     2.4
  ABSH15  置戸東        43.635  143.510     8     6     4             9     2.2
  SBSH10  島牧          42.780  140.156     7     7     4             9     2.1
  HKD004  上猿払        45.214  142.226     8     7     2             8     2.8
  HKD072  落石          43.195  145.521     7     7     2             8     1.9
  HKD141  神恵内        43.145  140.435     5     5     6             8     2.5
  KKWH05  下川西        44.292  142.630     7     7     4             8     2.5
  KSRH08  白糠北        43.160  143.894     7     8     4             8     2.3
  AOMH09  岩木          40.620  140.350     6     8     2             8     2.2
  HKD114  朱鞠内        44.281  142.161     7     7     3             8     2.4
  HKD170  湯ノ岱        41.749  140.251     6     7     4             8     2.2
  ABSH13  留辺蘂        43.742  143.451     7     8     5             8     2.4
  IWT006  山田          39.485  141.975     8     6     3             8     1.6
  HKD111  えりも        42.017  143.149     8     7     5             8     2.2
  HKD074  納沙布        43.368  145.803     6     7     2             8     1.6
  RMIH02  天塩          44.895  141.925     7     6     3             8     2.6
  IWT023  葛巻          40.037  141.450     7     6     3             8     1.5
  TKCH02  足寄東        43.382  143.898     6     6     3             8     2.2
  HKD018  正修          44.545  141.965     7     8     4             8     2.5
  MYG010  石巻          38.429  141.282     6     7     2             8     2.5
  ABSH14  美幌          43.723  144.184     6     5     4             7     2.3
  IWT022  安代          40.101  141.052     7     6     3             7     1.8
  HKD028  名寄          44.360  142.455     7     7     3             7     2.5
  IWT026  相去          39.257  141.098     5     7     4             7     1.9
  AOMH14  西目屋        40.549  140.273     6     7     2             7     1.9
  HKD088  陸別          43.472  143.748     6     7     3             7     1.8
  IWT013  遠野          39.329  141.564     6     7     3             7     1.9
  HKD056  置戸          43.671  143.578     6     7     4             7     1.7
  IWT014  石鳥谷        39.484  141.147     5     6     4             7     2.0
  MYG002  歌津          38.726  141.511     7     5     1             7     0.9
  HKD057  津別          43.706  144.027     6     6     3             7     2.1
  ABSH12  小清水        43.857  144.457     6     7     4             7     2.4
  HKD087  二股          43.150  143.892     5     7     4             7     2.1
  HKD059  小清水        43.856  144.463     6     5     3             7     2.4
  HKD054  北見          43.800  143.901     6     6     4             7     2.5
  IWTH09  久慈南        40.086  141.712     7     6     4             7     1.5
  AOMH10  黒石          40.609  140.665     4     5     4             7     2.0
  SOYH02  猿払南        45.216  142.225     5     6     1             6     2.5
  HKD048  湧別          44.220  143.615     6     6     3             6     2.4
  IWT018  盛岡          39.695  141.148     5     5     2             6     1.3
  IWTH27  陸前高田      39.031  141.532     5     6     2             6     1.3
  IWTH18  川井南        39.463  141.678     6     5     2             6     1.2
  HKD035  層雲峡        43.770  142.903     5     4     3             6     1.8
  HKD149  寿都          42.790  140.231     5     6     3             6     2.0
  HKD027  美深          44.481  142.343     4     4     4             6     2.3
  HKD053  留辺蘂        43.785  143.607     5     5     3             6     1.6
  MYG001  気仙沼        38.901  141.568     5     5     2             6     1.4
  HKD163  松前          41.434  140.112     5     5     2             6     1.6
  AOM018  鯵ヶ沢        40.778  140.198     5     5     2             6     2.1
  IWTH15  矢巾          39.615  141.093     5     5     2             6     1.8
  HKD172  稲穂          42.240  139.552     5     4     2             6     1.7
  HKD060  斜里          43.914  144.666     5     3     2             6     2.1
  HKD029  下川          44.311  142.642     5     5     3             6     2.3
  HKD081  川湯          43.643  144.390     4     5     3             6     2.0
  HKD015  天塩          44.885  141.750     5     4     2             5     2.2
  HKD031  朝日          44.118  142.595     5     3     2             5     1.9
  ABSH05  滝上南        44.115  143.011     4     5     2             5     1.8
  HKD003  豊富          45.103  141.767     4     5     1             5     2.1
  IWTH16  雫石          39.644  140.946     4     5     3             5     1.7
  HKD073  根室          43.333  145.600     4     4     1             5     1.2
  IWT009  大東          39.019  141.403     5     4     1             5     0.9
  HKD016  遠別          44.719  141.828     5     5     2             5     2.2
  IWTH22  東和          39.334  141.302     5     4     1             5     1.2
  AOM015  碇ヶ関        40.474  140.631     4     4     3             5     1.8
  AOM029  西目屋        40.576  140.297     4     4     2             5     1.8
  IWTH17  川井北        39.644  141.598     4     4     2             5     1.2
  IWTH10  安代          40.139  140.953     5     4     2             5     1.3
  IWTH13  葛巻          39.940  141.549     4     4     2             5     1.4
  IWTH05  藤沢          38.865  141.351     3     5     1             5     1.1
  NMRH01  標津北        43.785  145.025     4     4     2             5     1.7
  MYG006  古川          38.580  140.965     4     4     1             5     1.9
  MYG004  築館          38.732  141.027     3     5     1             5     1.7
  HKD055  美幌          43.824  144.109     4     4     3             5     2.1
  AKTH09  田代          40.276  140.460     4     3     2             5     1.7
  HKD052  常呂          44.120  144.071     3     4     2             4     2.0
  HKD062  富士見        43.675  143.309     3     4     2             4     1.5
  SOYH06  豊富          45.102  141.783     4     3     1             4     1.9
  IWTH19  花巻北        39.456  141.000     4     4     1             4     1.4
  IWT011  水沢          39.145  141.152     3     4     2             4     1.8
  MYG015  岩沼          38.105  140.870     4     4     2             4     1.7
  HKD017  初山別        44.532  141.766     4     4     2             4     1.9
  AKTH04  東成瀬        39.174  140.713     4     3     1             4     1.2
  IWTH26  一関東        38.969  141.001     4     3     2             4     1.3
  SOYH09  歌登北        44.857  142.487     3     4     2             4     1.8
  AKTH08  藤里          40.319  140.234     4     3     2             4     1.4
  HKD042  仁宇布        44.545  142.569     2     4     2             4     1.7
  AOMH07  深浦          40.745  140.023     3     4     2             4     1.6
  MYG003  東和          38.735  141.311     3     4     1             4     0.8
  HKD047  紋別          44.356  143.354     3     4     2             4     2.0
  AKTH07  小坂          40.456  140.839     3     4     2             4     1.4
  AOMH15  大鰐          40.484  140.556     4     3     2             4     1.4
  AKT005  能代          40.203  140.029     3     3     1             4     1.7
  IWTH23  釜石          39.274  141.823     3     4     2             4     0.9
  AKTH13  阿仁          39.982  140.407     3     2     1             4     0.8
  MYG008  北上          38.568  141.427     4     3     1             4     0.9
  IWT019  岩泉          39.803  141.658     3     4     2             4     1.1
  KKWH01  美深北        44.597  142.304     3     3     2             4     1.9
  HKD063  相泊          44.106  145.248     4     3     1             4     1.4
  KKWH10  中川          44.662  142.053     3     3     2             4     1.8
  FKS006  葛尾          37.503  140.759     3     3     1             4     1.0
  AKT003  藤里          40.278  140.263     3     3     2             4     1.7
  MYG017  角田          37.976  140.782     3     3     1             3     1.7
  AOM017  深浦          40.636  139.928     3     3     1             3     1.5
  AKT002  大館          40.268  140.566     3     3     1             3     1.7
  SOYH10  歌登南        44.743  142.604     3     3     3             3     1.8
  KKWH02  美深東        44.551  142.574     3     3     2             3     1.8
  HKD006  浜頓別        45.127  142.352     3     3     2             3     1.9
  RMIH01  幌延          45.017  142.079     3     3     2             3     1.9
  IWT025  大志田        39.517  140.830     3     2     1             3     1.0
  HKD065  薫別          43.794  145.056     3     3     2             3     1.6
  AKT001  小坂          40.328  140.743     3     3     1             3     0.9
  MYG005  鳴子          38.799  140.651     3     3     1             3     1.8
  AKTH17  中仙          39.557  140.612     3     3     1             3     1.4
  MYGH07  川崎          38.180  140.641     3     3     2             3     1.4
  IBRH11  岩瀬          36.370  140.140     2     3     1             3     1.0
  HKD064  羅臼          44.020  145.189     2     3     2             3     1.2
  HKD009  歌登          44.842  142.481     3     3     2             3     1.8
  HKD025  中川          44.812  142.072     3     3     2             3     1.6
  IWT008  大船渡        39.081  141.708     2     2     1             3     0.8
  ABSH02  興部西        44.423  143.026     3     2     2             3     1.6
  HKD049  遠軽          44.092  143.534     2     3     1             3     1.3
  MYGH14  利府          38.340  140.955     3     2     1             3     1.3
  IWTH24  金ヶ崎        39.198  141.012     2     3     2             3     1.4
  HKD061  ウトロ        44.070  144.997     3     2     1             3     1.1
  KKWH03  美深西        44.473  142.273     2     2     2             3     1.6
  ABSH10  佐呂間        44.081  143.946     2     2     1             3     1.3
  HKD026  音威子府      44.728  142.264     2     2     2             3     1.5
  IBR005  笠間          36.385  140.237     2     2     1             3     0.8
  IWT010  一関          38.935  141.126     2     2     2             3     1.3
  FKSH20  浪江          37.491  140.987     2     2     1             3     1.4
  KKWH06  下川東        44.321  142.766     2     2     1             3     1.2
  FKS013  古殿          37.090  140.556     3     1     1             3     0.7
  HKD043  雄武          44.582  142.964     2     2     1             3     1.5
  HKD014  沼川          45.252  141.853     2     2     1             2     1.7
  MYGH04  東和          38.786  141.325     2     2     1             2     0.5
  TCG014  茂木          36.545  140.174     2     2     1             2     0.6
  FKS001  相馬          37.795  140.920     2     2     1             2     1.2
  FKSH19  都路          37.470  140.723     2     2     1             2     0.9
  MYGH11  河北          38.516  141.342     2     2     1             2     0.7
  HKD051  佐呂間        44.019  143.775     2     2     2             2     1.1
  IBRH07  江戸崎        35.952  140.330     2     2     1             2     1.7
  MYGH10  山元          37.941  140.892     2     2     1             2     1.3
  ABSH03  興部東        44.384  143.241     2     2     1             2     1.4
  ABSH01  雄武          44.528  142.844     2     2     2             2     1.4
  SOYH08  中頓別        44.939  142.225     1     2     1             2     1.4
  IWT015  川尻          39.318  140.779     2     1     1             2     1.1
  MYG013  仙台          38.266  140.929     2     2     1             2     1.1
  MYG018  伊里前        38.719  141.523     2     2     1             2     0.5
  IBRH16  山方          36.641  140.398     1     2     0             2    <0.5
  FKSH12  平田          37.217  140.570     2     2     1             2     0.6
  FKS005  原町          37.639  140.985     2     2     1             2     1.2
  AKT011  宮田          39.813  140.580     2     2     1             2     1.0
  IBRH13  高萩          36.795  140.575     2     2     1             2     0.6
  MYGH03  唐桑          38.921  141.638     2     2     1             2     0.7
  HKD045  西興部        44.329  142.945     2     1     1             2     1.3
  YMTH02  山形          38.269  140.258     2     2     1             2     1.3
  AKTH19  湯沢          39.191  140.471     2     2     1             2     1.0
  IBRH06  北茨城2       36.881  140.655     2     2     1             2    <0.5
  FKS010  広野          37.234  141.002     2     2     1             2     0.9
  HKD007  中頓別        44.970  142.291     1     2     1             2     1.3
  IBR001  大子          36.776  140.357     1     2     0             2     0.6
  HKD046  滝上          44.191  143.077     2     1     1             2     1.1
  ABSH04  滝上北        44.192  143.077     2     1     1             2     1.1
  IBR003  日立          36.592  140.645     1     2     1             2    <0.5
  HKD050  白滝          43.879  143.175     2     2     1             2     1.3
  IWTH28  一関西2       39.009  140.864     1     2     1             2     0.8
  FKS017  須賀川        37.284  140.369     2     1     1             2     0.9
  YMT001  酒田          38.914  139.813     2     2     1             2     1.3
  HKD008  枝幸          44.938  142.574     2     2     1             2     1.2
  AKTH12  五城目        39.916  140.222     1     2     1             2     0.9
  TCGH16  芳賀          36.548  140.075     2     1     0             2     0.6
  AKTH16  西仙北        39.545  140.348     2     1     1             2     1.1
  FKS024  中野          37.396  140.132     1     2     1             2     0.9
  MYGH06  田尻          38.591  141.071     2     1     1             2     0.9
  FKSH18  三春          37.489  140.538     2     1     1             2     0.5
  IBRH17  霞ヶ浦        36.086  140.314     1     1     1             2     0.5
  FKSH14  いわき東      37.026  140.970     1     1     1             2     0.7
  AKT010  秋田          39.722  140.100     1     1     1             1     1.0
  IBRH18  ひたちなか    36.363  140.620     1     1     1             1    <0.5
  AKT023  椿台          39.146  140.717     1     1     1             1     0.9
  IBRH12  大子          36.837  140.318     1     1     0             1    <0.5
  AKT021  阿仁          39.995  140.403     1     1     1             1     0.7
  AKTH02  西木南        39.663  140.572     1     1     1             1     0.5
  YMT011  上山          38.150  140.267     1     1     1             1     1.0
  MYGH08  岩沼          38.113  140.844     1     1     1             1     0.9
  YMT015  米沢          37.904  140.100     1     1     1             1     1.0
  KNG201  平塚ST1       34.596  139.918     1     1     0             1     0.6
  FKSH17  川俣          37.664  140.597     1     1     0             1    <0.5
  YMTH09  戸沢          38.750  140.178     1     1     0             1    <0.5
  FKS007  大熊          37.406  140.963     1     1     1             1     0.9
  YMTH12  立川          38.636  140.006     1     1     1             1     1.0
  CHBH06  匝瑳          35.721  140.505     1     1     1             1    <0.5
  SOYH05  稚内北        45.488  141.885     1     1     1             1     0.9
  IBRH15  御前山        36.557  140.301     1     1     0             1    <0.5
  MYGH09  白石          38.009  140.603     1     1     1             1     0.9
  SOYH01  猿払北        45.335  142.119     1     1     1             1     0.7
  YMTH08  八幡          38.970  140.033     1     1     1             1     0.7
  FKSH10  西郷          37.162  140.093     1     1     1             1    <0.5
  YMTH11  最上          38.713  140.554     1     1     0             1     0.7
  YMTH14  西川西        38.386  139.992     1     1     0             1     0.8
  YMTH07  米沢          37.896  140.028     1     1     0             1     0.5
  YMTH15  西川東        38.426  140.125     1     1     0             1     0.6
  FKSH09  郡山          37.353  140.426     1     1     0             1    <0.5
  AKTH06  雄勝          38.980  140.495     1     1     0             1     0.5
  TCGH10  大田原        36.858  140.023     1     1     0             1    <0.5
  TCGH12  氏家          36.696  139.984     1     1     1             1    <0.5
  SOYH07  浜頓別        45.100  142.431     1     1     1             1     0.5
  NIGH02  朝日          38.280  139.549     1     1     1             1     0.5
  NIGH08  津川          37.671  139.465     1     0     0             1    <0.5
  IBRH14  十王          36.692  140.548     1     1     1             1    <0.5
  TCGH06  真岡          36.446  139.951     1     0     0             1    <0.5
  NIGH05  聖籠          37.976  139.279     1     0     0             1    <0.5
  NIGH03  荒川          38.133  139.429     0     0     0             1    <0.5
  CHBH10  千葉          35.546  140.242     0     0     0             0    <0.5
  GNMH05  伊勢崎        36.314  139.185     0     0     0             0    <0.5
  YMTH04  上山          38.081  140.298     0     0     0             0    <0.5
  FKSH05  下郷          37.254  139.873     0     0     0             0    <0.5
  KNGH10  横浜          35.499  139.519     0     0     0             0    <0.5
  IBRH19  つくば        36.214  140.089     0     0     0             0    <0.5
  NIGH11  川西          37.173  138.744     0     0     0             0    <0.5
  TCGH09  矢板          36.862  139.836     0     0     0             0    <0.5
  GNMH11  富岡          36.286  138.921     0     0     0             0    <0.5
  YMTH13  朝日          38.470  139.761     0     0     0             0    <0.5
  KNGH20  松田          35.366  139.126     0     0     0             0    <0.5
  KNGH23  葉山          35.262  139.611     0     0     0             0    <0.5
  SZOH54  初島2         35.042  139.168     0     0     0             0    <0.5